FID,CV200320,CV200401,CV200407,CV200416,CV200423,CV200430,CV200507,CV200514,CV200520,CV200528,CV200604,CV200611,CV200618,CV200624,CV200702,CV200707,CV200715,CV200721,CV200730,CV200805
"3869",-2.95577362060573,4.08363586425818,-0.360770950317415,7.13137207031314,6.22954956054743,11.0964501953135,19.999611816408,24.3440112304709,40.1447070312536,67.440527343754,64.1627490234375,65.301279296875,70.494443359375,67.880986328127,56.7968749999967,57.3943994140591,36.9454028320335,38.2437573242199,37.8762207031217,-3.71161865234343
"3870",-3.08299865722684,4.01235046386755,-0.611303062439019,6.75204467773498,5.49711425781299,10.6125378417978,18.6317211914079,22.0080029296895,37.4379907226596,63.4159960937538,59.65228515625,61.0408544921875,65.963623046875,64.0585742187519,54.1992285156218,54.6588183593718,34.5114331054708,36.0443212890636,35.0675830078094,-3.69369323730437
"3871",-3.09121917724637,4.43127075195352,-0.402161941528356,7.14051452636783,5.68469543457082,11.1027490234385,18.7145922851579,23.0505273437521,38.6144506835972,62.4669677734412,59.5867333984375,61.467626953125,64.941318359375,63.8198583984394,52.4548925781219,53.2021044921843,34.1713134765645,34.9509130859385,33.920468749997,-3.29942138671846
"3872",-3.21135528564482,4.95915374755904,-0.439858627319375,6.88784118652405,6.1321606445318,11.7633996582042,20.0401062011737,24.7023144531272,41.3628222656287,68.5300195312541,66.1562060546875,72.710244140625,72.5138232421875,70.5929492187521,56.4841601562467,56.8325244140591,37.9845312500023,37.7624560546886,36.4128027343718,-2.31495971679667
"3873",-3.26045349121123,4.49690002441446,-1.33640274047863,4.92753936767622,3.19317871093779,8.55732299804764,16.6554211425796,23.2583496093771,41.9909033203162,73.5327636718794,74.63318359375,86.880400390625,85.71640625,84.2269140625024,74.6273242187456,73.1285595703082,48.8207128906279,42.5067919921887,44.3555224609336,-2.06592376708966
"3874",-3.35576477050811,4.26709411621132,-1.81220016479508,3.79362945556674,1.54525848388686,6.86487915039124,13.9916821289075,20.6313159179706,40.3490820312536,72.5390332031293,74.63765625,87.48048828125,86.611748046875,86.8845507812525,82.0676953124952,80.8592480468702,59.2444921875035,42.6719335937512,51.6900195312455,-2.08539428710919
"3875",-3.28834594726592,4.2540734863285,-1.74509292602555,3.40756286621124,1.24530586242687,5.87647888183646,12.7752770996105,19.984123535158,39.2894335937535,71.3226464843792,74.143525390625,87.03203125,86.721787109375,87.2399707031275,84.6002539062451,82.5171484374951,62.6272949218788,42.3584082031262,51.345043945308,-1.84443191528304
"3876",-3.17595092773466,4.72265441894573,-1.5677186584474,3.75454467773471,1.85776977539079,6.6766064453131,13.7627380371106,21.3987646484394,41.2351562500037,73.2198730468793,76.95203125,88.462490234375,90.45287109375,90.1978906250026,86.6414648437449,84.681113281245,65.6689257812539,44.7063964843763,54.2836718749953,-1.42696258544909
"3877",-3.14793060302762,4.49998077392618,-1.93197662353533,3.26224853515654,1.83236495971696,5.45938415527392,12.5763195800792,19.3582336425799,39.3270727539098,73.5665917968794,76.6508935546875,88.589921875,91.1518359375,92.1814941406277,89.9310937499947,88.2170410156198,70.2579785156292,48.8094287109389,56.93096679687,-1.20666702270497
"3878",-3.07202606201199,4.47232666015665,-2.08067871093769,3.5015106201175,2.15523162841816,5.30539916992235,11.643837890626,19.6042065429705,39.3008984375035,73.2935791015668,77.231875,89.79607421875,95.382705078125,97.1603808593778,97.9232910156193,95.6587695312443,77.7090527343797,55.7904101562516,57.2900244140575,-1.05708091735831
"3879",-3.16948242187528,3.96268524169957,-1.96368011474627,3.34959899902374,2.14536666870136,4.904727172852,10.9160522460947,18.4985620117204,37.9854931640659,72.6483789062543,76.6624658203125,87.984228515625,93.988681640625,95.3702539062528,95.2719433593694,93.2677343749945,76.8737060546921,51.8130566406265,55.7371337890576,-1.28918365478504
"3880",-3.23194061279326,3.70476257324252,-1.92305770874041,3.63716491699251,2.2292756652834,5.57192565918018,12.6284521484386,20.1552392578143,40.1247680664098,75.280795898442,78.4851953125,87.64396484375,92.2944921875,93.1350390625027,92.3410937499946,90.6324023437446,74.710649414067,45.2562792968763,56.1734423828076,-0.906553039550702
"3881",-3.27425231933623,3.36169097900421,-2.28272048950216,3.02433471679714,1.39705871582044,3.53260345459016,8.19745727539136,14.8320471191419,36.1266259765657,66.863193359379,70.087109375,78.0583984375,84.5800390625,86.3383007812525,84.932968749995,83.58057617187,65.7663232421914,33.8695629882822,46.4766992187459,-0.685748901367128
"3882",-3.43140380859406,3.29421234130889,-2.49236633300804,2.71404876709009,1.37613189697278,2.99803344726589,7.45488037109442,13.7149438476575,33.2106591796905,61.5370263671911,64.8316796875,71.8799951171875,78.658671875,81.7962695312524,80.4158105468703,79.4467333984328,62.5198291015662,34.9935766601573,44.9040283203086,-1.17795700073232
"3883",-3.38954711914093,3.34525512695342,-1.8089739990236,4.05584350585974,3.95699035644567,9.19415649414145,17.2596594238297,24.7949731445335,46.4940722656291,74.4076123046919,77.305615234375,80.192451171875,83.94390625,85.2070703125025,80.7516210937453,78.1712939453079,60.6838574218786,45.8757421875013,51.445405273433,-2.01925186157209
"3884",-3.39361083984405,3.0351086425784,-1.94874526977556,3.24876892089873,3.14825134277372,7.51205627441473,15.6893676757826,23.6296704101584,45.022509765629,74.5744531250044,78.648125,81.911396484375,86.745908203125,87.9337988281275,83.0277929687451,78.3513330078079,60.8881835937536,47.6369628906264,52.8076904296829,-2.23453765869121
"3885",-3.35595001220733,2.8881259155276,-2.07106918334979,3.4509848022464,2.98426330566433,7.53333801269598,15.474615478517,23.6400170898459,44.1264013671914,73.2030371093793,77.876259765625,82.1790625,86.63111328125,87.9694726562525,83.3118261718701,78.9864062499953,62.4682275390662,48.5259667968764,51.6582812499955,-2.31594512939433
"3886",-3.38699462890655,2.86934509277369,-1.84237228393571,3.76133789062533,3.66540924072298,8.02573364257884,16.7291333007827,23.9847436523459,45.000175781254,73.7349853515669,78.55232421875,82.805537109375,86.76490234375,87.4269433593775,81.5045898437452,76.298754882808,59.2419042968785,46.5718017578139,50.1509033203081,-2.79940246582007
"3887",-3.3403823852542,2.88515441894557,-1.75752029418961,4.10040069580115,3.6788986206058,8.33583251953199,16.8273217773453,24.6612915039085,45.154775390629,75.5785253906295,80.67771484375,86.54291015625,90.83220703125,91.6670507812527,86.9382812499949,81.7082714843702,66.1177294921914,48.7094726562514,52.9510742187454,-2.99098785400365
"3888",-3.41671539306671,2.68479309082055,-1.71586456298843,3.95296051025426,3.68940093994174,8.31868164062574,16.3892565917983,24.5176293945334,44.8525732421915,75.7638476562545,80.71162109375,86.712763671875,90.302158203125,91.0622558593776,87.2859570312449,81.5013232421827,66.8889306640665,48.5117773437514,52.2480029296829,-2.82419250488257
"3889",-3.46988769531281,2.76280609130884,-1.55384963989272,4.41731384277383,4.53183715820353,9.78169006347744,18.3696777343766,26.8441333007836,46.7820507812542,77.2561669921921,82.062998046875,88.49658203125,92.3405859375,92.3313085937527,89.9255761718697,83.0925292968701,69.3181787109416,51.5431640625015,54.8507861328077,-3.05729156494114
"3890",-3.48690429687531,2.54646286010765,-1.90282028198259,3.52260070800813,3.26397430419951,8.70020751953203,16.1928234863296,24.4687988281272,45.4579199218791,75.337856445317,81.4479833984375,88.626044921875,95.335625,95.4807031250028,95.8052343749944,89.4383203124947,76.4710839843796,56.7856298828142,56.1046582031201,-3.10330596923801
"3891",-3.50171661376984,2.55784118652367,-2.02403198242206,2.64044799804711,2.38899566650412,7.45101684570379,15.5340869140639,24.7114355468772,44.848759765629,76.0575000000045,81.45548828125,89.44357421875,96.7188671875,96.1903906250028,95.6912402343694,88.8298730468697,76.0113476562545,55.9241748046891,54.8355810546827,-3.12178466796848
"3892",-3.5311868286136,2.51919860839866,-2.35375579834005,2.35359924316427,2.16729995727558,7.67304748535225,14.6934912109388,23.7189257812521,43.3122021484414,74.5696972656294,80.77693359375,87.981796875,95.263984375,95.4560937500028,94.4624902343695,89.0539648437447,74.3142382812544,53.3052099609391,54.9273632812452,-2.25777877807597
"3893",-3.4585516357425,2.49437408447288,-2.2668896484377,2.10352111816425,2.08928665161151,7.78961120605538,15.5803100585951,24.8834716796897,44.7940869140665,75.5655761718795,81.8901953125,87.998955078125,96.804853515625,96.5804882812528,96.4544921874944,91.2077832031196,77.0252246093796,52.6070996093765,55.5886328124951,-2.22808288574199
"3894",-3.45771026611359,2.48159820556663,-2.58962219238304,1.93880798339861,2.11340072631855,6.55203613281308,13.0395410156262,22.1449389648457,41.0753710937537,71.1848730468792,78.926171875,86.06951171875,95.70578125,96.0361230468778,97.1765820312443,90.8621093749946,78.7474316406297,53.4226074218766,54.8052636718702,-1.92596740722639
"3895",-3.59644653320345,2.57430084228539,-2.30677871704122,2.34462265014669,2.38873214721701,8.13737304687573,15.9527807617202,24.4608544921897,45.4239355468791,77.1350830078171,84.066103515625,91.225244140625,100.779677734375,100.963740234378,102.598554687494,97.1701464843692,85.0928710937551,55.5788818359391,58.3861425781199,-1.55447433471666
"3896",-3.80624176025425,2.62116149902367,-2.2412727355959,2.54878723144554,3.12339355468778,7.80467163086007,16.0086486816421,25.0748754882835,44.451572265629,74.3526464843794,81.3336279296875,88.6901953125,96.83080078125,96.5401953125028,96.6754687499944,89.2884179687447,75.871811523442,52.738305664064,55.4100097656202,-2.14089950561505
"3897",-3.79800720214878,2.60861114501976,-2.47925567626975,2.04714248657245,2.57035736084007,6.05419921875054,13.4213891601574,21.3462988281269,40.9188842773474,71.1204931640667,79.48767578125,88.854423828125,95.274501953125,95.9104394531278,97.5115332031193,91.0319335937446,77.1541503906296,52.9718212890641,55.0279150390577,-2.35850051879862
"3898",-3.9843075561527,2.54001144409202,-2.6051129150393,2.00715011596698,2.33807830810568,5.67514343261769,13.8851171875012,21.964960937502,41.9034667968787,72.2335400390668,80.661416015625,88.896376953125,95.8236328125,96.1674609375028,97.0390917968693,90.6234960937446,76.2711230468796,52.581303710939,54.9189501953077,-2.43350646972635
"3899",-3.98410125732457,2.44692749023459,-2.74549011230493,2.61082946777367,2.3469093322756,5.5489355468755,13.8521032714856,21.2102050781269,40.8495922851599,71.6479980468793,79.32458984375,88.42416015625,93.840048828125,94.2367285156277,92.8626171874946,86.8772558593699,71.2366406250043,48.5459667968764,52.1140429687454,-2.4360968017576
"3900",-4.15957000732459,2.48480895996116,-2.68622833251977,2.61107208251976,2.19790924072285,6.29498535156306,14.43889404297,22.4187182617207,42.4936865234413,74.8935888671919,81.462763671875,90.5521484375,94.12365234375,94.3783984375027,89.6074804687448,81.4259082031202,55.9772802734408,45.7753564453138,43.4537402343712,-1.98706726074201
"3901",-4.32288085937539,2.51398071289085,-2.6848770141604,3.09152282714871,2.81568511962916,7.13452575683657,14.5326135253919,22.5675830078145,42.6500195312538,72.7256445312543,79.75662109375,87.22060546875,88.875205078125,87.3620312500025,66.2029003906211,59.1022265624965,32.2355615234394,37.8728271484386,29.6526586914037,-0.923329849243083
"3902",-4.27098205566444,2.95979888916042,-1.63567230224624,5.4404425048833,6.05620056152398,12.3040270996105,20.1326037597674,27.3029565429712,47.1795214843792,75.387700195317,81.1151416015625,86.71552734375,85.366962890625,82.1977539062524,60.9344189453089,55.3216894531217,36.1236230468772,42.1973535156262,31.5517724609347,-1.29597457885731
"3903",-4.40909423828164,3.54631408691438,-1.08249877929697,6.66564819335997,8.52926391601638,14.7895227050794,23.6785546875021,29.6182568359401,47.5254248046917,75.2927539062545,79.767744140625,83.42392578125,81.2268359375,77.3839062500022,52.9840283203094,51.042802734372,35.8929565429709,42.0563769531262,32.8813696289034,-1.31354751586903
"3904",-4.46954559326212,3.47796386718781,-1.05387092590341,6.7685205078131,9.33085083007896,15.6323120117201,22.9409790039083,28.9349462890651,44.658730468754,69.4937792968791,73.8402734375,76.520791015625,74.4087353515625,71.4411621093771,46.9936035156223,45.1090527343723,33.5153857421895,40.1874707031262,31.8572216796847,-1.35602172851551
"3905",-4.56383514404338,3.52741271972688,-1.25836708068859,6.26389465332087,9.13737609863363,15.029156494142,23.1603979492208,28.5982397460963,44.8430322265665,71.0215527343792,74.7196142578125,78.61845703125,76.6530859375,74.7350097656272,64.5088671874962,58.6672656249965,39.8419848632836,43.0439062500013,37.399592285153,-2.20954528808574
"3906",-4.58036254882853,3.56388824462922,-1.2307374572755,6.17259155273493,8.98321533203205,15.8805468750014,24.3652734375022,29.1401220703151,47.2495849609417,72.9699902343793,77.458369140625,82.09626953125,81.0054443359375,79.7320117187523,73.2693945312457,68.4628417968709,50.677753906253,46.7351123046889,44.1328857421836,-2.48276611328103
"3907",-4.57618041992228,3.46962982177765,-1.36795333862317,6.68349487304747,9.97763732910245,17.1109741210953,25.0177880859397,29.8732421875027,47.9871728515668,72.9171679687543,76.578173828125,81.5255078125,80.976748046875,79.1870996093773,75.2956249999956,70.4279199218708,54.7706005859408,47.4580859375014,46.9365771484334,-3.65559143066374
"3908",-4.60273376464885,3.20146728515654,-1.50061599731459,7.06923583984438,9.43009033203209,17.0662988281265,23.2191894531271,27.6482934570337,44.218642578129,66.5029394531289,71.2068310546875,74.985126953125,74.3915185546875,72.7125976562521,68.247792968746,63.8348193359337,48.9763916015654,44.1733398437513,41.2651660156214,-2.90867218017553
"3909",-4.63374114990276,3.0689807128909,-1.52238464355482,6.94184265136781,8.83833251953204,17.6288928222672,22.7916723632833,28.4545532226588,45.197158203129,67.1331787109415,72.55935546875,76.417509765625,76.0921826171875,73.9923583984396,68.678701171871,63.9178369140587,49.667343750003,45.1419726562513,41.9810449218713,-2.19869857788067
"3910",-4.66796783447307,3.0715002441409,-1.5271815490724,6.77406372070373,9.17407104492269,17.4045117187516,21.8756713867207,27.67171386719,43.7071240234414,65.4334667968789,70.8874560546875,75.310927734375,75.306123046875,72.8962255859396,67.556640624996,63.0782714843713,47.1366503906278,43.4367187500013,40.1066210937465,-3.71888854980436
"3911",-4.6182391357426,2.18071594238301,-2.92329589843776,3.64393463134798,5.18132385253952,13.0538183593762,19.3784741210955,28.5691430664088,46.2591992187541,72.5679785156293,79.193388671875,86.10341796875,85.491220703125,83.7588183593774,79.4362646484329,74.2968554687456,53.8390966796907,46.7015722656264,46.1274853515585,-2.29746185302714
"3912",-4.92699340820356,1.76167221069352,-3.95325836181676,0.845390090942458,1.60306274414077,7.41846435546941,13.0166540527355,23.2484472656271,40.1042822265661,69.1926171875041,76.730556640625,85.05892578125,86.06400390625,85.2475000000025,83.0955859374951,78.7633154296828,59.6658935546911,46.0866650390638,47.3903662109334,-2.59499450683571
"3913",-4.861592407227,1.45832305908216,-4.28680725097694,0.578609619140677,1.83125198364274,7.15818847656314,12.2479699707042,22.9075024414083,40.2472387695348,68.6481542968791,77.96015625,88.345263671875,88.920556640625,87.8490625000025,85.204238281245,81.2836962890577,62.4240917968787,46.8880761718764,50.6539501953081,-2.68869995117164
"3914",-4.86913391113325,1.63229156494155,-4.13646423339881,0.719326477050845,2.01909942626971,7.44424072265691,12.2645996093761,22.522324218752,39.1488159179722,65.9545703125039,75.5257421875,84.83732421875,86.00919921875,84.7905273437525,81.6273632812452,77.4931005859329,57.1398291015659,44.4099902343763,46.1762548828085,-2.46194915771463
"3915",-4.96514953613326,1.54294906616225,-4.32177337646523,1.16809921264659,3.0294494628909,7.21478881836002,12.497098388673,21.989785156252,38.3964233398472,62.9620312500037,73.123876953125,81.537490234375,83.549873046875,82.1054980468774,77.351840820308,74.0078662109331,50.3733056640655,41.6142675781262,43.6207666015587,-2.9231826782224
"3916",-4.8499957275395,1.65675354003921,-4.13475952148474,1.14510726928721,2.65992431640649,6.74502197265685,12.4627868652355,22.4036401367207,41.1785839843787,65.7716748046914,76.89033203125,84.83888671875,89.417060546875,87.4568750000025,85.41624023437,81.4779199218702,61.4916650390662,49.2592236328139,49.4751416015582,-2.35406646728495
"3917",-5.08363250732467,1.74058105468766,-3.75018646240268,2.5716003417971,4.50954956054728,9.13666259765707,15.4942211914076,25.0444335937522,43.6819287109414,67.716210937504,78.1269677734375,82.258203125,87.9226171875,84.3060937500024,80.8526757812453,75.807934570308,56.4210449218784,45.7547509765638,49.1446093749957,-2.49363830566385
"3918",-4.81009704589887,1.94140945434588,-3.43774993896515,3.30404724121123,5.42919555664111,9.27398376464926,14.8609545898451,23.8907958984396,43.3776074218789,65.4743945312539,77.0321533203125,81.143291015625,87.824365234375,84.5360546875024,81.4063183593702,76.9862890624954,54.8387353515658,45.4196972656263,47.3271289062459,-2.2394857788084
"3919",-4.7967712402348,1.86891128540056,-3.68097473144564,2.5531677246096,4.29223785400429,7.87574340820383,14.3453320312513,23.8230419921896,44.1470312500039,66.4651367187539,77.8594140625,82.02390625,90.82072265625,87.4573828125025,83.9504296874951,78.3055175781204,54.5284521484408,46.3763476562514,45.6971728515585,-1.95233718872053
"3920",-4.59023010253947,2.54441085815452,-2.61799285888695,5.83645996093802,8.2186822509773,13.1643005371106,20.3024658203143,26.8253173828149,46.3250000000041,66.5126074218789,76.3365673828125,76.7236328125,82.59923828125,78.6281005859398,73.9537207031207,68.5195214843709,51.9681689453156,46.5540722656264,46.5215966796834,-2.43960403442362
"3921",-4.59759674072307,2.60610229492211,-2.53415252685569,5.51306884765674,8.19000122070386,12.341219482423,19.4024194335955,26.2506396484398,45.4937792968791,63.1450976562537,74.13525390625,74.3038623046875,80.003701171875,77.3519433593772,74.9975976562456,69.5230761718709,53.0081787109407,45.4388769531263,45.941552734371,-2.74648468017554
"3922",-4.6283465576176,2.1471499633791,-3.5980895996097,3.2014743041995,4.8364376831059,9.13763000488363,17.0644116210953,25.8539160156273,47.1503710937542,66.1312500000039,77.694208984375,79.39056640625,86.5331640625,84.3575488281274,82.1408789062452,76.455961914058,60.7081201171911,49.0382128906264,50.1402587890581,-2.95097473144506
"3923",-4.47486877441446,2.12594116210956,-3.52453704834016,1.82700927734391,3.52468414306672,8.59054565429764,17.3395812988297,26.1736376953148,47.5866992187542,68.2731982421915,79.05484375,79.462490234375,87.6299609375,85.3529492187525,82.4963183593702,77.3903906249954,58.782436523441,48.0514306640639,50.5876757812456,-2.89189453124975
"3924",-4.83377868652387,1.74552062988297,-3.97293762207067,1.60371414184585,3.15248931884794,8.19836303711011,16.8295690917984,25.0072802734397,44.8862744140665,63.9194042968788,74.8573291015625,76.190380859375,83.571796875,80.8035449218773,76.5488964843705,72.5697216796832,52.2799267578156,46.0356347656263,45.6483349609335,-3.28133666992159
"3925",-4.57137145996135,1.99330352783221,-4.15082702636756,0.956547088623132,2.01585327148456,5.60901306152394,13.5829809570325,21.4829833984394,41.3359082031287,63.1327246093787,75.617158203125,78.4074072265625,86.029326171875,83.2125488281274,78.2462792968704,72.7496874999957,50.795087890628,43.2604052734388,45.2729589843711,-2.7593939208982
"3926",-4.72964904785198,2.05864608764667,-3.74530029296908,2.23826446533223,4.0917083740238,8.75998596191485,17.0933984375015,24.6791357421897,44.611718750004,64.6512646484413,75.287099609375,77.5942578125,83.4234765625,79.5390087890648,69.7528369140584,64.0340820312462,40.5885058593774,41.4596826171887,38.7363793945279,-2.46791625976541
"3927",-4.72102020263714,1.99434143066424,-3.9334008789066,1.62511352539077,3.34859069824249,6.68926879882872,14.3153332519544,22.636523437502,42.3848925781288,63.1930859375037,74.816904296875,77.751708984375,84.705341796875,81.7904687500024,76.1229785156205,71.0345117187458,50.7192529296905,42.0602783203137,42.8291259765588,-3.11683074951145
"3928",-4.75196716308636,1.93148101806658,-4.24984924316444,0.915608367920004,2.43737152099631,5.7031610107427,12.4579907226574,21.3573022460957,42.1985009765663,64.7775976562538,76.100068359375,79.665048828125,86.912578125,83.9703027343774,82.0583886718702,76.7487304687454,56.6659716796909,44.8364160156263,47.5695947265583,-3.02455200195286
"3929",-5.00224700927779,1.73229705810562,-4.57093688964885,0.429056243896523,1.82455200195329,4.84678527832074,11.5224731445323,21.4181518554707,43.2666308593789,64.4529882812538,74.760888671875,78.282138671875,85.300869140625,83.2579687500024,81.1868310546828,75.8667187499955,53.3661425781282,43.3720507812513,46.4211962890585,-3.45210144042939
"3930",-4.89251098632856,1.96231475830096,-4.39039123535195,0.587747993469291,2.37801391601584,5.75416259765676,12.8301135253918,23.4631640625021,45.1864208984415,68.485058593754,77.691142578125,80.606494140625,88.835595703125,86.3177343750025,84.4493164062451,79.6115332031203,60.8084277343786,45.4615576171888,48.9584570312457,-3.64613830566375
"3931",-4.89590728759809,2.15666259765644,-3.78805206298862,2.85994537353541,5.37937255859423,9.76311584472743,16.0681506347671,25.018562011721,43.7268457031289,67.183203125004,74.2665966796875,74.92046875,82.16806640625,79.1353515625023,75.7219775390581,70.7315087890583,52.4688281250031,43.9672851562513,46.0121240234335,-3.51888763427704
"3932",-4.77177581787152,2.36441955566427,-3.57551971435579,3.26818847656279,5.99191406250053,10.785605468751,18.4418701171891,28.7253881835963,49.7731542968794,71.8144091796918,80.0513671875,81.292373046875,88.528828125,85.5118457031275,83.0016992187451,77.5435009765579,58.039692382816,48.6147949218764,51.1430566406205,-3.80056762695279
"3933",-4.98804626464888,2.39627471923849,-3.62380828857454,3.7167486572269,6.82863769531311,11.4888720703135,18.8465332031267,28.3442700195338,47.7914648437543,68.8427197265666,76.59771484375,76.05771484375,81.7955859375,79.1001855468773,70.6910156249959,65.1812841796836,48.0058984375029,44.3653222656263,42.4345410156213,-3.90593505859341
"3934",-4.73849334716839,2.72798126220727,-2.98532562255886,4.92372650146528,7.64124084472724,12.4016967773449,18.6864721679704,27.4205786132837,45.307050781254,65.9725878906289,72.60267578125,71.062529296875,75.79259765625,72.7967871093771,65.1049853515587,59.333940429684,44.3480371093776,41.7248339843762,39.2701562499966,-3.59578918457
"3935",-4.73502380371136,3.11728576660184,-2.27143493652364,6.69510864257872,9.40453979492271,14.5637915039075,21.0741479492206,29.1408886718776,47.1536279296917,67.394443359379,74.376787109375,73.555244140625,78.268662109375,74.7486035156272,71.1826318359333,66.0062207031211,52.0172509765656,44.5222509765638,45.636279296871,-3.50438995361298
"3936",-4.78150909423871,2.86057769775416,-2.58125915527367,6.74570678710998,9.97659667968839,15.5159838867201,22.535693359377,31.1135351562528,49.4832470703169,69.2784179687541,76.10265625,73.075107421875,77.208349609375,73.7537597656271,67.7665185546835,62.8746630859338,47.4513818359403,45.8422021484388,43.5838720703087,-3.99761596679653
"3937",-4.80494781494183,2.73550659179712,-2.6882086181643,6.24582641601618,9.44405395507897,15.2252941894545,22.1458349609395,31.7402392578153,52.3800585937547,71.9448730468793,77.7192138671875,75.218720703125,80.109580078125,75.8193066406272,71.4382714843708,66.795771484371,52.0979638671906,47.1782666015639,46.296113281246,-3.91207031249966
"3938",-5.05287597656295,2.46330734252952,-2.72412963867212,6.9106268310553,10.3739257812509,16.4508984375015,22.182421875002,32.1852783203154,52.8829052734422,72.6560546875043,78.099736328125,77.3852392578125,80.2848388671875,76.5569140625022,71.0748828124958,66.1072363281211,52.0773193359406,46.8199414062514,45.577041015621,-4.5062826538082
"3939",-4.67917633056682,2.80229919433619,-2.46526870727561,7.27573242187565,10.7854760742197,16.9279016113296,21.0264550781269,31.3567285156278,49.4314746093794,69.4445654296916,74.92908203125,74.024560546875,75.7348193359375,71.1934619140646,65.3497851562462,60.4717236328089,47.3540332031278,44.8559765625013,42.9728173828087,-4.56523254394491
"3940",-4.84731323242231,2.48774169921897,-2.79223968505884,6.93162231445374,10.3213220214853,17.0964453125015,20.3917346191424,30.8362670898465,48.5229150390668,68.1083056640665,74.34392578125,73.3295556640625,75.7686181640625,71.2959082031271,65.1607519531212,60.4256152343714,46.3555957031278,44.2081445312513,42.0652148437463,-4.35675964355431
"3941",-4.54463958740275,2.84733764648463,-2.44511398315451,6.98119140625062,9.74158203125087,16.328051757814,18.7556457519548,30.2466601562527,47.9674267578168,68.5974609375041,74.737705078125,73.7925048828125,76.97521484375,71.9301269531271,64.6335253906212,59.5208886718715,46.1315234375028,43.5849511718763,41.2061132812464,-4.17260131835901
"3942",-4.59560058593791,2.97869384765652,-2.29665740966817,7.47527832031317,10.6452392578134,17.0054101562515,19.4216052246111,30.5813476562527,48.7839990234419,69.0388964843791,74.8809716796875,74.4231396484375,76.4817578125,71.6339599609396,65.6128222656212,60.7296093749964,47.7420556640654,44.6478125000013,42.7334277343713,-4.53180419921835
"3943",-4.59914489746135,2.87085815429713,-2.52552520751976,7.30658386230534,10.1757678222665,16.7783496093765,20.1485510253924,30.9192236328153,50.3614453125045,70.3507812500042,75.7724853515625,75.607431640625,78.2434521484375,73.7315039062521,66.9154980468711,61.4581689453089,48.7398242187529,45.3970361328138,42.9860742187462,-4.73423858642537
"3944",-4.51694488525431,2.94038665771511,-2.50985626220726,6.98781677246156,10.4226245117197,16.3672045898452,19.9331616210955,31.1183203125028,50.0834667968795,70.6604882812542,76.427138671875,75.33697265625,78.2975439453125,72.5708056640646,60.0606542968715,55.3272021484342,43.1210986328151,44.4484375000013,39.3680004882778,-3.47723327636688
"3945",-4.6625262451176,2.73655883789087,-3.00322937011746,6.31327148437556,9.51855895996179,14.7755676269544,19.5350854492205,31.1025927734403,50.793520507817,72.2062304687543,77.9704443359375,78.446943359375,81.98283203125,75.6610253906272,62.8030957031213,57.7974707031216,45.2196533203152,44.6836962890638,41.2087207031214,-3.91874664306606
"3946",-4.32175384521523,2.80418579101587,-2.58119659423851,6.69873779296935,10.0007409667978,14.5067871093763,18.6298071289079,29.4483520507839,47.5834375000042,68.8683642578166,74.3073681640625,74.4433349609375,77.48490234375,71.5231982421896,62.7936230468713,56.9169140624966,45.3300878906277,43.4675244140638,41.3573291015589,-4.83572204589801
"3947",-4.65865692138713,2.5047024536135,-2.97465057373073,5.83857543945365,9.65899658203211,13.4801403808606,17.6034289550797,28.2650292968775,45.8389013671916,65.7539355468789,71.262138671875,71.3108642578125,75.325419921875,69.8148291015645,61.8825390624964,56.4508789062467,43.6063134765651,41.8989990234387,40.6864721679652,-4.85696929931598
"3948",-4.36837738037148,2.86272796630885,-2.55205856323265,6.29694824218806,9.6766595458993,13.0314770507824,17.676156005861,27.82524902344,46.1651708984416,65.5047021484414,70.643623046875,71.990947265625,73.98349609375,69.222304687502,62.0643896484339,56.9500585937466,44.1842968750026,41.7052441406262,41.0555078124964,-4.6955010986324
"3949",-4.59103637695353,2.73848724365259,-2.83848785400416,5.77369018554739,9.84364074707119,12.9787854003918,18.2035327148454,28.2237036132838,46.5073242187541,67.347080078129,71.7518212890625,73.50822265625,75.27205078125,71.1248632812521,64.2635595703087,59.2191308593715,47.2671923828153,43.7104296875013,43.4476611328087,-5.04997833251909
"3950",-4.43093658447305,2.73398284912134,-2.65494476318383,5.36141662597704,9.49094787597741,13.3235168457043,18.2614831542985,28.1081054687525,46.2001660156291,66.784335937504,70.58044921875,72.5174560546875,74.2016357421875,69.986103515627,63.9993505859338,59.2295214843715,47.1379052734403,43.1068359375013,43.1782714843712,-5.3308306884761
"3951",-4.54631774902384,2.58592254638695,-2.68640228271508,5.14714355468796,8.79560913086016,12.9398693847668,17.4737316894547,27.1252099609399,45.3888183593791,66.8851611328165,70.70470703125,73.108515625,73.8450830078125,69.476689453127,61.6132666015589,56.3204394531217,44.9480273437527,42.4260498046887,41.6118408203089,-4.96157806396441
"3952",-4.52119995117228,2.42395950317404,-2.88113891601588,5.33713256835985,9.11333251953206,13.2997717285168,17.7446789550797,26.2382617187523,44.508789062504,65.7812646484414,69.3625830078125,72.0526416015625,73.020537109375,68.918291015627,62.5573535156213,57.3185742187466,45.3937841796902,41.5981250000012,41.0335839843714,-4.95029022216754
"3953",-4.36210937500039,2.54753280639671,-2.46789382934592,5.31082397460985,9.27696594238364,13.5898095703137,20.1159545898455,28.03138183594,46.4935595703166,68.3228662109416,71.9623291015625,75.2406884765625,75.813447265625,70.4168310546895,62.4565527343713,56.5383789062467,44.8606054687527,42.6224023437512,40.1546704101527,-4.01457153320277
"3954",-4.42778991699258,2.46508377075217,-2.50828186035179,5.95196289062553,9.46414794921959,14.2374169921888,20.4348010253924,26.9761157226587,43.7037304687539,65.0707470703164,68.63666015625,70.542939453125,71.0117529296875,65.0609619140644,53.7050097656219,48.8263818359346,39.7206396484399,39.7331933593762,35.1830175781219,-3.82208374023404
"3955",-4.2359713745121,2.67390808105493,-2.12158035278339,6.18261840820368,9.23473693847739,14.6911315917982,21.6482153320332,28.532250976565,46.4651806640666,67.2298779296915,71.593984375,73.3910693359375,72.93869140625,66.9801660156269,50.7145947265595,48.2573339843721,39.6911791992211,40.7525341796887,34.2660131835908,-3.10514221191379
"3956",-4.3146481323246,2.44596130371115,-2.298361053467,6.18527709960993,8.82377197265704,13.7524707031262,20.8750146484394,27.0968066406274,44.3569970703165,64.5103808593788,69.42912109375,69.874609375,70.311171875,65.2885742187519,49.7197460937471,46.7895800781222,38.3931860351585,38.9650292968761,34.0837060546845,-3.48249847412079
"3957",-4.25635101318397,2.74343322753931,-1.96940826416033,6.70374145507872,9.6181781005868,14.7108142089857,22.667529296877,28.2957421875025,46.4484912109416,65.4277929687539,70.1790771484375,69.7019921875,69.925234375,64.5015332031269,49.9954541015596,47.1768115234347,39.0056396484398,40.0241796875012,34.9773339843719,-3.21025817871066
"3958",-4.19597839355506,2.78727844238306,-2.03021591186542,6.27998901367244,8.97614135742268,14.5676513671888,21.6090820312519,27.2355322265649,44.538378906254,62.8466503906287,67.406884765625,65.083095703125,65.781904296875,61.8712890625018,45.8574511718723,44.7440039062474,37.0245458984397,38.7555493164074,31.811052246091,-3.20052368164035
"3959",-4.30261108398476,2.71485778808618,-2.03456542968768,6.11673522949273,8.28570190429761,13.6210021972668,20.4808007812518,27.5717456054712,44.9043896484415,63.3110400390663,67.994765625,66.20791015625,66.1777587890625,61.5458007812518,46.8536669921848,43.7103369140599,37.5219628906272,38.6564990234386,32.5379443359347,-3.70136779785124
"3960",-4.18574645996131,2.91317443847682,-1.81380325317399,6.43579650878964,8.32337829589918,13.9400695800794,21.4855932617207,28.1611035156275,44.9528857421915,63.0728125000037,68.581669921875,67.7110791015625,67.4157080078125,62.1151367187518,46.2900537109348,45.2804589843723,37.8346728515648,38.9323388671886,32.6000781249972,-3.81851196289029
"3961",-4.25944519043007,2.75953918457056,-2.04560974121112,6.44750732421933,8.36789855957106,13.3527722167981,21.3658911132832,27.8926757812525,44.0951660156289,62.1042968750037,67.96263671875,67.96974609375,68.79828125,64.3540917968769,51.084189453122,47.8758154296847,37.714323730471,39.3269360351574,34.4914306640595,-4.25657958984338
"3962",-4.11485961914099,3.03512573242215,-1.96515167236346,6.55998229980527,8.48946899414138,13.5273791503918,22.1107299804707,28.8286572265651,43.9758496093789,62.9140429687537,67.54783203125,65.88642578125,66.945263671875,62.9261914062518,48.5945654296847,47.1229980468722,38.3190722656273,38.8930712890636,33.840917968747,-3.80434936523404
"3963",-4.28855255126991,2.71384521484399,-2.28309387207052,6.02653137207085,7.25313293457096,12.4424389648449,20.5500708007831,28.36620605469,42.7600097656288,61.6385058593786,67.52517578125,66.19498046875,67.04974609375,62.9040673828143,47.9647216796847,46.3512158203098,37.0587109375022,37.4310058593761,32.7051635742159,-3.78906494140592
"3964",-4.17883300781287,2.69394073486352,-2.42079681396506,5.50402587890674,6.09819091796929,11.4354553222666,19.7217626953143,27.1163720703149,41.7322851562537,61.6523535156287,68.374150390625,67.91546875,70.757451171875,65.6056835937519,51.569999999997,48.6030908203096,36.4505126953147,37.2248339843761,35.1302441406219,-3.24231018066378
"3965",-4.2979083251957,2.62150421142602,-2.2748324584963,5.89761901855521,6.05141967773492,11.7635974121104,19.766477050783,27.1449975585962,41.3427099609412,60.8325097656286,68.1369140625,66.90185546875,70.396025390625,63.7829736328143,50.0073339843721,46.4450390624973,35.3742138671896,36.6041357421886,33.6372998046846,-3.5355206298825
"3966",-4.42195556640664,2.39508392334006,-2.36520919799826,5.41137084960986,5.06283477783248,11.2198864746104,18.9650378417986,27.1764526367212,42.1937109375038,62.3394921875037,69.687666015625,70.219375,74.8386572265625,68.386093750002,56.3006494140592,51.7676953124969,38.1147412109398,37.1547851562511,37.1287841796843,-3.62714782714812
"3967",-4.28390655517616,2.67864044189477,-1.96186828613299,5.56552795410206,5.52967529296924,11.0730773925791,18.6179943847673,27.547973632815,41.6474755859412,62.8204980468787,69.989384765625,71.1714501953125,76.2315576171875,69.836113281252,59.3046582031215,55.1176562499967,41.0673437500025,38.6730712890636,38.5715917968716,-3.96641967773403
"3968",-4.40121673584024,2.54566894531273,-2.34664215087912,4.81039672851605,4.28321472168007,10.2620507812509,16.5134082031265,25.6732739257835,38.6721435546909,60.1439550781286,66.8049560546875,66.686484375,72.7372900390625,67.0876757812519,60.3759765624965,56.5386328124967,41.3695605468775,37.7654833984386,38.8048437499966,-4.86369323730426
"3969",-4.03473022460973,2.71728485107446,-2.00221954345721,3.71706207275424,2.08017578125019,4.55164367675822,9.49074035644616,17.1137268066422,27.2308471679712,49.3646630859404,57.1241796875,56.54763671875,61.7989404296875,56.4285644531266,48.2840576171847,47.6427343749972,30.1413867187518,27.6630908203133,29.5471508789037,-4.28708770751916
"3979",-3.06472808837918,3.70187469482455,-0.480356140136762,6.18701721191461,4.06947479248083,9.42000244140709,16.6944177246109,21.2248828125019,36.5659765625033,63.6823828125038,61.971474609375,61.5610693359375,67.276513671875,64.8532421875019,54.6620361328093,57.0754296874966,33.527812500002,36.7068847656261,35.2455517578094,-3.23287963867159
"3980",-2.98398590087917,3.89062164306675,-0.415191879272498,6.1244506835943,3.78603454589877,8.70645446777421,16.2814819335952,20.8648168945331,36.9441894531283,64.0024072265663,62.691923828125,63.1265576171875,68.323759765625,66.0713867187519,55.4475683593718,56.2664697265592,34.4455371093771,35.9349365234386,34.9895947265594,-3.10732391357395
"3981",-3.20652038574247,3.77130157470737,-0.646711425781308,5.80192321777395,3.6132507324222,8.85792968750079,15.6734912109389,20.3083508300799,36.447946777347,63.2868652343788,62.95626953125,67.4607470703125,69.05640625,67.421376953127,58.2479296874966,58.3051074218715,36.9760595703147,35.8928027343761,36.7602978515593,-3.09128845214817
"3982",-3.2990039062503,4.67983673095745,-0.267683010101342,6.21299682617243,5.03524444580123,11.0765270996104,18.3917663574235,23.2950537109396,41.3814111328162,68.7985253906291,67.7836376953125,77.8091650390625,74.8862548828125,73.6372363281271,66.1640820312461,65.1184228515586,45.3378027343777,41.3728906250012,41.0558251953089,-2.24729080200176
"3983",-3.38064819335968,4.28128417968788,-0.944972152710045,4.72814880371136,2.98653076171902,9.04353271484456,16.7545800781265,23.5141357421896,43.3920458984414,73.9034570312544,74.8528955078125,88.97298828125,85.736259765625,84.7935742187525,79.6437597656203,78.6486669921828,57.6240917968784,46.2920117187514,49.3663769531207,-1.88122344970687
"3984",-3.34109771728545,4.04308959960974,-1.54580764770522,3.21138153076201,0.391059837341343,4.70145935058636,10.8347155761728,16.9885607910171,37.5673437500034,68.8813085937541,72.3405615234375,86.908193359375,86.8123046875,86.1131542968775,83.4600878906201,82.1381933593701,62.0986669921912,45.2672460937513,49.3391015624957,-2.09369583129864
"3985",-3.41743621826202,3.94803527832067,-1.68280059814468,3.03010253906277,0.289156608581569,4.04288452148474,10.2533911132822,16.6421484375015,36.2564013671907,68.339384765629,72.6358642578125,91.259169921875,86.036162109375,86.1991113281275,84.1657617187451,82.1732128906201,62.4307519531287,45.0721142578138,49.8232519531207,-2.08791091918927
"3986",-3.25485748291045,4.16848083496131,-1.56504379272475,3.10767120361356,0.688776702880921,5.05748657226608,11.8941296386729,19.331057128908,40.1588671875036,73.2095898437543,78.08587890625,94.93380859375,92.944287109375,93.0328515625027,91.7398242187446,90.0180468749947,73.2993359375044,49.4735351562514,55.3669482421827,-1.59734222412095
"3987",-3.34361114501983,4.25403015136757,-1.75578277587906,3.06937652587918,1.01834831237802,4.91673095703169,11.7575158691417,18.1463403320329,39.5123803710973,73.5787792968794,77.436689453125,91.131005859375,92.719853515625,93.6471777343777,93.8589550781195,91.9088769531195,76.0951904296921,52.6414941406265,55.3254980468702,-1.55250289916979
"3988",-3.30098388671904,4.18491149902381,-2.02576751709002,2.8634594726565,1.08452423095713,3.6789538574222,8.84633361816485,15.9331762695327,35.4389843750032,69.8782519531291,74.7586572265625,87.3014453125,92.3737109375,94.0174414062527,95.1170996093694,93.3587304687445,76.8260937500046,53.3710839843766,54.0528320312453,-1.35930908203113
"3989",-3.14758789062528,4.17856109619178,-1.91894348144548,2.97514892578151,1.11533912658701,3.31413635253936,8.76374023437578,15.6761669921889,35.8816894531282,69.2931250000041,74.535,85.6308984375,91.4760546875,92.3323339843777,92.5624707031196,90.9407031249946,75.502202148442,51.766958007814,52.8377343749954,-1.10655548095693
"3990",-3.37042114257842,3.75556030273471,-2.13459091186543,2.88138366699244,0.334323387146026,1.94830596923846,6.24892028808649,13.2012365722668,32.6983911132842,65.3175781250039,69.2893505859375,76.412705078125,82.48380859375,83.1551269531274,81.1549658203078,81.1000781249952,62.4438964843787,33.8505053710947,45.341279296871,-1.10043899536123
"3991",-3.1732321166995,3.80415161132846,-2.19112167358418,2.68677551269555,0.610281028747613,2.09062133789081,6.4468127441412,12.9362731933605,33.2284545898467,62.8888525390662,65.7775048828125,72.2935009765625,78.66177734375,80.2178515625023,79.1617919921829,78.5598046874953,59.9226074218786,35.8512475585948,43.2872753906212,-0.662283554077091
"3992",-3.4644369506839,3.51709869384797,-1.99947845459002,3.17719238281278,1.84463531494157,5.10513488769577,11.6485168457042,18.4938281250017,40.1379638671911,71.9526074218793,76.8769482421875,83.281220703125,87.81841796875,88.5912792968776,87.5558496093699,84.881816406245,70.1380957031292,48.2121484375014,52.2108007812454,-1.62369903564439
"3993",-3.37767761230499,3.18765899658232,-1.91399978637712,3.13136108398465,2.01798507690448,5.62907165527394,12.6052978515636,20.4943090820331,41.9115625000037,70.9376269531292,76.013935546875,81.227822265625,86.3676171875,87.1587109375025,83.8212499999951,80.9316845703077,64.6244628906289,45.6031738281263,51.0811523437455,-2.0117239379881
"3994",-3.4125927734378,2.94039642334011,-2.1406492614748,2.7316006469729,1.59233551025405,4.40270874023477,10.8849841308603,18.9215649414079,39.6236328125035,68.330947265629,74.822060546875,79.8173828125,84.17189453125,85.4086621093775,81.9712402343702,77.5369384765579,58.6082128906285,44.8973583984388,49.1430126953082,-2.21304336547832
"3995",-3.37136840820343,2.76157043457056,-2.0193649291994,2.98679321289089,2.01521911621112,5.54136169433643,11.6659619140635,19.7694885253924,40.4023339843786,69.4613183593791,75.5003515625,79.96185546875,84.212109375,84.4442968750025,80.1675976562453,75.1422412109331,56.8897363281284,44.2613964843763,48.5019433593708,-2.16342346191387
"3996",-3.29546936035186,2.88888824462916,-2.01876480102557,2.77157226562525,2.02324264526385,5.31223999023485,11.557490234376,19.7122570800799,40.2843896484411,68.3268408203165,73.8357763671875,76.8628515625,80.737626953125,80.3131347656273,74.0649707031207,69.3973925781209,49.0437695312529,41.5637207031262,42.7442138671838,-2.29469055175761
"3997",-3.41824340820343,2.6960748291018,-2.23192901611348,2.57051849365257,1.50310958862318,5.05129211425826,10.8686938476572,19.6056286621111,39.0394628906285,65.6056005859414,72.1579296875,76.767333984375,80.5084326171875,81.0169140625024,76.1179589843705,71.9900976562457,51.7887695312531,38.9152294921886,43.0350781249962,-2.47162231445291
"3998",-3.39783142089874,2.5726632690432,-2.29268371582052,2.14149002075214,1.17488143920909,4.519515075684,10.0233984375009,19.546467285158,39.1212426757847,69.3755517578166,76.50359375,82.65791015625,87.36431640625,87.5283105468775,85.26362304687,80.7185546874952,64.4951953125039,44.6064843750013,47.1125048828084,-2.70461334228492
"3999",-3.47896942138703,2.52611480712913,-2.32770858764669,2.43257537841819,1.96389724731463,6.25227355957087,12.6266870117199,23.1214160156271,43.6128271484414,74.0972753906294,81.055791015625,88.027421875,92.89041015625,93.2224414062527,93.5300195312445,87.2165039062448,73.3074121093794,52.8842382812515,52.8335498046829,-2.9639981079099
"4000",-3.48017211914093,2.34913940429708,-2.38725463867209,2.48299545288108,1.8151376342775,6.64726318359434,12.8317724609386,22.5812133789083,42.9251611328163,74.1682128906294,80.683798828125,86.369013671875,93.35806640625,93.5469238281277,94.4800292968695,88.1536035156198,75.2960253906295,52.4826171875015,54.4277539062452,-3.11349426269504
"4001",-3.63687622070345,2.34752120971701,-2.58464416503929,1.91738433837908,1.23478950500499,5.09103820800827,9.98791687011808,19.2563317871111,38.8920117187535,67.376660156254,76.16986328125,82.489912109375,91.02583984375,90.5721972656276,91.5435742187447,85.6684960937449,72.5714746093793,50.5955664062515,51.728100585933,-2.5605920410154
"4002",-3.71036865234408,2.40305541992209,-2.61981689453148,2.01384963989276,1.37160217285168,5.83659851074271,10.4785546875009,20.145012207033,40.1373681640661,69.9486621093791,77.341640625,83.5039453125,92.021875,90.7345703125026,91.4253710937447,86.4033593749949,72.6888818359418,47.8483007812514,52.8884521484329,-2.23328643798809
"4003",-3.49662170410187,2.59284729003929,-2.47131530761741,1.80298950195329,1.33995422363293,5.55800842285206,10.2693164062509,20.7076049804706,40.8100048828161,70.4807617187542,77.77353515625,83.35544921875,92.880126953125,91.5717968750026,92.9174609374946,87.4728906249948,73.8185693359419,47.5884082031264,52.4716650390579,-2.33194717407206
"4004",-3.64139709472689,2.40875488281271,-2.48366851806663,2.18437850952168,1.87753753662126,6.81554687500061,11.9601232910167,22.427207031252,42.5066894531288,71.9876904296918,79.5026171875,86.20646484375,94.866533203125,93.6847949218777,95.3917187499944,89.2026757812447,77.0853906250046,46.7224951171889,54.8228710937452,-2.3933868408201
"4005",-3.79975708007846,2.43432830810569,-2.4200604248049,2.16735595703144,1.51055831909193,6.23354980468806,11.7775927734386,21.3637670898457,42.4305859375038,72.1650781250043,79.688525390625,86.937626953125,94.64162109375,94.6333203125027,96.7567773437443,90.6030859374946,78.3605468750047,49.6982128906265,54.8105810546827,-2.12816131591778
"4006",-3.97677429199254,2.55081802368187,-2.41402282714865,2.35170318603537,2.16041961669941,7.18528686523502,13.5452795410168,24.1613427734397,44.8398095703165,74.5763964843794,81.732568359375,89.234970703125,94.60345703125,93.5151171875027,93.9021972656195,87.2950097656198,75.2076171875045,47.7108300781264,54.9076367187452,-2.89124725341772
"4007",-3.91059997558629,2.36497924804709,-2.62770507812523,2.04256851196307,1.98971130371111,5.54534301757862,11.8290429687511,21.9867529296895,41.5439843750037,71.3904882812542,80.0000537109375,87.53119140625,94.868740234375,93.5440722656277,95.1129785156194,89.4546679687447,77.4074121093796,49.0450683593764,53.6068554687453,-3.18597930908175
"4008",-4.10734130859412,2.48907318115257,-2.70282867431665,1.86018630981462,1.79894165039078,5.08559204101608,10.827773437501,21.1966235351581,41.1708886718787,69.0131250000041,79.29048828125,87.166015625,94.0322265625,93.4910742187527,95.6096777343694,90.1399121093696,77.5521484375046,50.8325878906265,55.0133837890577,-3.39377685546845
"4009",-4.14334289550818,2.3206803894045,-2.83081512451197,2.19343978881856,1.62771987915054,4.30407653808632,10.211563720704,20.0679565429705,40.0560986328161,71.1563964843792,80.060693359375,88.47166015625,94.878515625,94.9335156250027,97.4558984374943,92.2713964843695,80.1267822265673,48.2862500000014,55.0292871093702,-3.33149169921846
"4010",-4.06671539306677,2.52010253906273,-2.65287536621117,2.6493170166018,2.43608306884787,6.19615722656305,12.5942346191417,21.993417968752,42.6345117187538,72.9877636718793,80.5483544921875,87.387265625,91.55947265625,90.0548242187526,85.730117187495,77.8878466796829,60.1523291015661,43.3323193359388,45.699355468746,-2.71755462646461
"4011",-4.35146423339883,3.11190734863309,-1.4650965881349,5.5592578125005,6.39455322265682,12.0392199707042,18.8334863281267,26.8035839843774,45.9091699218791,73.0698242187543,78.621767578125,81.390556640625,80.70328125,76.6736669921897,59.964497070309,54.1799707031218,35.6563720703146,39.6549902343762,33.9673388671845,-2.15058547973614
"4012",-4.36541870117226,3.06524017334012,-1.27667633056652,5.80755126953177,7.03633972168032,13.1796215820324,19.4063256835955,27.7116601562525,45.6978271484416,71.1827392578167,76.487294921875,78.7575341796875,77.85884765625,73.5796972656271,58.9972851562466,53.3199218749968,36.4380029296897,39.6422265625012,35.0581030273407,-2.41657455444315
"4013",-4.58915130615275,3.11340057373075,-1.32066650390637,5.84227050781302,7.71958251953194,13.2560107421887,19.8871630859393,28.8233911132838,47.9751708984418,71.3730078125042,76.309765625,76.1561279296875,76.0366748046875,71.2432226562521,50.9627099609345,47.8082714843722,35.3607763671896,38.0709912109386,33.2380419921846,-1.8739442443846
"4014",-4.53041503906291,3.01615478515652,-1.36306320190442,5.89192504882865,8.12317810058666,13.4327185058606,19.485793457033,28.52269042969,46.6250537109417,69.9525390625041,75.1092431640625,75.9999169921875,74.653564453125,71.2827343750021,54.8923535156218,51.228037109372,36.7280468750022,38.5687866210949,36.2511572265593,-2.25303039550762
"4015",-4.55653198242228,3.15942138671903,-1.44113098144544,5.8324108886724,8.69859741211015,13.9720629882825,20.0431298828143,29.4580883789089,46.8154882812542,70.7909082031292,76.6628125,78.026865234375,77.090732421875,74.9438378906272,63.5702734374963,58.396372070309,39.9768017578149,41.7322509765637,40.6877026367152,-2.79051971435522
"4016",-4.74446441650433,3.01033599853542,-1.43606597900403,6.25764404296931,9.39058593750084,14.9608227539076,20.9748193359394,28.17354980469,45.9475000000041,67.919697265629,74.835546875,77.3199658203125,76.57349609375,74.4107812500022,68.6563916015585,64.6822851562462,47.8301757812529,41.9327880859387,44.1236376953086,-3.17786254882785
"4017",-4.71633941650433,2.93707092285183,-1.6600935363771,6.25431762695368,9.43510681152428,16.284965820314,21.4337304687519,28.9721264648463,46.6809814453167,69.7565136718791,76.8062841796875,79.1505126953125,78.39060546875,75.5044824218772,68.395322265621,62.9658935546838,45.8496875000027,43.5711181640638,44.0491748046837,-2.77835449218726
"4018",-4.82576202392621,2.85089782714869,-1.66603546142593,6.50971923828183,8.9183056640633,16.1918505859389,20.9802148437519,27.3111914062524,43.5036523437539,64.5383203125038,72.43869140625,73.57146484375,71.7682177734375,68.7502099609395,58.8325781249966,54.1310107421843,38.6787524414086,39.9500439453137,37.219250488278,-3.46010467529267
"4019",-4.71781188964886,2.62716766357445,-2.01958419799823,6.02796142578179,8.29577758789137,17.1250451660172,21.0928442382831,28.422954101565,46.0001757812541,68.9040869140666,76.6528271484375,78.81888671875,77.35845703125,73.6175634765646,64.8127246093712,59.341870117184,44.4001513671902,42.7944628906262,40.7886889648402,-3.33733642578096
"4020",-5.12196472168014,1.99964904785174,-2.91186981201198,4.34139495849648,6.46973144531308,14.9525695800795,19.9497668457049,29.8541381835964,48.2562695312543,73.8633398437544,81.580830078125,85.428701171875,85.002021484375,81.4594726562524,74.3700439453082,69.6655029296834,49.7656201171905,43.7473388671888,44.2571093749961,-3.72348144531218
"4021",-4.90686218261763,1.77264328002945,-3.48440032959016,2.14955200195332,3.05069274902371,10.2705419921884,16.0976391601577,27.0616015625024,46.6499121093792,73.0163476562543,81.568359375,87.589287109375,88.061875,85.8386230468775,83.4731347656201,79.4364843749953,61.2085058593787,45.3518505859388,51.869360351558,-5.10556579589799
"4022",-5.10100158691452,1.32324127197277,-4.10603240966833,1.02776809692392,2.24967132568379,9.17787109375082,13.9936462402356,26.0007031250023,44.845146484379,73.9101074218794,82.653359375,90.1615625,90.037021484375,88.0520800781276,86.14924804687,82.0044824218701,64.4326513671914,45.7330175781263,51.4499316406205,-5.01982086181597
"4023",-5.03143920898482,1.43223083496107,-3.97987121582067,1.4234802246095,3.00669158935574,9.99223632812589,15.443170166017,28.294067382815,48.2549609375043,75.7500878906295,84.0813671875,91.457177734375,90.308310546875,88.3053125000026,85.86200195312,82.0065527343701,63.3173632812538,45.9332226562513,52.4619677734329,-4.48346954345664
"4024",-5.03609558105514,1.7021818542482,-3.67173522949252,1.83611175537126,3.58847747802766,10.0333105468759,15.2214892578139,27.5835522460962,46.7887402343792,73.1534130859418,81.341474609375,86.123095703125,86.29376953125,83.5999902343774,80.3115576171828,76.6462597656205,56.7042480468784,43.7334912109388,47.8952880859333,-4.14921173095667
"4025",-5.08909545898483,1.89287628173845,-3.09673889160184,3.92391632080113,7.08549682617251,13.4755688476575,18.6152319335954,29.8874145507839,47.3862353515667,71.2713232421917,79.08716796875,81.5842822265625,81.801259765625,78.5041894531273,72.9240527343707,69.0481054687459,51.6716650390656,44.0774853515638,44.3990283203086,14.31116455078
"4026",-4.94557128906294,1.99189620971698,-2.82213867187525,4.87112426757856,7.99208984375071,14.2234729003919,18.9656713867204,28.8598510742213,46.5419970703166,69.0544140625041,77.30919921875,78.784189453125,80.934697265625,76.8258007812522,72.2057226562458,68.6520312499959,50.363251953128,43.5820117187513,44.9731689453086,-4.51449096679648
"4027",-5.06706878662155,1.9503642272951,-2.93542663574245,4.98865722656295,8.24858581543042,14.7755456542982,20.2306335449237,30.9797216796903,49.6897460937544,71.6861474609418,79.9774755859375,78.218203125,81.970107421875,77.5739648437523,69.7082958984334,64.3821679687462,46.9464648437528,44.1118750000013,44.4366406249961,-4.06395263671839
"4028",-4.8696554565434,2.2687402343752,-2.43851440429709,5.86902832031302,8.85871215820391,13.9625415039075,18.4657910156266,28.4144604492213,45.0967431640665,63.2840771484412,73.466181640625,70.662578125,76.2403564453125,70.8796435546896,62.3840136718714,58.3754296874965,41.0905957031275,40.5920874023449,40.130561523434,-3.90885803222622
"4029",-5.03149414062545,2.23368179321309,-2.41327285766623,5.84001708984427,8.78051147461016,14.5798571777357,19.8152404785174,29.8098950195339,46.6069531250042,65.1233642578164,75.4244873046875,72.3078125,78.7804052734375,72.7223876953146,62.2362060546839,57.1943896484341,40.6070556640649,41.1115429687512,38.3382763671842,-3.57375823974578
"4030",-4.8631173706059,2.18835205078144,-2.79526550292994,5.34530944824266,7.92623901367258,13.5151647949231,20.3416052246112,30.0002441406277,49.3953466796919,68.8451757812541,79.450927734375,77.163017578125,84.613251953125,79.4754736328148,73.3801513671832,67.034287109371,46.7608886718778,43.9548193359388,44.1678124999961,-3.41179595947236
"4031",-4.858682250977,2.29301696777364,-2.52424041748069,5.62461853027394,8.65102844238358,13.3832800292981,20.2714208984393,28.0130761718775,46.6362402343792,63.3859863281288,74.4363232421875,71.3275146484375,78.4762109375,74.3237109375022,71.1115332031208,66.5330175781211,48.7071484375029,41.9988037109387,44.6495849609336,-4.11459136962855
"4032",-4.7958288574223,1.79653472900407,-3.53161315918,2.84508728027369,4.31449340820351,9.13384399414144,17.1033227539078,27.2081738281274,49.0639746093794,69.0813427734416,80.821767578125,78.1225,87.2659765625,83.5154882812524,80.6282324218703,76.0591015624955,54.8432324218783,44.6644677734388,49.9003027343706,-3.73772399902311
"4033",-4.91308288574263,1.69472625732437,-3.84651458740269,1.97540039062518,3.53891418457063,8.6726672363289,16.8548303222671,27.0781713867212,49.0875781250044,68.5929980468791,80.806591796875,78.284013671875,88.707138671875,84.7456933593775,82.5029785156202,78.0544628906204,60.9035986328161,44.7295166015638,50.9625976562455,-4.16488281249964
"4034",-5.00756042480513,1.55493118286147,-3.85418060302769,2.21196380615254,4.0989935302738,9.5071313476571,17.7900854492203,27.3752294921899,47.9475976562543,66.3354443359414,77.27501953125,74.76935546875,83.53537109375,79.3759277343773,75.3669384765581,71.4145068359333,52.3789404296906,43.9399169921888,47.1309472656209,-4.56756469726523
"4035",-4.70074493408245,1.81957656860368,-3.62905334472689,2.09299575805683,3.45420989990265,9.01475463867268,16.9182202148453,26.3757910156273,46.9352539062542,68.135292968754,79.9109521484375,78.7926904296875,87.74734375,82.9726757812524,75.6612207031206,69.8571679687459,48.2433300781279,41.8514941406262,42.9449267578088,-3.89216094970669
"4036",-5.00166381835982,1.65350524902359,-3.76382354736362,2.56255706787132,4.82316406250043,10.6691003417978,19.1259130859392,29.1708349609401,49.6304589843794,69.6425000000041,80.3348486328125,77.08828125,84.303154296875,78.8034521484398,59.4408105468715,54.0406249999968,36.0613330078147,38.8263916015636,31.9139477539035,-3.66164916992156
"4037",-4.81346862793012,1.74532714843766,-3.80898223876987,2.51100982666038,4.68705383300823,10.025059814454,18.0899206542985,28.6040014648463,47.6603466796918,67.251464843754,78.39765625,76.651787109375,84.17931640625,79.2000439453148,72.2020214843708,66.964560546871,45.6937548828152,41.0390673828137,42.5452832031213,-4.14596313476526
"4038",-4.85996887207075,1.78961532592789,-3.81531066894565,3.00764373779324,5.03230316162154,9.82060791015713,17.0174047851578,26.4862353515649,45.5009619140666,67.031679687504,78.04033203125,77.0068505859375,85.34611328125,81.0072607421898,77.2735937499955,72.8113574218707,51.3368164062531,42.1268066406262,47.9048828124958,-4.25179962158166
"4039",-4.9662344360356,1.73452865600601,-4.03931518554723,2.35245056152365,4.11688415527381,8.53365051269607,16.3021313476577,26.7398901367211,47.1339062500042,69.2505078125041,79.680439453125,79.9803564453125,88.71646484375,84.1637207031274,82.5104492187452,77.3180126953079,57.6150830078159,43.4180517578138,51.909770507808,-4.2105148315426
"4040",-5.05796020507858,1.84251342773454,-3.97030212402379,2.49432739257835,4.80802154541059,9.23472412109457,16.3223461914077,26.9258081054712,46.5358007812542,69.3512646484416,78.6295654296875,77.7970068359375,86.99650390625,82.7828613281274,81.3646923828077,76.6334179687455,57.826284179691,44.2105078125013,52.2912499999954,-4.14752777099573
"4041",-5.08315765380905,2.03572708129901,-3.26262969970732,4.50008056640665,7.64375305175849,12.1504345703136,18.7888061523454,27.989946289065,45.8543847656291,66.6089404296914,73.9576171875,71.6377685546875,79.566572265625,74.5760058593772,71.0551513671833,65.9998437499961,50.297490234378,42.5416015625012,47.4028906249959,-4.64132629394491
"4042",-4.84906494140668,2.15809219360371,-3.37158782959014,4.02863159179723,6.87733337402405,11.303242187501,19.4698522949236,30.0366552734402,51.2247216796921,72.1367480468793,80.243916015625,78.98908203125,87.902431640625,82.7428320312524,79.0649267578079,73.6758203124956,57.7261718750035,45.5478613281263,53.3097265624953,-4.29031585693322
"4043",-5.01930999755904,2.53164810180687,-2.95176574707058,5.71912597656301,9.40080078125084,13.3798059082043,19.6673803710955,29.1560278320338,47.2141796875042,66.7148730468789,73.13248046875,70.746005859375,78.482412109375,73.1448486328146,66.7243457031211,61.7283593749963,46.8713769531278,41.9010253906262,44.6792871093711,-4.27465637206994
"4044",-5.00613983154342,2.67919189453149,-2.62666381835961,6.19502136230524,9.46746093750084,13.9393029785169,20.4920849609393,29.7983154296902,47.7119726562543,66.0035546875039,71.7942626953125,67.716123046875,74.1639306640625,69.940097656252,64.2252539062463,57.7532177734341,44.6646386718777,39.9237646484387,43.2139794921837,-4.48774841308555
"4045",-5.05147644043014,2.53782073974632,-2.78947875976587,6.35879089355525,9.43444641113365,15.1245410156264,21.1522753906269,30.5488476562527,48.1724902343793,66.4780664062539,73.010791015625,69.3964111328125,74.1212353515625,70.067314453127,63.3932617187463,57.7671044921841,43.9260644531276,41.1821435546887,42.6274804687463,-4.60516906738241
"4046",-4.89837158203169,2.33561355590841,-3.29904479980498,4.91460876464888,7.54652221679755,13.0743872070324,19.1443469238298,30.9490087890653,50.7399511718795,70.6561181640667,77.4648974609375,74.8317626953125,79.766181640625,74.9158154296897,66.4579785156211,61.4200927734339,43.4853710937526,42.6474414062512,42.0968505859338,-4.49492553710898
"4047",-4.97147735595747,2.37049621582052,-2.9954617309573,5.71009643554738,8.42580383300857,14.05528076172,19.7413842773455,31.2395507812528,48.9260742187544,71.0473535156292,77.9352099609375,75.144287109375,80.2619140625,74.6444726562522,65.2217480468712,58.9082910156215,43.1923339843776,43.3387792968763,42.1555517578088,-4.17017578124964
"4048",-4.9362847900395,2.47803649902366,-2.68201049804711,6.6762353515631,10.0474676513681,16.1419897460952,21.8118408203144,32.4189331054716,52.1335742187546,72.1211474609418,77.7750634765625,75.1657421875,79.1367431640625,73.9472607421896,67.4121972656211,62.3845117187463,47.9091748046904,44.4724707031263,45.462441406246,-4.78050170898396
"4049",-4.70187194824261,2.64951354980492,-2.28859558105489,7.44575378418035,10.6781945800791,15.9315441894545,19.7933581542986,31.5102197265653,48.9786718750044,69.1164013671916,74.62609375,72.5466943359375,76.295576171875,71.0567187500021,64.9432128906212,60.5647167968714,47.4143457031278,43.0798144531263,44.9936132812461,-5.21122619628861
"4050",-4.88591491699262,2.38180221557638,-2.52044982910179,7.46091308593817,10.5460961914072,16.2161718750014,18.5046777343767,29.7144897460964,47.1166845703167,67.586562500004,73.7610546875,72.27466796875,75.771103515625,70.6137158203145,64.5905761718712,60.5898339843714,47.1306982421903,42.6268017578137,44.3605371093711,-5.21520019531204
"4051",-4.75523162841839,2.48450347900413,-2.63391296386742,6.89225463867249,9.51503540039147,15.0157543945326,17.3565502929703,29.7820507812527,47.9501855468793,68.428183593754,74.4633984375,73.475576171875,76.6121484375,71.1109814453146,65.2280078124962,60.2022509765589,47.1495263671903,42.6621630859388,43.6253027343712,-5.05032592773393
"4052",-4.8769552612309,2.3567205810549,-2.54735504150413,6.81262939453186,9.43695678711022,14.27514404297,16.1671789550796,27.0060156250024,44.5458837890665,65.1629736328164,70.512294921875,69.247978515625,73.6521728515625,67.7429833984395,61.1181347656214,57.2351806640591,44.4500683593777,40.9241699218762,40.0144238281215,-5.23623596191361
"4053",-4.66976379394573,2.64919738769555,-2.55401550292992,6.51819580078183,8.63746337890702,13.3324182128918,15.2438549804701,27.5404980468775,45.5767968750041,66.4301025390664,71.40466796875,71.239990234375,75.7851171875,70.147392578127,63.8767822265588,58.860805664059,44.0939794921901,40.4742773437512,41.1596337890589,-5.52551696777295
"4054",-4.62390716552776,2.5473849487307,-2.80270172119166,6.13047302246149,8.75104003906328,12.624598388673,14.7343835449232,27.2848071289087,44.3999951171915,64.8455664062538,69.615322265625,68.543935546875,73.106689453125,67.8963818359395,58.7703417968716,54.9343798828092,40.6366259765649,38.7843310546886,37.8074975585904,-4.79946655273396
"4055",-4.6637420654301,2.54697937011741,-2.79682617187525,6.15819763183649,8.71477294921953,11.9961401367198,13.6318664550793,26.5158496093774,44.1449902343789,64.8525390625038,69.4914990234375,70.11970703125,72.412705078125,67.805312500002,59.5482519531215,55.1183300781217,41.2852246093775,38.7492968750011,39.9024902343715,-5.29912048339797
"4056",-4.53121337890665,2.70609100341821,-2.69449920654321,6.50992797851621,9.41724243164147,12.6085229492199,16.4678686523452,27.9170092773462,45.4446582031291,66.1491845703164,69.999296875,70.77259765625,73.386796875,67.1044189453144,55.2396582031218,51.6856835937469,38.7727954101586,39.4137377929699,37.7799658203092,-4.49610046386679
"4057",-4.58349090576213,2.69292938232446,-2.58398895263695,6.44207458496151,9.38113586425865,12.9646582031262,16.7772814941421,28.3129980468775,45.4624316406291,66.0364550781289,70.0355517578125,71.642890625,73.4995703125,67.667011718752,59.316831054684,54.5625585937468,42.2352636718775,40.0733618164074,41.2415624999964,-5.43842529296828
"4058",-4.51333892822306,2.80885742187525,-2.29152008056661,6.74852111816466,9.7463244628915,12.4400646972667,17.7674755859391,28.9108789062526,45.8860986328166,67.171083984379,71.3039013671875,74.9103125,75.4724267578125,70.3462353515645,63.8141162109338,58.6519238281215,45.3830908203152,41.6982275390637,43.0528222656212,-4.80559326171833
"4059",-4.74842132568402,2.59604888916039,-2.43620178222678,6.4155822753912,9.96019165039151,12.4840795898449,17.8193383789078,27.9358618164087,45.001054687504,66.2021289062539,69.865126953125,73.164638671875,74.79619140625,69.700556640627,64.3644677734337,59.2829785156215,46.3269287109403,41.5223779296887,43.6449267578087,-5.67101257324169
"4060",-4.55571166992228,2.98237152099636,-2.16418380737324,6.62371032714903,10.0074487304696,11.6775280761729,17.2377661132828,27.1045776367212,43.1725976562538,63.7505810546913,66.323388671875,68.892783203125,71.938505859375,66.1218505859394,60.429458007809,56.5601562499967,45.1733203125027,39.9985791015637,41.2031347656214,-5.83308532714793
"4061",-4.61409088134807,2.58495208740257,-2.45540908813499,5.87120239257865,8.67284240722734,9.85641967773525,14.6962683105482,24.7118188476585,40.8854907226599,61.9046142578162,64.487451171875,66.5951708984375,69.428095703125,63.6862744140643,55.1213623046843,51.100224609372,39.8619653320336,37.4232031250011,36.7481054687468,-5.5921893310542
"4062",-4.52374938964884,2.56193878173851,-2.3305226135256,5.73799255371145,8.30679504394605,10.037149658204,15.0983325195326,24.9310351562522,41.4753759765662,62.3508691406287,65.03701171875,67.696357421875,71.23072265625,65.9346240234394,60.0846484374965,55.4198828124967,43.0976367187526,37.7045703125011,39.1173632812466,-6.16757202148384
"4063",-4.40686431884805,2.64341705322289,-2.23103805542012,5.57834289550831,8.33199340820387,9.92063110351651,16.7030664062515,25.4288281250023,41.4075000000037,61.6072851562537,63.92818359375,66.533505859375,69.7856396484375,64.8026953125019,57.9431982421841,53.2727441406218,41.54220214844,37.9823193359386,37.5927734374967,-5.8354132080073
"4064",-4.48219177246134,2.57274505615257,-2.03806640625018,6.14082885742242,9.00996887207112,11.6144580078135,17.8474462890641,25.6256079101585,42.1276757812538,63.1295800781287,65.9026318359375,68.912060546875,72.367080078125,67.205087890627,60.3270214843715,56.0821386718717,43.2100683593776,39.2102148437511,38.7170507812466,-5.71169677734325
"4065",-4.03276977539098,2.9097552490237,-1.58323623657241,6.79388671875061,9.28605651855552,12.4999731445324,20.025959472658,27.491430664065,44.751796875004,64.8560351562539,68.4274267578125,70.422587890625,72.59546875,67.336445312502,55.8032226562467,51.8032177734344,39.1370263671898,39.4376000976574,35.9252172851531,-4.76499908447224
"4066",-4.25154174804725,2.69106750488305,-1.7387574768068,6.6861279296881,8.94393371582111,12.4051599121105,19.1994604492205,25.9739648437523,41.2726269531287,60.7271533203161,64.876728515625,65.584677734375,68.219140625,64.5841503906269,53.0183984374969,49.8800439453095,38.369118652346,38.0468676757824,35.7567236328094,-4.74765319824177
"4067",-4.22934875488319,2.70559814453149,-1.69345764160171,6.5881427001959,8.17698730468823,11.4158508300791,18.9558874511736,25.9763183593773,41.9624658203162,60.4852441406286,65.1190576171875,65.5902001953125,68.73708984375,65.0372705078144,54.8713085937468,50.5689013671845,39.2486181640649,38.1076708984386,35.2403417968719,-4.92989929199176
"4068",-4.14233093261756,2.92774627685573,-1.56909774780287,7.1810504150397,8.92313842773517,12.2325927734386,19.429885253908,25.6351074218773,41.0558105468787,60.0143896484411,64.6087255859375,64.3858984375,66.2113232421875,64.1476757812519,55.6289160156217,52.3979394531219,40.5325146484399,38.3520947265636,37.4998632812467,-4.70915069580037
"4069",-4.21489074707069,2.87875000000026,-1.6307038879396,6.95777282714906,7.694236450196,11.5117468261729,18.3827307128923,26.3479663085961,42.7921289062538,61.1162890625036,66.102939453125,66.409833984375,68.23662109375,66.1018066406269,55.2019433593718,51.2507958984345,40.1141186523461,38.1787329101574,36.6247802734343,-4.37483459472618
"4070",-4.10636688232459,3.08873718261746,-1.32835815429699,7.16586791992251,8.05268310546947,11.5924084472667,19.088000488283,27.71536621094,42.5071972656288,60.7096093750036,65.728525390625,65.7400146484375,66.8955615234375,64.8061035156269,52.4895117187469,49.3210693359346,38.1824853515648,37.2939843750011,34.6867846679657,-4.98716705322222
"4071",-4.3956671142582,2.65417663574242,-1.78283416748063,6.27044799804743,7.20264465332095,10.4095263671884,18.2224133300798,26.5692089843774,42.2850390625038,60.6075781250036,64.41384765625,63.494248046875,65.62431640625,64.1128662109394,48.3710058593722,47.7437402343722,35.8457226562521,35.7354370117198,33.4066064453096,-4.75971679687459
"4072",-4.19448089599647,2.83012878417994,-1.84134521484391,6.41938842773495,6.50640563964902,9.64527954101649,18.0291040039079,26.5139013671899,41.2500927734412,60.6177636718786,64.7206298828125,64.5849267578125,65.4916845703125,63.6022167968768,49.1325488281221,47.2463281249972,35.4245849609396,36.0809277343761,33.3690161132783,-4.61495513915975
"4073",-4.39762969970742,2.60064208984398,-1.94072631835955,5.92818542480522,5.99513183593804,8.81719482421954,16.9741210937515,24.5849389648459,39.369223632816,55.0333984375033,59.78650390625,58.908076171875,60.8069091796875,58.8492968750017,43.9236376953099,44.8339257812473,33.712607421877,33.1492749023447,32.2877709960909,-5.67620971679638
"4074",-4.19137390136756,2.73016448974634,-1.8000303649904,5.61884582519581,4.72470336914105,7.93640930175852,15.6551306152358,24.9254833984397,38.4583764648472,54.4286230468782,59.5109765625,58.4385888671875,61.78421875,59.2990332031267,43.7555371093724,43.5773046874974,31.7389892578144,31.4371704101572,30.3618457031223,-5.48193847656202
"4075",-4.20974975585975,2.62562866210961,-1.56947631835952,6.24525573730524,5.80738525390677,9.61966552734461,17.1351098632828,26.7261010742211,40.0908129882848,58.6342285156285,65.051513671875,63.80806640625,66.4246484375,62.4200683593768,46.6874462890598,45.6367822265598,33.607480468752,34.4766552734385,31.9007666015597,-4.61446472167928
"4076",-4.36114440918008,2.52187500000022,-1.56064727783217,5.98319763183647,4.81307922363324,9.25071533203208,15.3816442871107,24.0709619140646,36.323620605472,51.9847802734406,60.4759912109375,59.104296875,64.9971044921875,61.0424902343768,48.6809082031222,47.7047851562472,33.1782080078145,32.4341308593759,32.2597753906222,-5.31999023437454
"4077",-4.28117980957069,2.5108239746096,-1.43425430297864,6.11227050781304,4.68767395019573,9.2228015136727,16.2051855468764,25.6098046875023,38.0389160156284,57.0869628906284,65.22912109375,66.0299072265625,72.0968212890625,67.3403662109395,58.9248828124966,56.6657763671841,38.4086230468773,35.0845190429698,37.4270874023405,-5.67921508789013
"4078",-4.52472351074259,2.55672531127952,-1.78073211669938,5.99437500000053,4.79449035644574,10.0356237792978,16.3891137695327,25.339138183596,38.3368261718784,58.506684570316,66.7234521484375,67.42447265625,75.0494482421875,68.521083984377,61.8109570312464,59.0709960937465,43.1539550781276,37.0149658203136,40.277485351559,-5.98105712890573
"4079",-4.16032470703162,2.65643035888696,-1.25399551391613,5.50153991699268,3.33944519042999,5.62145629882863,11.3604333496104,18.8529882812517,28.5587182617213,54.1504882812532,61.395244140625,61.4151220703125,72.0803076171875,65.8238476562519,56.6419775390592,55.7649121093717,38.7948583984398,34.055830078126,36.7960888671843,-6.18401611328071
"4089",-3.2495635986331,3.99758850097692,-0.051119194030766,7.67052124023506,6.17611389160211,12.3260266113292,19.3443896484392,24.5000805664084,39.9243896484411,65.1306250000039,62.847353515625,61.1898046875,67.71091796875,64.4701660156269,54.9610742187468,56.0268847656217,35.6678808593771,35.8404248046885,36.5469995117156,-3.36383697509736
"4090",-3.41896667480499,4.01126983642614,-0.124586191177379,7.65489685058662,6.50366577148496,12.1564135742198,19.5909228515642,25.0384130859397,40.0786694335973,64.5293701171913,63.16431640625,64.1590673828125,68.90958984375,65.1848144531269,56.3624316406217,57.2221826171841,37.1588964843772,35.8910131835948,38.2021044921842,-3.51838378906219
"4091",-3.44927551269562,3.94095092773473,-0.220351638793965,7.4228216552741,6.46524780273495,12.236912841798,19.1536328125017,24.6198168945334,39.686293945316,64.1858007812538,62.5118701171875,65.0946875,67.47478515625,64.2870507812519,56.1293164062467,56.1472607421842,37.2980200195335,35.4131079101573,38.0451879882779,-3.24298583984347
"4092",-3.52489593505891,4.14784545898474,-0.489882736206098,6.73734069824279,5.78067871093802,12.2005639648448,19.3340515136736,24.7553808593772,41.5739062500037,68.6517675781291,67.518759765625,72.312236328125,74.18876953125,70.7300195312521,62.3813623046838,61.4145947265589,41.9174804687525,38.1870947265636,41.9902441406213,-2.10859939575177
"4093",-3.5759231567386,3.76543121337924,-1.11158157348643,4.91206298828169,3.63342407226595,10.00433166504,17.341499023439,24.6352416992209,42.3694482421913,73.0610449218793,73.88546875,84.579189453125,83.87576171875,82.0518457031274,77.6324707031205,77.0887109374954,57.2541894531284,43.0315380859388,53.5578564453078,-1.94758224487288
"4094",-3.46147644043,3.49848449707063,-1.95182937622088,2.90814758300807,0.403507156372106,4.0247714233402,10.2935144042978,18.3176831054704,37.6917626953159,70.6688281250042,73.775595703125,89.48607421875,88.54146484375,88.1328710937526,87.9377148437449,86.6673925781199,68.4993164062541,43.1490039062513,54.9565380859327,-1.56181182861315
"4095",-3.64903503418001,3.26089965820342,-2.05539581298846,3.06064910888699,0.387487792968785,4.04931274414099,9.66157287597743,17.2202526855484,36.3790087890658,70.1384375000042,74.784033203125,93.210224609375,91.69814453125,91.6201367187526,92.9851562499946,90.9823535156196,73.5820312500044,45.5083496093763,56.7839306640575,-1.95273742675764
"4096",-3.46562225341828,3.36311004638702,-2.17704025268574,2.69801574707055,0.044532613754276,2.52216171264671,7.5979406738288,16.4196484375015,34.7100000000031,69.5407031250041,74.378759765625,89.549609375,93.145517578125,93.6704296875027,96.1122656249944,94.8318359374944,78.8621826171922,48.5432275390639,57.5640283203075,-1.33086273193348
"4097",-3.64544128418001,3.5380374145511,-2.18734710693379,3.00888610839871,0.466103515625042,3.37171691894561,9.059850463868,17.4109020996109,36.8091796875033,72.2635205078168,76.812607421875,90.526904296875,94.47748046875,94.7810449218778,96.5639257812444,94.6741601562444,79.3175195312547,51.491665039064,58.7685742187449,-1.29184860229481
"4098",-3.45960357666047,3.66877197265658,-2.45395416259788,2.61405151367211,0.220716896057149,0.700203018188539,4.81666564941449,11.9462438964854,31.080295410159,63.0147753906287,69.272783203125,82.72765625,90.12310546875,91.5411523437526,93.6610937499945,92.2806738281195,76.6561572265671,47.0791845703139,52.1911962890579,-0.845709838867114
"4099",-3.43742004394562,3.6580651855472,-2.62043640136742,2.37266235351584,0.051665291786198,-0.108443326950083,2.84706756591822,10.2495935058603,27.51558105469,56.4237792968783,59.509951171875,67.3974267578125,75.111337890625,75.9518896484397,75.9012451171831,76.0861035156205,57.724487304691,30.8558105468759,43.4999121093712,-0.514479980468705
"4100",-3.79234527587924,3.44911865234406,-2.85052795410182,2.1156817626955,-0.103829555511484,-1.5920726013185,1.31616195678723,7.82487548828195,23.4528588867208,48.1411083984404,52.23548828125,61.04923828125,71.204130859375,72.7322216796896,74.3099121093707,74.5232568359331,56.6802099609409,30.2854101562509,37.026857910153,-0.192599411010725
"4101",-3.54265289306672,3.27071380615264,-2.24587387084981,2.71231201171899,1.22471221923839,3.06191284179715,9.03304504394612,18.0084326171891,37.5644262695346,70.6432519531292,76.693056640625,84.531435546875,92.4821875,92.8901367187527,94.4108789062445,92.8146093749945,77.7849121093797,48.2330957031264,55.0720312499952,-1.24906265258778
"4102",-3.63890747070345,2.98363769531277,-2.20908599853535,2.83235382080103,1.78605682373063,3.98790710449254,10.6560974121103,19.8418591308611,40.0754467773473,73.3663720703168,79.0824609375,84.970068359375,91.285009765625,91.1475976562526,92.0829492187446,89.8872851562447,75.5688574218795,48.9205566406264,57.35999023437,-1.58957763671861
"4103",-3.54411376953157,2.73527801513696,-2.13396926879902,3.0484289550784,1.72195297241226,4.05943023681677,10.2185369873056,19.0085107421892,40.2437646484411,72.1554052734418,78.2398974609375,84.17294921875,90.15640625,90.7713769531276,91.2907812499947,88.1564453124948,72.0470898437543,44.3343310546888,54.8536425781202,-1.68276489257798
"4104",-3.6319046020511,2.45436538696311,-2.2247851562502,2.77758270263697,1.78429611206071,4.97480072021529,11.2305029296885,20.0510510253924,40.5597412109411,71.2673144531292,77.24787109375,81.9877734375,85.55765625,85.0914746093775,80.8620214843703,77.6377343749954,56.3211621093784,42.3770800781262,50.8248583984331,-1.99353729248029
"4105",-3.60877014160188,2.31308898925802,-2.33287216186544,2.62690032959008,1.81084518432633,4.90593139648481,10.7384655761728,19.7703271484393,40.0776855468786,70.3031250000042,76.4278662109375,81.5135595703125,85.64396484375,84.5315527343775,79.7639599609328,75.8763964843705,54.0832373046907,39.5815966796887,47.8715478515583,-1.99846588134748
"4106",-3.51880737304719,2.26629501342794,-2.36918975830099,2.60170043945336,1.65794235229507,5.02446655273482,10.7510974121103,20.6749511718768,40.1505590820348,70.1708105468792,77.2552734375,82.49388671875,87.452265625,86.8721484375025,83.3014453124951,79.1972412109328,60.8555810546911,41.4527832031262,50.3931640624956,-2.31611053466777
"4107",-3.51511169433625,2.45402603149436,-2.27258270263692,3.12043762207059,1.95640869140642,5.96100219726616,11.7582641601573,22.2298461914082,42.6146435546913,71.6656542968792,78.9116015625,84.57267578125,89.514208984375,89.2590722656276,87.5891113281199,83.1960351562451,66.6190576171915,42.6873242187513,52.8062890624954,-2.26943664550761
"4108",-3.50451965332062,2.43484786987326,-2.04618118286151,3.31708068847686,2.60466156005883,7.19687622070377,13.6589294433606,24.837087402346,46.9212011718792,76.1305859375045,82.880703125,88.8418359375,95.252392578125,95.0345898437528,95.0625976562444,90.4285546874946,73.0556689453169,46.9724023437514,56.5288476562451,-2.43286407470682
"4109",-3.77419738769565,2.25974578857442,-2.33914306640646,2.74254028320337,2.27210830688497,6.59961975097715,12.8342541503918,24.1902294921897,44.827988281254,75.2118994140669,81.959501953125,87.77087890625,94.306123046875,93.0962597656277,93.6355468749945,88.1005664062448,73.6287255859419,45.8411328125013,56.2375976562451,-2.59981292724587
"4110",-3.58698791503938,2.15593841552754,-2.38165023803732,2.49107147216819,1.99981384277362,7.04525939941469,12.908787841798,24.0673730468771,44.3246630859415,75.0122216796919,81.713037109375,86.77693359375,93.61357421875,92.4321093750027,92.7083105468696,87.0538085937448,71.4579541015668,47.2165136718764,54.6543652343702,-2.32618423461894
"4111",-3.84134979248081,2.09170303344745,-2.4007017517092,2.36101196289084,1.71463165283218,6.79171752929748,12.6374670410168,22.8053076171895,43.5704101562539,73.4373974609419,80.4427587890625,86.570693359375,93.19853515625,91.9406640625027,93.6444628906195,88.2325390624948,73.6685253906294,46.9287890625014,55.3475927734327,-2.23659759521465
"4112",-3.84588043212925,2.26495437622091,-2.28626495361349,2.55835876464867,2.02927261352557,7.54326171875067,12.4992785644542,23.3925732421896,44.4128271484415,75.309780273442,81.7809521484375,88.192109375,96.04947265625,94.3637890625027,96.8600292968693,92.0473242187445,78.8783886718797,49.844594726564,58.6222167968699,-1.82665740966781
"4113",-3.77103820800815,2.12181335449238,-2.58560028076195,2.03961807250995,1.39567474365247,6.62945922851622,10.7742956542978,22.3566845703145,42.9534179687538,74.6201708984419,81.8663671875,87.744970703125,96.82390625,94.5709667968777,97.6082128906193,92.5827539062445,81.0269482421923,49.2881054687514,57.362109374995,-1.7910733032225
"4114",-3.81674987793003,2.2324348449709,-2.52361099243187,2.08972167968769,1.35181137084973,6.01009460449272,9.2348229980477,20.5882690429706,40.3560839843786,72.1422753906293,79.635283203125,87.0431640625,95.14953125,93.4184863281277,95.3800585937444,89.9535546874947,78.3263964843797,47.1562500000014,54.6503564453077,-1.63310424804673
"4115",-3.91813140869176,2.14359893798847,-2.64675781250024,2.01799224853534,1.38963653564465,6.04781494140679,10.5463916015634,21.3674291992207,40.4469238281286,70.3570605468792,77.994287109375,86.073876953125,94.42482421875,92.9390722656277,94.8899902343694,90.1803320312446,75.9967871093795,45.8141748046888,54.5915624999952,-1.87417816162093
"4116",-4.15276184082068,2.16190765380879,-2.76799468994165,1.97349594116229,1.59814895629897,5.96726745605522,10.2347100830087,21.5869897460957,41.1357080078162,72.0541894531293,79.735419921875,87.909892578125,94.68791015625,93.0601171875027,93.9679394531195,88.6842382812447,75.113833007817,44.8211718750013,55.2577636718702,-2.12167053222638
"4117",-3.94634338378942,2.18183563232441,-2.76139160156275,1.61312591552749,1.28278747558605,4.03841613769567,7.67806701660225,19.2091064453142,37.6488232421909,67.925849609379,77.24970703125,85.456171875,92.296328125,91.5654296875027,93.0151074218696,88.4744921874948,75.576889648442,46.1526367187514,54.5788281249952,-2.11247314453107
"4118",-4.17441284179725,2.23468811035176,-2.62814636230492,2.05311798095721,1.77769775390641,5.07535095214889,9.36906494140709,21.2703369140644,40.6136694335974,69.5775341796916,79.222587890625,86.669736328125,93.61986328125,92.9497460937527,95.0841894531194,90.5669042968696,77.5911132812546,48.4763574218764,53.5745166015578,-2.25727157592754
"4119",-4.2384875488285,2.42073974609397,-2.20039093017598,3.25204437255888,3.03140350341824,6.28169921875056,11.5549340820323,22.3450732421895,42.0508691406288,71.8854199218793,80.4804638671875,87.8011328125,94.144453125,93.2499023437527,92.8106445312446,88.0295898437448,73.3151757812544,50.7350000000015,51.8048046874955,-2.24740966796855
"4120",-4.28679962158241,2.80679992675806,-1.33308166503918,5.27588684082078,6.38463378906307,11.8342883300792,18.2332495117204,28.25979980469,48.0765527343793,74.7573339843794,80.7365625,83.524150390625,86.13107421875,83.2106250000024,74.4275341796831,68.8693066406209,50.057158203128,43.0924023437513,44.1926074218711,-2.30985656738261
"4121",-4.48827270507853,3.16844482421903,-0.807890548706127,6.71195434570372,8.30216796875074,13.9986669921887,19.5539526367205,28.4444116210963,45.7961425781291,70.2088525390667,75.3905029296875,75.638671875,76.2856494140625,72.5272265625021,62.3830273437464,56.7838476562466,40.3503881835962,38.7159375000011,38.1430541992154,-2.40488174438455
"4122",-4.45675842285196,2.98190124511745,-1.00334854125986,5.87962707519584,7.22917480468814,12.595223388673,18.4478588867204,27.698325195315,45.107822265629,69.7946093750041,75.40353515625,76.29298828125,75.7637841796875,72.2610351562521,57.2635546874967,53.1000878906219,37.5356787109397,37.1227197265636,36.7271582031218,-1.90958496093733
"4123",-4.71197845459026,2.89453125000026,-1.02422691345224,6.31630493164119,8.33483520507887,13.543220214845,18.8152148437517,28.1238696289088,45.219589843754,68.303242187504,74.514521484375,74.6790087890625,74.0631787109375,70.7944580078146,57.0155664062467,51.9241406249969,38.0364257812523,37.4850976562511,37.1742724609343,-1.95772720336897
"4124",-4.52212860107462,2.97390838623073,-1.05660690307627,6.64316345214903,9.01097778320393,14.3186840820325,19.6072473144549,28.13310058594,44.7381103515665,66.5802587890664,72.621015625,72.12232421875,71.280859375,67.729228515627,54.5570947265593,50.911767578122,38.310739746096,37.1833422851573,38.0194873046842,-1.87776000976546
"4125",-4.75386047363324,2.74266815185571,-1.28240737915051,6.53137695312558,8.88373779296954,14.6493383789076,19.3834729003924,29.0267236328151,46.1510156250041,68.1380810546915,75.2219482421875,76.296708984375,75.365517578125,72.1289697265646,62.4588574218714,57.1936523437466,41.4412792968775,39.6149218750012,40.8109667968714,-2.42198730468729
"4126",-4.72663360595745,2.81425170898463,-1.18254768371593,6.63961181640684,9.42854248046959,14.8209521484388,20.1412500000018,28.23093261719,45.7916943359416,67.3530224609415,74.2552392578125,75.9111181640625,73.2852490234375,70.6073291015645,61.7970410156214,57.0198828124966,41.6341503906275,39.7144677734387,40.1637011718715,-2.71273132324195
"4127",-4.87120605468793,2.59662872314476,-1.59884048461928,6.38402465820369,8.89682983398517,15.1015368652357,20.7490625000019,29.0232666015651,45.6738720703166,66.6698437500039,73.233095703125,73.763125,71.651337890625,68.072480468752,55.8214355468717,51.192382812497,38.6510888671898,39.7842553710949,37.6853222656217,-2.35555572509745
"4128",-4.97353118896529,2.4127102661135,-1.76065887451188,6.46496887207089,8.58208740234452,14.8982043457045,19.1215112304705,27.3690649414087,43.1206494140663,61.4893505859411,69.194619140625,69.6229541015625,69.240703125,65.9159863281269,57.4042822265591,53.4963427734343,38.3509570312523,38.3391650390636,37.5115136718717,-3.24437499999972
"4129",-4.93227691650435,2.41412322998068,-1.6158811950685,6.7087792968756,8.5032562255867,15.4128991699233,19.9632373046893,27.8330688476587,44.680595703129,62.2612402343787,69.4176123046875,70.1511767578125,70.3853125,66.8440136718769,58.5522851562466,54.3746386718718,40.2080737304712,39.4867211914074,37.8758349609342,-3.31966735839815
"4130",-5.08528259277389,1.95622528076189,-2.20122985839863,5.95092834472709,8.07561523437572,15.4157592773451,19.9233178710955,28.6836083984401,46.1941162109416,66.816630859379,74.926240234375,75.920576171875,75.981904296875,72.3627001953146,63.1324755859338,59.581860351559,42.4669628906275,41.4974707031262,42.4258300781213,-2.9757217407224
"4131",-4.83610412597699,1.71758728027359,-2.87042175292994,3.78810791015659,5.38868896484423,12.9781970214855,19.5851245117205,29.9929638671902,50.2692578125045,75.3932226562545,84.128828125,88.41708984375,87.88728515625,83.9392382812524,80.8677636718703,77.0081054687454,58.9984375000035,45.5815429687513,51.4049804687455,-3.72925537109342
"4132",-5.09307678222702,1.41461517333997,-3.08533264160184,3.00990478515652,4.42413299560586,11.5590942382823,17.8725878906266,28.9480395507838,48.6628808593793,75.0370214843795,83.54345703125,88.519853515625,88.2001953125,84.6802734375024,81.2176806640578,77.2716259765579,57.4756494140659,45.3177392578138,51.8853417968705,-5.28907165527298
"4133",-4.87920257568403,1.92687011718767,-2.43209167480491,4.80296630859418,6.5800909423834,13.0918652343762,19.3678100585955,30.0170629882839,47.9589404296918,72.7759570312543,80.8041064453125,85.52607421875,85.267626953125,80.5874316406273,76.1666699218706,72.8054199218707,55.0055371093783,45.4639746093763,49.4175878906207,-4.29989868164025
"4134",-4.86614166259809,2.03390411376971,-2.03214340209979,5.38805541992236,7.73084838867257,14.0467993164075,20.0819482421893,30.0052880859402,49.2103125000044,72.3124169921918,80.253291015625,82.991337890625,83.727734375,78.9836718750023,73.5660253906207,70.6851708984333,54.7475097656283,45.9350634765638,48.9006542968707,-3.78237060546842
"4135",-4.86798248291059,2.25861968994161,-1.67165924072281,6.75200500488342,9.86540588378994,15.3349804687514,20.6368872070331,29.6355615234401,45.6258642578166,66.3005175781289,73.2980859375,74.2406640625,75.2251123046875,70.467607421877,64.7412011718712,61.8558398437463,46.7221777343778,42.1819726562512,42.2817578124963,-4.7571286010738
"4136",-4.74444976806683,2.45079162597678,-1.97437164306658,5.71139770507863,7.94359741211008,12.6949633789074,19.1059045410173,28.8235351562526,45.6933691406291,68.196152343754,76.183984375,77.01302734375,79.792138671875,75.6345019531272,70.4102880859334,67.4319384765585,48.9964404296904,43.9058300781263,45.750322265621,-3.11541992187473
"4137",-4.76305847168011,2.49391448974632,-1.92347839355486,6.88465698242249,9.24710449218833,14.1855883789075,20.2125195312518,29.8986132812527,47.0714257812542,67.665361328129,75.76240234375,74.071259765625,78.86154296875,74.7201318359397,69.8679443359334,66.0833203124961,48.8483935546904,45.1208740234388,46.6577539062459,-3.22947448730441
"4138",-4.60767456054729,2.42086914062522,-1.91894027709978,6.35721069335994,8.8013067626961,13.0059741210949,19.6834729003924,29.9596533203152,47.1289990234417,68.195654296879,77.97326171875,75.5702587890625,81.126474609375,75.2564941406272,65.5011962890587,60.7136865234339,42.5230664062525,43.5969677734388,43.1154980468712,-2.55214294433571
"4139",-4.67511047363323,2.34058593750021,-1.79354248046891,6.23823974609431,8.0863854980476,12.6733398437511,20.077961425783,30.0206860351589,48.6278955078168,68.0504541015665,78.03857421875,73.7878125,81.0147412109375,75.5518457031272,67.2828271484336,62.6784033203088,44.2239746093776,43.7805664062513,43.0132568359337,-2.80407714843725
"4140",-4.65361450195354,2.59336822509789,-1.70063873291031,6.59337402343809,8.35777282714918,11.8610485839854,19.6872814941424,28.7875146484401,45.6621240234416,65.5257568359414,76.4603759765625,71.96896484375,81.014326171875,76.2900146484397,72.9847363281207,68.4350390624959,49.704560546878,43.8491992187513,46.9305224609334,-3.17168914794894
"4141",-4.57240173339885,2.20427001953145,-2.76405578613306,4.05948852539099,5.33798400878954,9.04965270996174,17.8346997070328,27.4233251953149,46.9939794921917,68.5166601562541,80.414208984375,76.364306640625,87.075146484375,82.4563476562524,80.3958740234328,76.4720898437455,57.6187500000035,44.2155908203138,50.5452978515581,-3.3537680053708
"4142",-4.63756500244182,1.96832885742205,-3.23333648681669,2.86465972900416,3.46337707519562,7.2923706054694,17.0683593750015,27.4306347656274,47.7261718750043,69.2985449218791,81.178525390625,76.783037109375,88.5053125,85.8541894531275,84.836015624995,81.2946386718702,62.6993066406288,47.7697607421889,53.4729785156203,-3.62514556884734
"4143",-4.71551086425823,1.88540222167986,-3.58324127197298,2.05807800292987,2.9306536865237,5.94355102539116,15.3146997070326,24.9890771484397,45.6614257812541,66.6632470703164,79.64287109375,74.99212890625,87.861474609375,84.7136328125025,83.7613378906201,79.5562109374953,62.6415625000037,47.6261425781264,53.2005712890579,-3.71952331542936
"4144",-4.67269683837932,1.96512145996111,-3.20730590820341,3.05797058105496,3.99221679687536,8.30127136230543,17.4892749023453,26.5766821289086,45.0172802734415,65.7626660156289,77.492314453125,71.682080078125,84.5972265625,80.2334472656273,77.563686523433,74.0422753906206,55.0398681640658,45.2443847656263,49.2937646484332,-3.85277160644498
"4145",-4.39826385498086,2.23946411132833,-3.04807678222683,2.94217742919948,3.05084045410183,6.62550354003965,15.6783959960951,25.281286621096,43.9805322265664,65.0254833984414,77.0263232421875,70.281611328125,82.90896484375,77.2393652343772,67.548613281246,63.2684326171837,43.4940869140651,38.8418261718761,39.1566430664028,-3.22805084228487
"4146",-4.63480529785198,2.1932356262209,-2.95069580078151,3.76032836914096,4.69229187011761,8.42477661132888,17.1258422851578,26.5474121093774,45.0433837890665,65.9973583984414,77.04060546875,69.57302734375,83.076708984375,76.7353466796897,63.7215185546838,57.9733984374966,37.8815771484398,38.2808984375011,33.860205078122,-3.14728759765597
"4147",-4.48821228027384,2.42034484863303,-2.91514923095729,3.55339477539094,4.99144012451216,8.08308715820385,17.8055444335953,28.5679223632838,46.5474511718792,66.750185546879,76.558974609375,68.05265625,81.724794921875,73.8155468750021,58.5937255859341,53.2927001953093,36.3682763671897,37.7639990234386,31.8331274414035,-3.3047088623044
"4148",-4.68157928466839,2.09614944458027,-3.07506103515652,3.34129943847686,4.77755676269574,7.8601513671882,17.9457666015641,28.2303906250025,46.5293847656292,67.312333984379,78.520361328125,70.985478515625,83.909072265625,78.1463769531273,68.2736669921835,63.3963085937462,41.5561328125025,40.0134326171887,39.2042602539028,-3.71161651611296
"4149",-4.560315856934,2.76742980957056,-1.82005065917985,6.00451416015679,8.43976196289138,10.2886120605478,20.0955151367205,28.44394042969,46.2198925781291,66.1798437500039,75.078310546875,66.877470703125,81.024013671875,75.4177636718772,71.9346484374958,66.5470556640586,47.3109570312528,42.0623779296887,46.5175390624959,-3.878829040527
"4150",-4.43882202148477,3.09947204589871,-1.38663925170911,6.9874499511725,9.75551452636806,11.4353247070323,20.7294921875018,29.3255175781276,45.6029687500041,65.5295117187539,73.24705078125,63.52458984375,78.3406298828125,72.4453955078146,66.6508593749961,61.0836816406214,44.6681152343777,41.8922705078137,44.9884863281211,-4.30520935058556
"4151",-4.61134704589885,3.04958801269558,-1.29444107055676,7.33433715820378,10.0960968017587,12.1033666992198,20.1800341796893,29.0179174804713,44.4772705078165,64.6536230468788,70.505146484375,61.217783203125,76.009013671875,69.527519531252,63.9746093749963,60.0035058593714,46.0819775390653,41.8100927734387,43.4658886718712,-4.45590209960899
"4152",-4.36938598632852,3.28150573730498,-1.30731292724621,7.35506042480534,10.0215368652353,11.2440307617198,19.3152770996111,27.5782421875025,42.4875878906288,62.2160253906287,67.60302734375,59.4068603515625,74.1231591796875,67.8099462890645,63.5942187499963,59.4031835937465,46.2300488281278,40.0126147460949,43.9900683593712,-4.92005889892535
"4153",-4.60538177490275,3.11285949707059,-1.72068206787125,7.03177307128969,10.1924511718759,12.3547961425792,20.9636206054706,29.6812011718776,45.8845214843791,67.388476562504,73.5211376953125,67.222236328125,79.47056640625,74.2994140625022,71.1849511718708,66.619960937496,52.0678759765656,44.2869726562513,50.1714257812456,-4.98649169921831
"4154",-4.55540771484416,3.34743286132842,-1.69779281616226,7.06471862793032,9.5567407226571,11.3948815917979,19.1168920898455,27.5163452148462,43.6196533203164,63.2902929687537,68.6746630859375,61.81853515625,74.762841796875,68.7298193359395,65.4468945312462,60.2459472656214,45.5344384765652,40.6057568359387,44.9234570312461,-4.67959106445272
"4155",-4.69255096435589,2.90682434082057,-2.12254455566425,6.54522644043027,9.16693481445394,12.0930126953136,19.5972314453143,29.1157836914088,45.8741748046916,66.6890820312539,73.3198828125,67.6941015625,78.2900439453125,73.1519824218771,68.182128906246,62.8529931640588,44.4070507812527,42.2209912109387,45.9845947265585,-4.14728118896448
"4156",-4.65490112304729,2.89762756347682,-2.16554168701191,6.1876586914068,7.85002563476633,11.0167224121104,18.1844116210954,29.3022656250026,46.8321923828167,68.9279785156291,74.45984375,70.0023388671875,78.28603515625,73.7881103515646,65.6899804687462,61.0249414062464,42.6545898437525,42.0231298828137,42.4147070312463,-4.04305297851527
"4157",-4.50841583251993,2.73888824462915,-2.39255035400412,6.17863769531305,8.25644897461011,11.1920629882822,17.4459936523453,29.3792285156276,47.0549169921917,69.7084960937541,75.7144775390625,69.060107421875,78.213740234375,73.3731640625021,64.0929101562462,58.9764746093715,41.5418750000025,42.4057812500012,43.2154541015587,-3.64135894775359
"4158",-4.57048797607463,3.0486160278323,-1.5376226806642,7.64858459472725,10.2887866210947,13.0235644531262,17.6023803710953,28.2360644531275,46.0891943359416,66.3000732421914,70.62923828125,62.3312353515625,73.2976904296875,69.5826611328145,64.1930664062462,60.7697167968714,44.7141357421902,41.9047314453137,43.6909521484337,-4.41204528808555
"4159",-4.34966033935586,3.10340209960965,-1.39698944091809,8.01541870117259,10.8571655273447,13.8666430664075,18.7069799804704,31.1055517578153,47.8803515625043,68.9236132812541,72.5042041015625,63.587138671875,74.9576904296875,69.6926025390645,63.1887597656213,60.1344433593714,46.2089257812528,44.2879394531263,43.0375830078087,-4.65342041015584
"4160",-4.42000610351602,2.85682464599635,-1.5820596313478,7.71255371093819,10.1373754882822,14.3295349121107,17.3598413085953,29.7749902343777,46.2394433593791,67.7728173828165,72.289970703125,63.5130517578125,75.37767578125,70.340957031252,65.3259277343712,61.5248925781213,47.7286914062528,43.1556835937513,44.8630908203086,-5.05806762695268
"4161",-4.20530120849647,3.3163784790042,-1.28970901489269,8.05585998535228,10.6165124511728,14.6320019531263,17.163500976564,30.718508300784,46.6250683593792,69.6492285156291,74.2829443359375,68.475546875,76.747451171875,70.720947265627,65.5745361328087,61.4014501953089,48.5048583984404,43.8941601562513,45.499960937496,-4.7383526611324
"4162",-4.50265686035196,2.97685852050808,-1.7136499023439,7.62803588867256,9.45723388671959,13.5666821289075,14.5517712402357,26.7136523437524,43.3098242187539,63.7032568359413,68.017333984375,63.0208447265625,72.015126953125,66.7259765625019,62.8069921874963,58.8187597656215,44.2683544921901,40.1224169921887,41.5822509765589,-5.62784118652295
"4163",-4.44435882568399,2.90382293701198,-2.12657913208027,6.7525830078131,8.34676452636793,11.7974645996104,12.8417895507824,25.3263208007835,40.5398095703161,60.9403222656286,64.68958984375,61.24828125,70.3061376953125,65.7972753906269,61.6064941406214,58.2619140624965,41.654907226565,39.1569165039074,39.5154125976528,-5.59114135742139
"4164",-4.37935577392617,2.94670318603542,-2.26122985839864,6.53967651367246,8.54931396484451,10.7868383789072,12.7684985351574,25.6486914062523,41.9958300781287,63.0872705078162,67.2676171875,66.12064453125,72.81830078125,67.3146630859395,61.5731103515589,57.2964257812466,42.5082226562525,39.9709741210949,41.1236425781214,-5.42168151855421
"4165",-4.34929351806679,3.10458404541043,-1.86632797241228,7.17359130859439,9.04070434570393,10.7919165039072,13.1102648925793,26.2204638671898,42.7270263671913,64.0825488281288,67.979169921875,69.8472607421875,72.8884228515625,67.272119140627,58.7560351562466,54.1656201171843,39.6993261718774,39.0986279296886,39.2195898437466,-5.10657745361283
"4166",-4.24346984863319,3.27174591064482,-1.90583526611345,7.43641723632879,9.46263549804772,11.6510852050792,15.5891992187514,27.454204101565,42.8680273437538,62.7838037109412,66.6868994140625,69.3246728515625,70.5510791015625,64.4605566406269,46.8925976562473,46.1457373046848,34.7824755859396,37.8380859375011,34.9890502929657,-4.64602935790975
"4167",-4.40954650878946,3.09575927734403,-1.80614532470719,6.93842041015687,8.87444335937579,10.7273840332041,15.369810791017,27.0631347656274,43.7758984375039,62.3348339843787,65.943349609375,71.13234375,70.7590283203125,65.3200292968769,52.3030371093719,49.1526757812471,36.4566210937522,38.5035668945324,37.3741162109342,-5.26732360839798
"4168",-4.21211944580116,3.36874633789092,-1.35233489990246,7.5699377441413,9.94518188476651,10.848339843751,15.6741638183608,27.1875073242212,42.7386035156288,60.6367578125036,64.27353515625,66.6407470703125,68.882744140625,64.7643457031269,54.4774560546843,51.7282763671844,37.7310278320335,38.4820141601574,38.7008886718716,-5.30565673828079
"4169",-4.4576708984379,3.01790466308621,-1.67600143432632,7.01204589843813,9.49012573242272,10.7502270507822,16.8423901367203,28.2506225585963,44.7158349609415,63.6906152343788,67.99666015625,71.1020947265625,73.361689453125,68.481943359377,60.505073242184,56.2221728515592,42.0311914062525,41.0884863281262,40.134252929684,-5.59739990234326
"4170",-4.28795928955116,3.13079254150419,-1.58248077392592,6.75015197753966,9.06194946289143,9.45550170898522,15.8944750976577,27.0174707031274,43.4819921875039,63.0325976562537,66.136865234375,69.3391015625,73.419306640625,67.1530761718769,59.9186523437465,55.5886718749967,41.09294433594,39.7650976562512,38.8031347656216,-5.01602905273394
"4171",-4.18650878906287,2.92327392578151,-1.8066563415529,6.18831176757868,8.50217407226638,8.73011230468828,14.089528808595,24.2897216796897,39.8805566406286,59.1227343750035,63.5999951171875,65.5414208984375,70.17291015625,64.4841015625019,58.6027441406216,55.0135449218717,40.0690673828149,36.4109790039073,38.5732275390591,-5.17469665527299
"4172",-4.25531127929726,2.87113769531276,-1.85354614257829,6.08328063964898,8.361193847657,9.67628662109461,15.2022082519545,25.6839013671898,43.1355712890663,63.0261230468787,67.4010791015625,69.499384765625,75.54166015625,69.036025390627,64.4311572265587,60.0701855468714,45.4324853515652,40.1657812500012,42.0268457031213,-5.20232727050736
"4173",-4.08652587890661,2.97109069824245,-1.73198883056656,6.43971923828182,8.33998413086012,9.20191894531332,15.1340368652357,23.2623413085958,39.6262597656285,57.2539355468784,61.56857421875,62.733857421875,71.335302734375,65.6131152343769,61.1246142578089,57.1345996093716,43.5551806640651,37.8541601562511,39.3736450195278,-5.22534973144486
"4174",-4.05354125976599,2.95969543457058,-1.4381857299806,6.82970031738342,8.85853759765704,10.0053033447275,16.0315869140639,24.2212890625022,40.2655859375036,58.7149121093785,63.2451220703125,64.8362353515625,70.664970703125,65.6286914062519,59.245415039059,56.0565380859342,42.079047851565,37.8584375000011,40.1436132812465,-5.14713195800736
"4175",-4.0029827880863,2.94578369140651,-1.36929367065442,6.77993896484436,8.69499877929765,10.3242651367197,17.323071289064,24.5743774414084,40.6163427734411,57.1772216796909,61.64642578125,63.07625,69.0520458984375,64.5385400390644,56.7817089843717,52.7793017578094,39.8961889648461,37.2176318359386,37.765412597653,-4.55359100341757
"4176",-3.83229187011753,2.97338684082058,-1.33519851684582,6.87816650390686,8.46729492187576,10.3872033691416,17.2814221191422,23.9870092773459,41.2513623046912,53.0090429687531,59.8857861328125,59.49,66.134423828125,63.0142285156268,54.9516503906218,51.4481542968719,38.8213037109398,36.9942749023448,37.1776123046843,-4.7585382080074
"4177",-3.9254956054691,2.87687988281276,-1.28401901245129,6.7729052734381,7.34780517578191,9.5039477539071,17.1872265625015,24.5017871093772,40.4015136718786,53.8834570312532,60.0701953125,59.692333984375,65.2108935546875,61.7289404296893,53.5757617187469,50.4020947265595,37.581091308596,35.9940991210948,35.5797094726531,-5.48293090820265
"4178",-4.06882202148474,2.93792785644558,-1.27825843811047,6.6989160156256,7.91517578125071,10.1787078857431,17.5610327148453,25.5601000976585,41.1870019531287,55.6508496093783,63.56908203125,64.345302734375,67.886015625,65.6215625000019,57.8762695312466,53.7933984374968,41.0655859375025,37.4484863281261,38.7013134765591,-5.35093444824172
"4179",-3.9098754882816,3.22903656005888,-1.01268745422372,7.16608337402408,7.98277465820384,10.9855139160166,18.6615087890642,26.6466528320336,43.9010742187539,58.6048535156285,65.19115234375,65.07109375,67.78896484375,65.5938574218769,56.9574999999967,52.6488867187469,39.7346313476586,37.5084912109386,38.5577343749966,-5.2006665039058
"4180",-3.97451538085973,3.15779541015653,-1.16316543579112,7.23998474121158,8.22332641601636,11.0930102539072,18.2948193359391,26.7783618164086,42.5238671875038,56.4705566406283,63.2922509765625,62.3882666015625,64.6828662109375,63.0935351562518,52.1555761718719,49.0125488281221,37.4411035156272,36.8058496093761,37.158469238278,-5.01431854248003
"4181",-4.25253173828163,2.83228088378931,-1.43745758056653,6.58701049804746,7.18494750976627,10.5258752441416,17.1879919433609,26.6118945312524,42.2096582031288,56.4526562500033,62.962529296875,63.093466796875,63.9590869140625,62.8093359375018,51.949042968747,49.7251757812471,36.7355786132834,36.7164160156261,36.8453857421843,-4.77428375244099
"4182",-4.14933105468787,2.94316436767604,-1.33458221435559,7.07990600586001,6.91738769531312,10.7786303710947,18.3453515625016,26.9439013671899,40.9170800781286,56.1223144531283,63.640888671875,64.390166015625,66.047373046875,63.5277832031268,53.4156689453094,50.458720703122,38.2862646484398,37.3010742187511,38.4216601562466,-4.85100494384723
"4183",-4.20586181640662,2.84212677001979,-1.40986740112317,6.46299194335995,5.37297302246142,9.129879760743,16.6300854492202,25.2012719726585,40.3972656250036,55.4074707031283,62.73822265625,63.1922998046875,64.959658203125,62.5669189453143,50.843798828122,48.6797558593721,35.7956835937521,35.0628833007823,35.4129418945282,-4.63938446044881
"4184",-4.11217346191443,2.67593780517602,-1.53884811401381,5.86247192382865,4.68164031982464,8.19597106933667,16.1428393554702,25.527790527346,40.2038647460973,56.7202343750034,63.4624853515625,64.2894873046875,65.757685546875,62.5375732421893,50.4172753906221,47.8820605468722,34.6192041015646,33.7549438476572,34.7769116210907,-4.73395172119099
"4185",-4.23381347656288,2.84904205322291,-1.43642517089857,6.32255249023494,4.9436968994145,8.46881469726638,15.5938562011733,25.0275488281272,38.3546923828159,52.2737060546906,60.4926953125,59.6482080078125,63.552041015625,58.9740087890642,45.4565234374973,44.6336621093724,32.706132812502,32.2215673828134,32.5532861328097,-5.1739428710933
"4186",-4.32100646972695,2.64502929687524,-1.25400711059582,6.15784179687555,4.35311706543008,8.34982116699293,15.0946289062513,24.9518701171897,39.0615625000035,54.0305566406282,63.258212890625,61.47080078125,66.2764599609375,61.1394189453143,48.7577832031222,47.7251562499972,33.4894091796895,33.733642578126,34.2422338867158,-5.27650756835891
"4187",-4.15630249023475,2.6685406494143,-1.12476867675791,6.33424560546931,4.62459472656291,9.00384460449299,16.0895312500014,26.5119506835961,39.9625854492223,56.4783007812533,66.7146923828125,67.7134716796875,73.26533203125,67.5556396484395,60.558286132809,57.3405664062466,40.7088964843774,37.2623681640636,40.8961669921839,-6.04476379394479
"4188",-4.26806091308632,2.70885681152368,-1.265185699463,6.15053405761774,4.49776397705118,8.47718383789138,15.6203247070326,25.9070751953148,39.2408422851598,55.9586474609408,64.87439453125,66.2061865234375,72.251708984375,66.4255126953144,60.6651269531215,57.3526855468716,41.5900292968775,35.8263134765635,41.6796874999964,-6.26769531249945
"4189",-3.97044067382848,2.80194702148462,-0.608888168335015,6.04633911132866,4.02734924316442,6.85041381835999,13.773044433595,22.230703125002,32.2296411132841,50.9861376953155,61.03087890625,59.478740234375,68.024521484375,62.1651708984393,55.3988330078093,54.6118261718718,38.5638769531273,33.404384765626,37.6288623046842,-6.96600341796814
"4199",-3.36113708496124,3.82405212402378,-0.317669734954862,7.14542358398501,5.42400146484423,10.5406896972666,18.6069580078142,24.4627490234397,38.6721777343785,68.5139062500041,65.129814453125,63.97126953125,70.14169921875,65.8413720703144,54.0540820312468,54.8662988281217,35.3720947265646,35.4877587890635,38.7886669921841,-3.4638818359372
"4200",-3.60579437255892,3.63633117675814,-0.653890151977597,6.90774841308655,4.69971801757854,10.3883496093759,17.4596655273453,23.8677075195334,37.4613720703158,65.7969042968789,63.264375,64.40650390625,68.985576171875,64.2143603515644,52.5504296874969,53.2482617187468,34.1563549804708,34.395507812501,37.7845166015592,-3.31631622314424
"4201",-3.52589691162141,3.88833312988316,-0.296175117492702,7.51205871582098,6.23401855468806,12.4113476562511,19.6363281250018,26.0385742187523,40.5460498046911,68.005029296879,65.647841796875,69.446123046875,72.359296875,67.5479638671895,60.187397460934,60.1470751953089,42.08333496094,37.9131103515636,43.2144531249962,-3.24255432128878
"4202",-3.59274505615267,4.01081115722692,-0.383761825561558,7.13014099121157,5.84813171386771,12.7741601562511,19.8068896484393,26.4711279296899,40.7652099609411,68.4948095703166,66.769423828125,71.167236328125,73.975048828125,68.996894531252,60.424028320309,60.5939355468714,42.4392578125025,38.9742480468761,44.4742138671836,-2.6677777099607
"4203",-3.62388275146517,3.84547088623081,-0.429894828796425,6.88492004394593,5.86091064453177,13.1577990722668,21.3097631835956,27.8827734375025,44.1711230468789,73.5808398437544,72.751240234375,80.007998046875,81.598056640625,77.5101074218773,71.9512548828083,71.5951855468708,53.4659814453157,42.9511865234388,52.6678808593704,-2.09166229248029
"4204",-3.47091186523468,3.49463836669953,-1.67347198486343,3.88235961914097,1.23722877502452,6.45601318359433,13.2862768554699,21.8818994140645,39.8595263671911,72.7175292968793,75.0463671875,88.2009765625,89.424052734375,87.4546777343775,86.8210742187449,85.5200683593699,67.8538232421916,49.1915429687514,57.26133789062,-1.79218597412094
"4205",-3.67857055664095,3.00297943115261,-2.16754119873066,3.0741955566409,0.210914268493671,3.91280700683629,10.0407775878915,17.5656225585953,38.0969433593784,72.4275488281293,76.0652490234375,90.01083984375,92.007763671875,90.7166992187526,92.0246289062446,90.0307226562447,73.4577294921919,55.0127050781266,59.5754980468698,-1.85661743164046
"4206",-3.42367218017609,3.32765106201201,-2.14227493286152,2.98215057373074,0.05470475673676,2.5814245605471,8.45047241211013,16.6469995117202,35.7631665039094,70.3223339843792,75.2527587890625,89.673447265625,93.016337890625,93.1064648437527,95.3328808593694,93.7493164062444,78.7036572265672,55.9401123046891,59.6209912109323,-1.33758544921863
"4207",-3.51558197021516,3.30204467773467,-2.66717864990258,2.33403961181661,-0.12012456893922,-0.150757179260267,3.43222625732452,10.4872656250009,25.0255664062522,51.8997167968781,56.4067431640625,68.49064453125,78.8633447265625,80.0675390625023,82.1052929687452,82.0182421874951,64.9291162109414,38.6640307617199,46.1736767578085,-1.0853369140624
"4208",-3.3379214477542,3.6453356933597,-2.71486999511743,2.19456253051777,-0.402100448608434,-2.03935607910174,0.721806335449283,6.45098144531307,22.0537451171895,49.1072412109404,51.2476904296875,59.68646484375,70.110732421875,72.0079199218771,72.7317773437457,73.5034179687456,55.7047705078158,27.3566870117196,40.385375976559,-0.288008918762182
"4209",-3.36674072265655,3.74827087402377,-2.06117065429706,3.24515136718779,0.710564422607485,1.52508697509779,8.02083129882884,16.1967504882827,34.6232006835968,68.2687988281291,72.3110791015625,80.7462451171875,86.3476171875,85.7595800781275,86.10709960937,85.4815917968699,69.6412011718792,43.1912353515638,52.8827880859329,-0.430002441406212
"4210",-3.43728942871124,3.47930786132844,-1.81487808227555,3.85736938476597,1.71894683837906,4.08090911865271,11.762412109376,20.1303271484393,40.3522753906286,73.2171240234418,77.57962890625,85.172470703125,91.957587890625,91.6416796875026,93.3275488281195,91.8217089843696,77.3311523437546,55.0307177734391,57.3262548828075,-1.25749771118153
"4211",-3.34060974121124,3.2860382080081,-1.73374298095719,4.0463275146488,2.01630813598651,5.06092956543014,13.3492980957043,23.2874560546896,42.3641308593788,74.9701855468794,79.731708984375,86.19890625,93.26853515625,92.7515332031277,93.4837304687445,90.8183691406196,75.911108398442,54.7628027343766,59.0467871093698,-1.78801300048812
"4212",-3.56168243408235,2.88195312500026,-1.79196624755875,4.31656311035195,2.99845703125027,5.95062988281303,14.0528759765638,23.7583081054709,44.947880859379,76.0846191406295,81.702978515625,87.83720703125,95.791787109375,95.6033007812528,96.3731054687444,93.5469921874945,78.0365429687547,54.1791601562516,59.0732519531198,-1.84477142333968
"4213",-3.39596069335968,2.67693176269555,-1.84015579223649,3.91372863769566,2.4972578430178,4.97495178222701,12.7108276367199,22.8361083984395,43.3677783203164,74.5990429687544,80.391552734375,85.46498046875,91.96271484375,91.8992968750027,92.3315624999946,89.4551269531197,72.3695410156293,53.3842480468766,56.9092919921825,-1.88721267700179
"4214",-3.56824096679719,2.37124588012716,-1.98631134033221,3.43894042968781,2.21839813232442,4.901729125977,12.149979248048,21.861972656252,42.6527148437538,72.3527636718793,78.454765625,83.0045703125,88.52453125,87.7966015625025,85.33752929687,82.5318749999951,62.6290136718787,47.9905224609389,53.4908642578078,-1.98925872802717
"4215",-3.49789520263703,2.37018646240255,-2.14014053344746,2.85401184082057,1.77452743530289,3.25399597167998,10.3877587890634,19.1313452148455,40.1964208984411,70.0073144531291,76.710732421875,81.3466064453125,87.8075,87.4169433593775,85.161035156245,81.3051708984327,62.9149267578163,45.4671337890638,52.6329443359329,-1.93568038940413
"4216",-3.53898254394563,2.19767852783223,-2.23803009033223,2.60611572265648,1.62503234863296,3.58818603515657,11.1536535644541,20.3769946289081,40.6177856445349,70.5351464843792,78.21958984375,83.058974609375,89.18369140625,88.9641113281276,87.4415624999949,83.535820312495,65.985205078129,47.9265039062514,54.2426367187453,-2.22003692626934
"4217",-3.5213626098636,2.408428039551,-1.80481430053727,3.65872222900423,2.75731628417993,5.90571777343803,14.0249035644544,23.4060595703146,45.4438623046915,74.9942578125044,81.954619140625,86.02990234375,92.317861328125,92.0718554687527,91.8304980468696,87.5634960937448,71.9451269531293,51.9628710937515,58.2963037109324,-2.04064773559552
"4218",-3.52280700683625,2.4532083129885,-1.86491821289079,3.77849548339878,2.68173675537133,6.248515014649,14.1356799316419,23.2436376953146,44.673984375004,75.2856445312545,82.668212890625,87.5114453125,93.829169921875,92.7111132812527,93.0894042968696,89.3733105468697,71.5441455078168,52.763071289064,57.9531542968699,-2.22725234985332
"4219",-3.85650604248081,2.0365702819826,-2.3490463256838,3.05555572509793,2.07513626098651,5.69552978515676,13.2294763183606,23.8741552734396,44.714335937504,75.1230859375044,81.7677880859375,85.56099609375,93.065546875,91.8230468750027,91.6654589843696,86.5722363281199,70.2586376953167,48.8023583984389,55.5808007812451,-2.52370300292947
"4220",-3.48436309814484,2.23271408081075,-2.33517410278341,2.93260772705104,1.86441452026384,4.93865112304732,12.2820654296886,22.825517578127,42.8262695312538,74.5538964843794,81.220419921875,85.26345703125,95.223916015625,93.1208203125027,93.4049023437445,87.9115332031198,72.3121923828168,50.6852539062515,55.1878222656202,-2.17779724121075
"4221",-3.67620422363314,2.23665542602559,-2.06575714111346,3.34725219726592,2.33833236694357,6.77970031738342,13.5687023925793,23.5217333984396,44.1614257812539,74.1879980468794,81.43861328125,85.29748046875,94.667568359375,92.6527539062527,93.8102343749945,88.6353417968698,73.3698046875044,52.020668945314,56.2889550781201,-1.95722900390608
"4222",-3.53966186523469,2.43698059082053,-2.00178787231463,3.02131072998074,2.01504547119159,5.65124145507863,11.9428112792979,22.075810546877,42.0368701171912,73.8778515625044,80.9523974609375,85.774052734375,94.90931640625,93.2365039062527,94.9599316406194,89.0870312499947,75.5748144531295,51.430346679689,56.0141796874951,-1.77912643432602
"4223",-3.67547760009798,2.20860427856465,-2.40730545043967,2.31677032470724,1.1847827911378,4.53946563720744,9.78784912109462,20.7340307617206,40.5360449218786,71.5224316406292,80.196416015625,85.831806640625,95.930986328125,94.3224609375027,97.0763574218693,92.9975585937445,80.9358398437548,53.6866210937516,56.1313037109326,-1.83719818115218
"4224",-3.67709442138705,2.29379699707052,-2.2108462524416,2.56768463134788,1.46385192871107,4.13733398437537,9.08563720703206,20.1688500976581,40.5222802734411,71.6616992187542,79.6502490234375,85.35234375,94.580009765625,92.5599902343777,94.9567675781194,89.4947851562447,76.9750537109421,51.259907226564,55.5729833984326,-1.81139739990219
"4225",-3.72160278320346,2.37712127685568,-2.05498580932636,2.61780395507836,1.60332534790053,4.89266021728559,10.4694128417978,21.8289038085957,41.6061328125037,72.3997558593793,81.14861328125,86.89634765625,96.089267578125,93.5804101562527,94.6235937499945,90.3547265624946,78.3822949218797,52.0905859375015,56.2971289062451,-2.04870925903302
"4226",-3.76467102050815,2.40437911987326,-2.19147918701191,2.4459248352053,1.31163955688488,3.41344818115265,8.61508361816483,19.310187988283,39.6874047851598,70.2581542968792,79.2970263671875,85.8318359375,95.7421484375,93.4282128906277,95.5893066406194,91.3842089843696,77.5885400390671,48.4573242187514,55.5785302734326,-2.08970031738263
"4227",-3.71416503906283,2.44724884033225,-2.03677932739276,2.67342163085961,1.80264785766618,3.94383026123082,9.44836853027428,20.6816577148456,40.3286010742223,70.2777343750042,79.693046875,86.55736328125,94.676904296875,92.9965527343777,95.3403417968694,90.9868359374946,78.0765966796922,48.1662548828139,55.0168896484327,-1.95659164428694
"4228",-3.89256469726597,2.58254852294945,-1.85121444702165,3.31828582763701,2.88809753417994,5.597358398438,11.3885424804698,23.2764501953146,42.4629443359413,72.0221533203168,80.182685546875,85.640908203125,93.398515625,90.9043750000026,90.7953613281197,86.5730468749949,69.4733349609417,47.1509521484389,51.8481933593705,-1.7405151367186
"4229",-3.80234680175815,3.4543914794925,-0.451429328918497,6.31166748046931,6.32601623535213,10.0940991210947,16.5549194335952,26.1188720703148,43.1625585937539,69.9393896484416,76.041357421875,77.33607421875,82.332421875,78.3933642578148,70.0420214843709,63.3676855468712,41.8791015625025,39.3174511718762,39.3241357421841,-1.65119430541978
"4230",-4.14878448486365,3.15012268066434,-0.682518539428772,6.13387695312555,6.51013916015683,10.4063647460947,16.6769921875015,25.4129296875023,42.5989941406288,67.549853515629,73.866943359375,74.85193359375,78.958056640625,75.2113867187522,66.2262451171836,61.4813916015589,42.5987109375025,38.3685717773449,38.9549438476528,-2.59909881591774
"4231",-4.10918151855505,3.12235198974637,-0.667904510498107,6.0305133056646,6.20881958007868,9.2546862792977,15.4016528320326,24.3554296875022,41.2839013671912,65.0080175781289,71.901142578125,73.800009765625,77.3085546875,74.2186816406272,67.0609423828086,62.2351708984338,43.3440185546901,36.9925781250011,40.0785131835903,-2.63116027832008
"4232",-4.1807156372074,3.14520812988309,-0.48542461395268,6.58783081054746,6.93807861328187,9.6401995849618,15.7682238769545,24.4186962890647,40.7677490234411,62.3177734375037,69.4329150390625,70.5546728515625,72.5272265625,69.946181640627,64.3489648437462,59.852749023434,41.87831542969,36.018964843751,39.4405273437466,-2.77603210449195
"4233",-4.39083465576211,2.98776214599636,-0.502547912597701,6.43964721679745,7.37086181640691,9.90564086914151,16.3587817382827,25.0745117187522,42.5193115234413,62.8821191406287,70.738291015625,70.80671875,73.288466796875,71.1988671875021,62.1093701171839,57.8980273437466,40.8834619140649,37.0676684570323,39.3513671874966,-2.38512054443339
"4234",-4.21483337402381,3.04708709716824,-0.375102005004916,7.07668579101626,8.84507080078204,11.1788037109385,18.4333081054704,27.62692871094,44.6585302734415,66.8613525390665,75.486708984375,75.33744140625,77.5770654296875,74.5489062500022,67.1324414062461,61.3211035156214,43.6403125000026,40.2674755859387,42.2601855468713,-2.21547515869121
"4235",-4.43677795410196,2.77724639892603,-0.689184875488343,6.85802307128967,8.29203369140699,10.965654296876,17.4297656250016,26.8047753906274,43.9800488281289,65.2823828125039,74.0657958984375,75.9195654296875,76.4566259765625,73.6811523437521,65.3770507812462,62.0256298828088,44.1614257812526,39.0184179687511,42.3025976562463,-2.42617095947244
"4236",-4.2595553588871,3.03819000244168,-0.458084716796916,7.24021972656315,8.78806396484453,11.4963366699229,17.8818347167985,26.0864770507836,42.8688037109413,62.1121533203162,71.9259619140625,70.0633740234375,73.409755859375,70.4585498046895,61.6035205078089,57.1628320312466,40.5833251953149,38.2689672851574,40.1563256835902,-2.40358978271463
"4237",-4.51249267578165,2.81105957031275,-1.11034553527842,6.35139526367244,8.08132934570385,11.0911450195322,17.247348632814,25.9155761718773,41.7602539062537,62.3346484375037,71.967099609375,59.9216357421875,73.992421875,71.8294042968771,65.0256640624962,60.6537597656214,43.9931835937526,39.4354199218762,42.7185986328088,-2.78533630371069
"4238",-4.44027557373087,2.79141052246119,-1.06297088623056,6.33479003906307,7.75338134765694,11.6466967773448,17.4770190429703,26.2110620117211,43.5571191406289,62.8299755859412,71.999951171875,55.795498046875,74.155322265625,71.6052685546896,65.7453417968712,61.2247949218714,43.7123925781276,40.6678759765637,42.0633300781213,-2.94268157958959
"4239",-4.41667785644571,2.51922744750999,-1.38131240844739,6.31611022949275,7.27770141601627,12.1818371582042,17.8665649414078,26.0245312500023,42.7560498046913,61.3578027343786,70.137216796875,54.265068359375,71.947724609375,69.4003369140645,61.5625439453089,57.4889941406216,40.7986303710962,39.6059790039074,39.4989550781216,-3.10217407226535
"4240",-4.40721893310586,2.58301727294945,-1.02841728210458,7.10166748046938,7.72404724121163,13.4155139160168,18.9863623046892,27.79948730469,44.8160107421915,65.2558789062539,73.145595703125,57.31443359375,73.5702490234375,69.997109375002,52.5750292968719,49.6308886718721,35.4307812500021,39.4850146484387,35.5146582031219,-2.28891479492167
"4241",-4.32558776855507,2.35656311035177,-1.36057525634778,6.21400756835993,7.02617553711,13.1917651367199,19.1505627441423,28.502348632815,44.3749560546915,65.7016943359414,74.082646484375,70.301435546875,74.9600048828125,70.8925097656271,59.6929003906215,58.0892675781216,42.0869726562525,40.4402587890637,39.1150195312466,-3.3717562866208
"4242",-4.45219421386759,2.147327270508,-1.71469863891617,5.40465209960986,5.92877685546928,11.5185192871104,17.3462390136734,28.3001367187525,45.9126562500041,69.0542822265666,78.4096240234375,79.81125,82.2476171875,77.8409472656273,68.263349609371,64.9033789062461,42.68104980469,41.7001416015637,41.9050683593713,-2.92130371093725
"4243",-4.26069915771522,2.44778411865256,-1.38405593872083,5.76364257812551,6.73980712890685,11.1581628417979,18.0911889648454,28.47882324219,45.9772509765666,68.035996093754,77.3657080078125,80.60728515625,81.289033203125,75.7252441406272,67.673232421871,64.1832861328087,44.2487207031276,41.0801513671887,40.8238964843714,-3.40900909423798
"4244",-4.43737762451211,2.38961486816428,-1.25352005004894,6.18351074218805,7.49669555664129,11.6612634277354,18.3209106445329,27.7906152343775,44.3114013671915,66.5790087890664,75.97736328125,78.0701904296875,79.35904296875,73.7754980468771,68.186279296871,66.3734960937461,48.5313037109404,42.8818017578138,44.2327832031211,-4.2196896362301
"4245",-4.44026672363321,2.53406524658226,-1.17645263671886,6.44607971191464,8.33239379882887,11.2059729003916,17.3234765625015,27.1590502929712,43.1388867187538,62.5422070312537,71.4734326171875,73.49181640625,75.23087890625,70.474921875002,64.0514990234338,61.4476757812464,43.5142773437526,40.1522412109387,41.3397656249964,-3.79030761718717
"4246",-4.16784851074256,2.85531188964869,-1.25361206054699,6.53178283691465,8.33303955078199,11.7943591308604,18.7950708007829,29.4469653320339,45.6228515625041,67.661914062504,76.28310546875,77.0602392578125,79.47267578125,75.0783496093772,67.7430126953085,64.2764599609337,47.2928125000028,43.6777148437513,43.9505957031212,-2.63861633300758
"4247",-4.26950256347694,2.75321807861353,-1.21824935913097,6.7321191406256,7.8569482421882,10.7526440429697,16.8033862304702,25.8447338867211,41.2732128906287,58.4652929687535,66.176318359375,65.034375,71.5847314453125,67.5858740234395,61.5518847656214,59.3145605468715,42.441372070315,39.1925292968761,41.1967626953089,-3.34922882080049
"4248",-4.14303802490271,2.92494354248073,-0.98414108276376,7.16709350586001,8.50796203613357,10.9517163085947,18.1612280273454,28.3022949218775,43.6383496093789,63.4986132812538,72.0208544921875,69.34982421875,76.194306640625,71.7131884765646,66.1589746093711,62.0817285156213,45.0013916015652,41.2645410156262,44.3260693359336,-2.86792144775366
"4249",-4.17041229248084,2.96464843750026,-1.00898391723642,7.54073730468817,8.42752563476638,11.8122412109386,18.9561975097673,28.7477807617213,44.977734375004,62.9325927734412,72.332998046875,68.043994140625,77.6457275390625,73.3991064453146,68.5341748046835,65.0362890624962,49.1503466796904,42.8764892578138,46.6667480468709,-3.06069152832004
"4250",-4.04515441894567,2.93663879394557,-1.42714797973646,6.11851562500055,6.3630413818365,10.1089135742197,18.6961499023454,29.5464892578151,46.5764160156291,65.9179443359414,77.01599609375,71.238779296875,83.27544921875,78.5310058593773,75.6882324218706,71.5085888671833,54.9620019531283,44.6024755859388,51.110903320308,-2.86143554687475
"4251",-4.21307373046913,2.42709304809592,-2.58165374755882,3.91629028320347,3.82037841796909,6.81854431152405,15.6228564453139,26.4021166992211,45.8618701171916,67.746923828129,80.86875,75.7391748046875,88.98568359375,85.3182812500025,84.5694335937451,80.6406835937452,62.8983740234413,44.5855371093763,55.7681249999951,-3.35677673339814
"4252",-4.1011941528324,2.48397430419944,-2.65551940917993,3.49581359863312,3.45032623291046,6.75760620117248,16.231430664064,27.7427343750025,47.4254248046917,68.327832031254,80.8487109375,74.50865234375,88.2178125,84.0693066406274,82.5251171874952,78.7021826171828,61.8835156250037,44.6966015625013,53.9426904296828,-3.81908203124967
"4253",-4.22271270751991,2.38928070068381,-2.79414855957056,3.15372467041044,2.99672363281277,6.25177856445368,14.8092321777357,25.736970214846,44.9223779296915,64.9746386718789,78.5580859375,72.76994140625,86.3108984375,83.3028125000024,82.8960449218702,79.0583984374953,62.7154833984413,45.5878662109388,53.6882714843703,-3.71860534667936
"4254",-4.24252716064491,2.43990417480491,-2.59630798339867,3.76591461181674,4.08485321044958,8.01714965820384,17.5409936523453,28.3940014648463,47.6311376953167,67.421884765629,79.3871484375,70.8000830078125,84.855810546875,81.0511035156273,79.1874072265579,75.5484179687455,56.8731396484409,45.0632812500013,51.8881445312455,-4.22995666503869
"4255",-4.1135476684574,2.57058929443382,-2.68757629394555,3.36225463867217,3.03693695068386,6.12733337402398,14.8466882324232,25.9836621093773,43.4915380859414,64.2425000000038,77.575439453125,68.6083447265625,84.22908203125,80.0964062500023,78.4495361328079,74.7198193359331,52.9926074218782,42.1394140625012,49.0758984374957,-3.81779052734342
"4256",-4.27143676757851,2.65625091552758,-2.38077484130881,3.98704010009801,4.08431243896521,7.05812927246157,16.1448852539077,26.8289672851586,45.3655224609415,66.3710449218789,78.211953125,68.672529296875,84.364443359375,79.6543750000023,73.7201269531207,69.2905859374959,48.0675000000029,42.7604785156262,45.585644531246,-3.82273895263639
"4257",-4.13329071044959,2.86929992675807,-1.86307312011735,4.83050811767621,5.43472839355517,8.13203369140698,16.9897265625015,27.3260400390649,45.227382812504,66.4995117187539,77.53515625,67.958525390625,83.911025390625,77.3854589843772,69.0463232421835,62.9756494140588,42.390512695315,40.2585034179699,41.3205273437464,-3.36165008544892
"4258",-4.23698883056678,2.84952758789088,-1.78815124511735,5.80870056152396,6.99655395507875,9.79025451660244,18.2164526367204,28.5553857421901,44.6265478515665,64.9155664062538,73.962568359375,63.1416015625,78.786572265625,72.5182861328146,64.4902246093712,59.7346874999965,40.0496191406274,39.8019873046887,41.4081787109339,-3.34916107177705
"4259",-4.01247558593786,3.50891906738312,-0.645899963378964,7.75225036621163,9.66507568359461,11.6015356445323,18.9026977539079,28.216958007815,44.2299267578164,63.0331494140662,70.0550048828125,59.2423779296875,75.058427734375,69.1461669921895,62.6046874999963,57.8903564453091,41.7344921875025,40.8062500000012,42.8046728515588,-3.71623291015593
"4260",-4.07859405517615,3.3619970703128,-0.728769073486393,7.51031005859442,9.91667114257901,12.6391064453136,21.1468188476581,30.9534082031278,46.9657519531292,66.898476562504,73.526923828125,62.47611328125,77.805078125,71.6544824218771,65.4687011718712,61.3075292968714,45.3318701171902,42.0569189453137,45.827128906246,-3.93334228515591
"4261",-4.20227508544959,3.38294158935577,-0.799625930786204,7.88238708496164,9.97784057617277,13.1336035156262,21.3650268554707,31.1643066406278,47.9895507812543,68.162333984379,74.0754296875,64.2503369140625,78.560224609375,71.9722167968771,66.3426416015586,62.1211669921838,47.9323730468779,42.6765722656262,47.8852636718708,-4.41249755859336
"4262",-4.16985107421912,3.43258819580109,-0.904268417358479,7.6153967285163,9.63920471191492,12.9648730468762,21.3259619140644,30.9463476562528,47.9996875000043,68.6764990234416,75.59330078125,66.722900390625,80.1241015625,73.1321972656271,67.2661328124961,62.7449902343713,48.2149414062529,42.2288183593762,48.6010986328083,-4.1256256103512
"4263",-4.26695587158241,3.30575012207061,-1.18783103942882,7.20792724609439,9.81933471679775,11.9734008789073,20.0455957031268,29.1841992187526,46.6252832031292,66.756679687504,72.9984375,64.53228515625,77.0766748046875,71.3138769531271,67.0026171874961,62.9912890624963,48.0442138671904,40.7674121093762,47.9510253906208,-5.02825012206987
"4264",-4.21047607421913,3.42213989257843,-1.18828826904307,7.00303466796937,9.45018676757897,11.328750000001,19.0112878417986,27.780961914065,45.186787109379,66.828212890629,73.647041015625,65.38806640625,77.11236328125,71.7829736328146,68.5794189453085,62.9574902343713,47.9918554687529,40.8722265625012,48.5978515624958,-4.54402313232382
"4265",-4.29684722900429,3.20852600097685,-1.46590484619154,6.71998413085997,8.67159057617265,11.2337683105479,18.8934777832048,28.8824560546901,47.0945556640667,68.6005859375041,75.18853515625,66.5023486328125,78.613232421875,73.3722363281271,67.919589843746,62.1333447265588,45.9763378906278,41.4997607421887,46.8582763671834,-4.66958587646444
"4266",-4.24934387207069,2.95647216796901,-1.56250671386733,6.42366760253964,7.73340087890694,10.3322998046884,17.190463867189,28.5318725585963,46.3028222656291,69.6650585937541,75.497841796875,66.5927099609375,77.71546875,73.2627734375021,66.2385791015586,62.5229687499963,43.3260644531276,41.4065771484387,45.4203759765585,-4.30458709716759
"4267",-4.21411315918006,2.98312622070339,-1.56590362548842,7.32471313476628,9.05400878906331,11.9892395019542,18.5541418457048,29.7002416992214,48.1570019531293,70.4631005859417,76.41958984375,65.10521484375,78.839775390625,74.3539501953147,68.978115234371,64.7510058593712,47.3284228515653,43.2095654296888,48.9411425781207,-4.67072509765584
"4268",-4.25417175293007,3.10153747558621,-1.41328567504895,7.48268188476629,9.24880065918051,12.2272045898448,16.3795593261733,26.9617675781274,44.291611328129,63.6522558593788,66.315986328125,53.35384765625,69.313193359375,65.5612353515644,60.537651367184,57.6424707031216,43.6269042968776,38.0556347656261,42.5484912109338,-5.23767822265579
"4269",-4.16596343994178,3.01099029541043,-1.30718475341808,7.66108520507881,9.72409179687587,13.4569860839856,16.4955468750015,29.3126611328151,46.4123583984416,67.181591796879,70.7258251953125,57.423515625,73.889111328125,69.232968750002,65.3761474609337,61.8269238281213,47.8372509765654,40.7467968750012,45.637119140621,-5.47444763183546
"4270",-4.36558441162148,2.90439666748073,-1.52293884277357,7.36864135742253,9.29927917480552,12.9442041015637,14.2560668945325,27.66114746094,44.655556640629,64.4590332031288,67.94966796875,55.9436474609375,71.8758349609375,67.205585937502,63.0937402343713,60.2535742187464,46.2262304687528,39.2042065429699,43.8893408203087,-5.62420654296826
"4271",-4.41518798828164,3.20084960937529,-1.24145126342784,7.97164001464915,9.84453063964932,13.5375280761731,14.4630615234388,28.06835449219,44.5592138671915,66.1721044921914,70.1030859375,60.563173828125,73.066259765625,68.244931640627,64.9085058593712,60.9679345703089,47.1408984375028,39.3600561523449,44.9961376953086,-5.76075927734325
"4272",-4.35244323730508,2.87093292236354,-1.69895019531265,7.52660522461005,9.09936889648519,13.0837426757824,14.101091308595,27.6062768554712,44.684960937504,65.2870898437539,70.453134765625,62.0125390625,74.026953125,68.723515625002,65.4405517578087,61.2187841796839,46.6820947265653,39.7443017578137,44.4591650390586,-5.79584594726512
"4273",-4.42268005371133,2.72950775146509,-1.81791229248063,6.92884582519593,8.65656982421952,11.7268835449229,12.143406982423,25.7489404296898,42.9234375000038,62.9653271484412,68.9603125,64.5435546875,73.0905615234375,68.083320312502,63.9398339843713,59.1184277343715,42.8197558593776,39.0496850585949,43.2089257812462,-5.51268005371046
"4274",-4.37806610107461,2.83467132568385,-1.95500686645525,6.5736260986334,8.11655761718822,10.1940515136728,11.6426110839854,24.9008032226585,41.4128710937537,61.4505175781286,66.7283349609375,64.124541015625,71.062431640625,66.2864550781269,61.4186572265589,57.4570117187466,40.965239257815,37.8357958984386,41.3364794921839,-5.89866577148386
"4275",-4.48537475585977,2.76866058349634,-2.02233306884784,6.49685302734433,7.95296936035227,9.22557189941489,11.5413977050792,24.3822290039084,41.7707519531287,60.8539648437536,66.6479833984375,70.7943212890625,71.46794921875,67.0103125000019,62.5961230468713,58.7292578124965,42.7690625000026,37.7620068359386,42.1292187499963,-6.16452270507759
"4276",-4.26959411621132,2.87188903808619,-1.80040557861344,7.08976440429751,8.29096801757886,10.2459326171884,13.2518847656262,25.6318969726585,41.7277929687537,61.6711865234412,68.1250390625,71.0824072265625,72.6164892578125,66.3308203125019,57.4532031249966,53.1326318359343,37.583181152346,36.7867358398448,40.6496582031215,-5.07913818359331
"4277",-4.2889889526371,3.16470153808622,-1.54435409545912,7.4137884521491,9.4055328369149,11.4475915527354,15.3135375976576,27.4856030273462,45.1763232421915,65.0187988281289,70.73583984375,77.0651416015625,75.323134765625,68.8660400390645,62.6185107421838,58.1320849609341,44.4730126953152,39.8036157226574,44.1958740234336,-5.39626770019484
"4278",-4.11748382568396,3.27002929687529,-1.27343116760265,7.69852600097725,9.79113159179775,11.3784033203135,15.7756494140639,27.7570678710962,44.705175781254,63.6663525390663,68.5852783203125,74.643134765625,74.0510595703125,68.070703125002,62.7285156249963,58.3133300781215,44.4390625000027,39.3811425781262,43.9790185546837,-5.43859924316359
"4279",-4.29925048828163,3.12395812988309,-1.47750000000013,7.00846252441469,9.09388793945394,10.6093225097666,15.0873559570326,26.4531762695336,42.8397558593788,60.4014306640661,66.08443359375,70.348125,71.1523828125,66.4652490234394,60.545180664059,56.6514062499966,42.1962695312525,38.0409472656261,42.6263232421838,-5.84964294433543
"4280",-4.26954833984413,3.25990325927763,-1.37272201538098,7.18850402832095,9.6051312255868,10.706181640626,16.5658825683609,27.8732128906275,44.4507958984415,63.2815625000037,67.966357421875,70.165634765625,71.6470703125,66.4849462890644,58.5102246093716,54.2062597656218,42.213579101565,39.1168115234386,42.7872070312463,-5.34820922851516
"4281",-4.25405151367226,3.27486572265654,-1.29572967529308,7.32226013183659,9.89253051757901,10.858505859376,16.4701660156265,27.93653808594,44.6876708984415,63.0346777343787,69.17,71.36892578125,73.631494140625,68.6928564453145,62.3275292968714,58.296821289059,44.9971826171902,39.3315869140636,44.4981494140586,-5.75526184081981
"4282",-4.27872283935585,3.08299713134793,-1.50729690551771,6.57526367187559,9.06084289550862,10.11093322754,15.3679992675795,25.5046118164085,42.6379199218788,58.7611621093785,65.317314453125,66.5489404296875,71.017412109375,65.3213769531269,60.048901367184,55.6401855468717,43.2246777343776,37.2051098632823,42.1257324218713,-5.98498413085885
"4283",-4.12076141357459,3.03445770263699,-1.32037933349621,6.67154418945372,8.81039550781329,9.73068664550868,15.8335791015639,24.4477539062522,42.3759667968788,59.762348632816,66.3095068359375,67.32404296875,73.49154296875,66.9812011718769,62.6229687499963,58.3672363281215,45.6587158203152,37.9401684570324,43.6477050781212,-5.44957702636671
"4284",-4.18554779052772,2.76937561035181,-1.49431182861341,6.19892272949274,8.0174969482429,9.34422607421958,16.318374023439,25.3127734375023,43.7050000000039,63.1798291015662,69.96623046875,71.1422998046875,76.9976171875,70.5511669921895,66.6955078124961,61.9157763671838,48.9030371093779,39.8230078125012,45.323994140621,-5.40777893066359
"4285",-4.02942230224645,2.83715667724635,-1.35524536132825,6.36575744628963,7.88798828125071,9.30840942382896,16.5909863281265,24.0480615234396,41.3532617187537,59.211948242191,65.949111328125,65.362705078125,70.905830078125,65.5655468750019,58.5325634765591,54.4973779296843,42.1283007812525,37.1310791015636,41.2389453124964,-5.26801391601516
"4286",-3.9863778686527,2.75446075439478,-1.35768157958997,6.61366821289122,7.90155456543039,9.4679467773446,17.0549414062515,24.5748291015647,41.8374511718787,57.0644091796909,64.42029296875,62.871884765625,67.345390625,63.5642578125018,51.804169921872,48.7144580078096,37.847897949221,36.0229345703136,37.0677783203093,-4.1866021728512
"4287",-4.09324432373083,2.8948138427737,-0.940764541626061,6.67064208984434,7.62149108886787,9.14230773925863,17.009145507814,24.4838696289084,40.0833349609411,53.7863574218782,61.022822265625,59.37595703125,64.6505712890625,61.6880468750018,56.1337011718717,53.0330175781219,40.2281201171899,35.1212744140635,39.7358007812465,-5.21640624999954
"4288",-4.04876647949255,3.12817901611356,-0.997241058349698,6.89018188476624,7.98707275390696,11.1258850097666,19.2203393554705,27.4084301757837,43.2867578125039,58.7763085937535,66.4440771484375,65.650078125,68.858330078125,65.3518310546894,56.1700439453092,51.4953906249969,40.9300756835962,36.9387353515636,40.9048437499964,-4.73750915527302
"4289",-4.20733551025428,3.08497253417996,-1.10090133667002,6.66387634277403,7.00931640625062,9.87233398437588,17.7709741210953,25.8483007812523,41.9560058593787,56.1487792968783,64.304794921875,62.7287255859375,65.213291015625,63.0137207031268,51.334306640622,47.2742187499972,36.3337402343772,34.4739794921885,37.3652685546842,-4.50072875976523
"4290",-4.22002227783241,3.10830993652371,-0.899027328491291,6.87749023437561,7.17773315429752,10.7309106445322,18.6691906738298,27.448247070315,42.8576171875038,57.0001171875034,63.77921875,59.9393798828125,63.3168701171875,60.9375683593768,45.3891210937473,44.3714160156224,34.9970068359396,33.8457470703135,35.3313720703094,-4.53604187011679
"4291",-4.45729858398477,2.93977325439479,-1.04502395629892,6.7225097656256,6.67183410644591,10.2826123046884,17.6439685058609,27.2617187500024,41.9718701171912,55.7413037109408,63.4074169921875,61.7112744140625,62.94740234375,60.7081298828143,49.4560595703096,47.5876123046847,36.2826513671897,33.8141943359385,37.6354296874967,-5.55374267578077
"4292",-4.41229675293008,2.77500305175806,-1.20270141601573,6.2541058349615,6.26778076171931,10.1946417236337,17.1553796386734,26.5004394531274,41.2993066406287,57.1838818359409,65.765751953125,65.2452734375,66.2215869140625,63.1477539062518,51.343984374997,48.4885644531221,36.7225073242209,34.0530200195322,38.2449462890592,-5.66637695312451
"4293",-4.31570434570351,2.6230767822268,-1.14407676696788,6.39445190429745,5.43824584960986,9.72021118164149,17.821820068361,27.3480297851587,42.8061914062538,61.0078906250036,69.3157861328125,70.01130859375,71.2987255859375,67.432353515627,58.9212890624966,54.6369628906218,41.209086914065,36.9080712890636,43.0483691406212,-5.91348999023386
"4294",-4.41248138427774,2.56287231445335,-1.14944168090831,5.97404663085991,5.13812866210983,9.33180908203208,17.7067004394547,27.9789916992212,43.1875292968789,61.2177636718786,69.46720703125,69.916455078125,73.365,67.993535156252,60.8445703124964,55.7724951171842,41.9646484375025,36.2957080078136,43.6380810546837,-6.15383789062446
"4295",-4.48449310302774,2.59716674804711,-1.1895664215089,5.72472534179739,4.89805664062544,8.22462280273511,15.7236303710952,25.4413330078148,38.8381640625035,54.5518847656282,64.416396484375,63.209580078125,67.666015625,62.8327539062518,53.4179199218719,50.0358154296845,36.3772851562522,32.2687207031259,38.7397607421841,-6.12891906738228
"4296",-4.54847747802775,2.43331451416037,-1.15797393798838,5.63740112304738,4.3037301635746,8.32674316406324,15.0102478027357,25.5028710937523,40.1715234375036,57.6914697265659,66.736162109375,66.858310546875,71.7183984375,66.0199511718769,58.9404394531216,56.2380468749967,41.0080957031275,34.506152343751,42.3021777343713,-5.91856079101511
"4297",-4.39673675537149,2.60732666015648,-0.856612548828201,5.74416503906301,3.90918731689488,8.28766113281324,15.5505981445326,26.0640283203148,40.4925634765661,57.7047802734409,66.7931494140625,66.882802734375,72.69953125,66.4534619140644,58.5820410156216,55.6654296874967,40.6501708984399,34.415683593751,43.2546874999962,-6.38865600585882
"4298",-4.45916687011759,2.73897521972681,-1.01218528747568,5.81552368164114,3.70629699707064,8.23311889648511,15.2693505859389,25.9839062500023,39.1790551757847,56.7110742187534,65.2830517578125,65.208837890625,71.827548828125,64.8964941406269,58.0392871093716,55.3618554687467,41.455649414065,33.4041845703135,42.8695068359338,-6.48137878417912
"4299",-4.12336059570349,3.01037841796902,-0.283702507019068,6.12243774414117,3.61921386718782,6.87973693847718,14.1866564941419,23.4954541015646,34.2929248046906,56.6145947265659,65.0988232421875,64.01529296875,71.8416455078125,64.5967285156269,55.7677148437467,54.6942480468718,40.7404565429712,32.4917309570322,40.8773193359339,-6.49723144531193
"4309",-3.11600769042996,4.02106353759801,0.007316093444825,7.1111578369147,4.92321533203169,5.98342468261772,16.0759472656264,21.5931518554707,34.023017578128,63.3784863281288,56.752109375,53.99498046875,65.7543896484375,62.0205859375018,50.2203710937471,53.3911962890593,32.5713647460957,33.4160888671885,33.8868212890595,-3.59005767822234
"4310",-3.32911437988311,3.86665069580113,-0.156262912750258,7.15788452148501,4.44572601318399,5.99567565918022,15.3068835449232,21.3967211914082,34.1194946289093,62.0728906250037,56.726845703125,54.4344921875,66.62265625,62.1969384765643,52.1147607421845,55.3209667968717,33.2530517578145,34.1831005859385,35.1991943359344,-3.73509490966764
"4311",-3.10567077636746,4.42666320800821,0.125957336425792,7.54350952148505,4.88792327880903,7.33995605468816,17.064184570314,23.2383984375021,37.4513452148471,65.9907910156289,59.9809130859375,58.0510302734375,69.2646533203125,65.4677587890644,55.7696289062467,57.9273486328091,37.910866699221,37.1328027343761,38.1387499999967,-3.02885131835911
"4312",-3.35749786376983,4.40269104003946,0.23633140563967,7.62607299804755,5.77458801269583,8.6607189941414,19.1679467773455,25.9954980468773,39.3945971679723,69.4016015625041,64.43662109375,63.430361328125,73.9381591796875,69.6970361328145,64.0469287109338,64.6054833984337,45.0788769531277,40.5929345703137,44.0404882812462,-3.04294372558567
"4313",-3.3742285156253,4.13195678710974,-0.158252916336074,6.69304321289122,4.50480194091837,8.2468756103523,18.8480541992204,26.3763940429711,41.5213769531287,74.0189160156294,71.44783203125,71.6563232421875,81.3856982421875,77.5384667968772,72.7877880859332,72.2343261718707,53.2534716796907,44.6149658203138,51.3722656249955,-2.06011062622052
"4314",-3.23132080078154,3.94106292724645,-1.06841751098642,4.3553302001957,1.38016921997083,3.04285827636746,12.5011987304699,19.7095935058611,36.8551220703158,71.0155078125042,72.94703125,79.13353515625,88.0372265625,86.1373437500025,84.898710937495,83.83749023437,65.955292968754,47.9354589843764,57.088437499995,-1.62058502197252
"4315",-3.38756256103546,3.45423370361359,-1.54072433471693,3.48889801025422,0.343608703613312,1.42833587646497,9.25360534668051,15.4747192382826,35.0319287109406,67.6070751953165,71.15712890625,80.0108984375,88.121064453125,88.4416015625026,90.3426953124947,89.5529785156197,72.4635742187543,52.8667480468765,56.869999999995,-1.53066940307604
"4316",-3.09850158691434,3.59143280029329,-1.70992935180679,3.13631286621122,-0.017022149562837,-1.1384408569337,5.72434448242239,12.3772875976574,30.3013769531277,59.708784179691,64.22669921875,74.26318359375,83.4509375,84.7838378906275,86.4544921874949,86.3883105468699,69.1415039062541,45.8904589843763,50.8354980468706,-0.933493652343668
"4317",-3.21184539794951,3.41856475830109,-2.04312835693378,2.48896636962913,-0.152475509643568,-3.1136682128909,3.42958129882843,8.6993273925789,25.425407714846,52.8672851562531,54.8706982421875,60.0456103515625,72.0010693359375,72.4259765625021,71.7116601562458,73.4045605468706,52.6782812500032,28.4546044921883,41.4810742187464,-0.469039916992147
"4318",-3.1161584472659,3.67310668945345,-1.65613449096695,2.93207702636745,0.307941093444852,-3.01573120117214,4.98094451904341,9.35925659179771,27.7384960937525,58.8697753906285,62.5329296875,69.280712890625,80.8649609375,81.0295800781274,82.7302050781202,82.6584765624951,66.560097656254,36.7500097656261,49.2784863281207,-0.237791366577128
"4319",-3.39896392822296,3.35164978027374,-1.61162307739272,3.20646942138701,0.858743362426834,-1.23732101440441,7.01930053711,12.9985803222668,31.4967041015653,62.0370361328162,66.604580078125,74.003388671875,84.61623046875,84.0697558593774,85.839785156245,84.591503906245,68.6383837890666,45.1031494140638,52.6490234374954,-0.913223495483319
"4320",-3.2570669555667,3.22908660888701,-1.71238311767593,3.31588562011748,0.751135482788153,-1.7691351318361,6.15352844238336,11.7320166015635,32.1171875000029,65.0260302734414,70.379931640625,79.243427734375,88.2468359375,89.9440625000026,92.4376464843696,91.3884960937446,74.9585546875045,54.5075732421891,53.8495410156203,-1.19393348693837
"4321",-3.20369873046904,3.08427886962918,-1.60870147705092,3.5625296020511,1.14775344848643,-0.900484619140705,7.72218505859444,14.8048095703138,35.0463476562531,66.568710937504,72.637451171875,81.850478515625,91.78126953125,93.1481250000027,96.8313769531193,94.8577929687444,79.6994042968798,56.5122119140642,56.5940136718701,-1.52047729492174
"4322",-3.20338378906279,2.93384246826198,-1.67779067993179,3.41232543945343,1.49215560913099,-0.935250854492271,7.40564941406316,14.7078784179701,35.3602221679719,65.6653173828164,71.57611328125,80.2878125,90.16255859375,92.0215234375027,93.9440624999945,92.5331347656195,75.2241308593795,50.1371191406265,54.0944140624953,-1.61661682128892
"4323",-3.16199096679716,2.84508972167994,-1.6686711120607,3.15415344238309,1.18152557373057,-1.64715286254898,6.10459411621148,13.9238964843762,32.9352441406279,62.6749462890662,69.20029296875,76.365908203125,86.2269140625,87.1071386718775,87.2349023437449,85.2283496093699,67.4721533203165,45.6711523437513,53.0856591796829,-1.95974960327131
"4324",-3.3658935546878,2.58641174316429,-1.87896636962907,2.98074951171902,0.882444534301837,-0.571530342102102,6.81575317382873,15.2993273925795,33.486757812503,63.0014208984412,69.699150390625,74.73681640625,83.522880859375,84.0011035156274,82.1981347656202,80.3820410156202,60.6086816406286,41.7162158203137,50.6600048828081,-2.0511184692381
"4325",-3.2574136352542,2.67205688476586,-1.67905578613296,3.00815032959011,1.24254104614269,0.743278808593816,8.75876342773516,17.6433166503922,37.7144506835971,68.4829443359416,75.6559326171875,80.0291943359375,87.76953125,88.3075976562526,87.3145605468699,84.62434570312,67.873916015629,45.6342578125013,53.9087402343703,-2.10299896240216
"4326",-3.39862426757843,2.50914489746116,-1.76733062744156,2.92263977050807,1.60894226074233,2.07703399658222,10.9986096191416,19.283029785158,40.1608178710973,69.2670458984416,76.91970703125,80.687314453125,88.911240234375,89.1870117187526,87.4432421874949,84.157070312495,67.368408203129,46.1835058593763,55.2729003906202,-2.55567855834939
"4327",-3.34529418945342,2.50297027587913,-1.84559234619157,2.8352499389651,1.34238784790051,0.802643661499095,8.17827819824292,16.5345507812515,36.9020507812533,65.8763085937539,73.627841796875,75.9002490234375,85.41978515625,85.9566210937525,84.1105273437451,80.5582226562452,61.9213574218787,42.1280322265637,52.4970996093704,-2.37480865478495
"4328",-3.53556121826203,2.52596801757835,-1.63815231323257,3.49489990234406,2.137678833008,3.06272613525418,11.9181066894542,20.8917724609394,41.9648437500037,71.9134765625043,80.0443408203125,82.519580078125,91.58287109375,90.9259667968776,90.9865624999947,87.5138476562448,71.3110937500043,48.3065820312514,56.3828320312451,-2.46123565673807
"4329",-3.55467895507844,2.43261932373069,-1.72859100341812,3.29585571289092,1.99017883300799,2.68707000732446,11.4684118652354,20.4857250976581,41.7896630859412,72.5279833984418,80.2216943359375,82.808076171875,93.855927734375,93.6801855468777,95.5556054687444,91.8988574218696,76.3358496093796,51.1407714843765,57.6067529296825,-2.68921081542945
"4330",-3.23139709472685,2.47362915039084,-1.57379241943373,3.33463958740264,1.89451110839861,3.56161346435579,12.398338623048,22.417734375002,43.3093798828164,74.4420410156294,82.2765625,85.70966796875,96.434794921875,96.5373437500028,100.617382812494,95.8089062499943,81.3757226562549,52.9613378906265,58.6523828124949,-2.73116333007789
"4331",-3.43076232910187,2.40755813598654,-1.93097763061541,2.44433273315452,0.825550537109449,1.2396957397462,8.02662475586009,18.1990307617204,37.5741210937534,68.8081982421916,77.1745263671875,80.456318359375,93.0891015625,92.0174414062527,95.1794238281194,89.9264843749947,75.7114746093795,46.5313134765639,56.5856738281201,-2.165280151367
"4332",-3.39297424316436,2.48816406250022,-1.99548278808612,2.09892745971698,0.187246131896989,0.367329711914095,5.84034606933646,16.8013500976577,34.4249682617218,66.2390917968789,75.3806982421875,80.7766650390625,93.903720703125,93.2880957031277,97.5857031249943,92.1306835937445,79.4399609375048,47.7190722656264,55.6131445312451,-1.68507278442368
"4333",-3.48152374267609,2.52819656372093,-1.89403747558611,2.16330139160176,0.496454277038618,2.104290161133,8.07476684570385,19.3319152832049,37.3621289062533,69.3535888671916,77.88203125,82.17462890625,94.611796875,92.6945507812527,95.0812304687444,90.5710156249946,77.9143261718797,47.1278125000014,57.288886718745,-1.86084259033187
"4334",-3.39995971679718,2.61905059814476,-1.87070404052751,2.29297912597677,0.828894042968824,2.80456970214869,8.402951660157,20.4372021484393,38.7401269531285,70.9424804687542,79.268447265625,84.62677734375,94.71625,93.4245507812527,95.3777832031194,91.4749609374946,79.0979150390672,47.6164013671889,56.88459960937,-1.77529113769516
"4335",-3.4910614013675,2.70346801757837,-1.67356445312515,2.46389694213889,1.21765434265148,3.58924652099641,9.08941528320394,20.2190979003924,38.972641601566,69.6710644531291,78.632568359375,84.188251953125,93.0557421875,91.8216992187527,92.7962695312446,88.9195605468697,76.5766796875046,47.4898486328139,56.63588867187,-1.75382354736313
"4336",-3.52535766601594,2.74054321289087,-1.93715270996111,2.15353927612324,1.13459426879893,2.01856018066424,7.011341552735,18.0497729492204,37.5489086914096,67.743691406254,77.443818359375,84.300791015625,93.45416015625,91.8788671875027,93.1337499999946,89.0114746093697,76.3372753906296,43.4232568359388,57.1084130859325,-1.67217620849595
"4337",-3.52550903320344,3.03711425781277,-1.28137542724621,3.54602386474641,2.78762176513697,5.85439270019583,12.4640014648449,23.4423046875021,43.0514794921913,72.1428466796918,80.7702197265625,84.64306640625,92.7291796875,88.9497753906276,83.3547949218701,79.1716894531203,61.6344091796912,41.7870751953137,51.0151171874955,-1.53614379882799
"4338",-3.71698059082064,3.32296508789092,-0.638688125610409,5.12026000976608,4.73670410156292,7.8746044921882,13.7550329589856,23.8062304687521,42.2889648437538,69.1031884765666,75.651318359375,77.993759765625,83.145771484375,79.4921777343773,73.0782714843707,68.9071240234334,49.3512841796905,39.1025366210949,45.0612841796836,-1.71053802490219
"4339",-3.67619689941439,3.62779937744173,-0.351258277893098,5.9168884277349,5.29749511718797,8.46394226074294,15.0280297851576,24.987399902346,42.1598095703163,66.6923486328165,72.96154296875,74.245146484375,77.4220751953125,73.4829589843771,66.7455419921836,62.2591699218713,44.7449267578152,37.6399707031261,40.7002441406214,-2.28451232910136
"4340",-3.90805541992222,3.62596984863314,-0.209183673858661,6.24535583496149,5.6213671875005,8.47974365234451,16.1914672851577,24.3805029296897,43.1819287109414,67.181894531254,72.6708251953125,71.649794921875,76.52619140625,71.9379882812521,60.9899853515589,56.5703173828091,38.6092675781273,36.7954052734386,37.336916503903,-2.08212066650372
"4341",-4.11600555419959,3.42351867675812,-0.318519554138212,5.85354980468802,6.08467346191461,8.24649108886792,16.2477770996108,25.5275585937523,44.1332324218789,67.928662109379,74.666875,73.3802099609375,78.504345703125,74.8714892578147,67.9404541015585,63.6239794921837,46.7534472656278,37.1725244140636,42.2025146484338,-2.65359191894508
"4342",-4.07800567626989,3.3329687500003,-0.288289413452174,5.93624633789115,6.28972045898494,8.52439636230545,15.9018774414077,24.7022314453147,41.3033349609412,64.3334423828163,71.550263671875,69.62083984375,75.9374609375,73.3832714843771,69.9275585937459,65.6891992187461,49.367128906253,37.8154785156261,44.0031054687462,-2.65614593505836
"4343",-4.10915618896521,3.32765991210967,-0.14896652221681,6.34994018554744,6.97535461425844,9.37431884765709,16.4550878906265,25.3571826171898,42.3041503906288,64.5882177734413,71.44814453125,49.8134765625,73.22025390625,70.9304052734396,64.2153466796837,59.322124023434,43.4341748046901,37.7643676757824,41.1094140624964,-2.39522415161112
"4344",-4.05085235595739,3.05691284179715,-0.254834747314476,6.08114379882867,6.7397021484381,9.62173828125086,17.7760998535172,27.3361035156274,43.4421289062539,67.5303662109415,75.355791015625,41.195712890625,77.458603515625,75.5921972656272,67.9826708984335,62.8639404296838,44.5050878906277,39.5053906250012,44.6148925781211,-1.54409484863268
"4345",-4.26373626709022,2.92280822753932,-0.564414672851613,6.37042236328182,7.26311035156315,10.1147106933603,16.7658691406265,26.3754980468774,42.6804492187538,64.2089550781288,72.674423828125,-14.1450341796875,75.4120654296875,73.1626367187521,68.3976025390585,64.4163867187462,49.349033203128,38.8135546875011,46.1214990234335,-2.78762084960913
"4346",-4.24008972168007,2.93127227783229,-0.630418167114314,6.19888183593805,7.01564453125063,10.7194458007822,17.6454431152359,27.3065625000024,45.2123291015665,66.7361376953164,76.2351513671875,-33.7986010742188,78.9970654296875,75.8977880859397,70.9590869140583,67.046865234371,52.9473193359407,40.9535034179699,47.8028369140583,-2.47816253662088
"4347",-4.43466583251993,2.72431182861352,-1.20940612792979,5.70427185058645,6.98960021972719,10.4217065429697,17.5662573242203,26.8087353515649,44.844013671879,66.2864941406289,76.109638671875,-18.892587890625,78.959033203125,76.5840380859397,72.7572656249958,68.5160058593709,54.7431298828158,41.7963916015637,48.7453222656207,-3.02106353759739
"4348",-4.43624114990274,2.78300842285181,-1.09707283020029,5.79094848632864,6.53308654785214,11.0355053710947,17.7940185546891,27.4614062500025,45.7199511718791,65.9549414062539,75.538935546875,-49.57958984375,77.280224609375,74.5818652343772,70.2819140624959,65.8879003906211,52.3129638671906,42.1355273437512,47.5390771484333,-2.98321807861302
"4349",-4.31703247070351,2.64792755126977,-0.995934524536222,5.89317016601615,6.41159973144588,11.1185949707041,17.2004785156265,25.9828295898461,42.2256835937538,61.2746728515661,70.7835888671875,-38.8969921875,70.67298828125,67.6766455078145,57.9710058593716,55.7318798828092,40.0995605468774,38.0769921875011,40.5039233398402,-2.23076156616191
"4350",-4.25114013671913,2.89390472412135,-0.822389068603589,6.1619506835943,6.35885437011776,11.8675598144542,18.439798583986,28.0458398437525,46.6217236328167,67.092763671879,75.8277734375,40.086689453125,74.690078125,70.475253906252,53.5588964843719,51.213837890622,38.016882324221,39.5440283203137,37.9900488281217,-1.89947021484358
"4351",-4.29566406250038,2.59173767089867,-1.03899673461923,5.55466125488331,5.94135803222709,11.1190795898447,18.455902099611,28.4402563476588,46.1702587890666,68.3919531250041,77.22146484375,57.573125,78.730302734375,73.9170214843771,65.9708203124961,62.1762402343713,45.2924169921902,41.5012500000012,42.3256054687463,-2.4868487548826
"4352",-4.52966674804728,2.65541656494164,-1.06975715637217,5.31033386230516,5.05600067138717,9.48548889160241,16.2806555175796,27.455161132815,43.9601171875039,66.985859375004,75.939833984375,64.405009765625,77.3223681640625,73.4224365234396,64.2104101562462,60.5643505859339,40.9597412109399,38.7580175781261,40.8986767578089,-2.5179147338865
"4353",-4.12944152832068,2.75516632080103,-0.877710342407305,5.38789367675829,5.58557739257862,9.73505554199306,17.6825012207047,28.6860913085963,43.5551660156289,65.8608984375039,74.775048828125,72.68310546875,76.78998046875,71.9527929687521,59.2346289062465,56.5702832031216,38.6070556640648,39.0686694335949,39.1319384765591,-2.23164581298809
"4354",-4.35151489257851,2.61780181884789,-0.987411956787198,5.75353820800833,6.42709045410214,10.4723144531259,16.5550952148452,27.2011621093774,42.7382763671913,62.6832226562537,70.55130859375,72.301142578125,72.69177734375,67.694296875002,58.2753369140591,56.8256445312466,40.6939575195337,37.0786132812511,38.9229443359341,-2.95187042236302
"4355",-4.39184265136758,2.67515319824243,-0.972879104614345,5.91045043945365,7.04819396972719,10.7789270019541,17.3970483398453,28.5351147460963,43.3179003906289,64.0083007812538,72.492275390625,76.784541015625,75.0121337890625,69.868095703127,63.5542529296838,60.2619580078089,43.3892578125026,38.7537988281261,41.8988378906213,-3.18370056152316
"4356",-4.1041546630863,2.99849243164089,-0.722217102050846,6.71491638183654,7.82210510253976,11.9441735839854,18.3734667968766,28.7706518554713,44.3857958984415,63.6014648437538,72.2800341796875,72.772177734375,74.63748046875,69.776318359377,62.2863378906214,59.4315136718715,43.7941210937526,39.3391284179699,42.8365429687463,-3.40553527832002
"4357",-4.20402404785194,3.07591522216824,-0.862093811035233,6.51251953125058,7.70916625976631,11.6757067871104,18.7787866210954,28.6218090820338,46.3387255859416,66.4636132812539,74.11248046875,71.166015625,74.2455615234375,69.447919921877,60.3216113281215,57.6264697265591,42.3394531250025,40.9785546875012,43.6229296874962,-2.72374237060523
"4358",-4.10209350585974,3.06963256835965,-0.983020172119228,6.28158691406306,7.82839111328195,11.2943310546885,19.8889355468768,29.5787353515651,47.6349707031292,67.282373046879,76.0174658203125,71.19388671875,79.3723388671875,74.3398535156272,70.2959521484334,66.1526171874961,50.857031250003,42.2396875000012,50.0030224609331,-2.97236175537083
"4359",-4.22056213378944,2.82214660644556,-1.31129180908215,5.52731933593799,6.31575256347713,10.0754730224618,18.8461108398454,28.7131445312526,48.2134472656293,68.1943603515665,77.9769482421875,72.1718359375,81.3376220703125,77.0150048828147,73.5739941406207,69.6885009765584,51.6304199218781,42.8493603515638,51.629487304683,-3.03164337158177
"4360",-4.11478332519568,2.99079711914089,-1.34848022460949,5.41569824218798,5.7132293701177,9.77759826660244,19.6949462890643,31.3143017578153,49.3499365234419,69.9129150390666,80.2730859375,72.508291015625,85.0330078125,79.4878222656273,76.7961621093705,72.3389941406207,55.2877441406283,44.7676318359388,52.9012060546829,-2.58238159179665
"4361",-4.13678894043006,3.14336547851591,-1.14415283203135,5.86389892578177,6.16544433593805,9.18947875976644,19.0055200195329,28.2957397460963,46.3672363281291,66.5253906250039,77.50716796875,69.29216796875,82.73169921875,77.6512011718773,74.6431835937456,70.1917480468708,55.2461425781283,42.5247851562512,51.8077734374955,-3.45812347412079
"4362",-4.00641967773473,3.0331716918948,-1.26974761962902,4.73736755371136,4.03669830322302,7.0070788574225,16.8700512695328,27.6645996093775,47.8178271484418,67.5660107421915,79.0296142578125,71.6279296875,84.225556640625,80.2996044921898,78.0199414062454,74.0153955078081,59.180063476566,42.9475097656263,53.2014453124954,-3.31148529052706
"4363",-3.95506958007848,2.89256622314479,-1.36173492431653,5.20202331543015,4.51525787353556,7.52380737304755,16.0163513183608,26.4313525390649,44.6788623046915,64.0640673828163,75.6194580078125,65.4435498046875,80.9686669921875,76.7358251953147,74.0634960937457,70.1668359374958,54.5183935546908,41.2391552734387,50.7791894531206,-3.33099243164033
"4364",-4.14993469238318,2.60108917236351,-2.06937561035175,3.45815734863312,2.48916687011741,5.56892333984425,13.6978369140637,24.9145825195335,43.8223730468789,63.0603515625037,75.36876953125,64.1088134765625,80.18251953125,75.8903125000022,72.7696777343707,69.4038916015584,49.5188818359405,40.7239062500012,48.8453076171832,-3.79872406005826
"4365",-4.0410604858402,2.71116180419946,-2.04156082153338,3.55026550293,2.43834899902365,6.07291625976617,14.2657055664075,26.1995166015648,44.6721435546915,64.9092529296913,77.04052734375,66.8316943359375,83.1578515625,78.5313818359398,75.6349414062456,72.1525488281207,53.7823339843782,40.9811914062512,50.1502832031206,-3.36386230468721
"4366",-4.15885894775428,2.87628295898463,-1.56370727539077,4.73610321044964,4.49639373779337,7.88473876953195,16.271528320314,27.5508691406275,44.536660156254,64.7046777343788,75.9539501953125,66.4177294921875,81.5477880859375,76.3408007812522,71.9263671874958,67.460234374996,51.1919042968781,41.3058789062512,48.8211230468707,-3.6459420776364
"4367",-3.98821685791051,3.37517547607452,-0.673642349243224,6.48664306640683,6.83256774902405,10.2722241210947,17.5657470703141,27.9614355468775,44.623320312504,63.8224951171913,74.609248046875,64.316787109375,78.76376953125,72.5027148437521,66.3358251953086,61.0856884765589,43.0180029296901,39.1283251953136,44.8099121093711,-2.87843444824194
"4368",-4.07104522705114,3.21674072265654,-0.626595916748103,7.14932739257876,8.16235290527417,11.0850170898447,19.2670031738298,28.9419360351588,44.7431982421915,62.9509619140662,72.914873046875,62.6273779296875,76.278046875,70.221962890627,64.8477490234337,60.2083203124964,44.7829345703152,40.7567285156262,46.5153515624959,-3.81610809326139
"4369",-4.20993804931678,3.20871734619169,-0.436623306274453,7.13608520507876,8.75347351074297,10.928642578126,19.1371240234392,28.9022412109401,45.094882812504,62.8980908203162,71.2279296875,61.706728515625,74.964521484375,69.248837890627,62.9654345703088,58.1642773437466,44.4738330078152,39.1879101562511,45.0127978515586,-3.73660797119108
"4370",-4.24127166748085,3.36302307128936,-0.276476268768335,7.16065307617251,8.84662109375079,11.1887365722666,19.954670410158,29.5333593750026,45.6925781250041,64.6620751953163,71.783349609375,62.487119140625,74.9130810546875,68.535605468752,59.3625781249965,54.7558496093718,41.6024414062525,38.1166357421886,43.7497070312462,-3.80073120117154
"4371",-4.23225585937538,3.21784912109404,-0.385214042663609,7.31449645996159,9.07634094238362,11.3981420898448,19.2471667480486,28.6284643554713,44.778613281254,65.5790625000039,71.735693359375,62.5896435546875,74.30765625,67.6244677734395,57.2521484374967,52.9047363281219,40.3433129882837,38.0958105468761,41.1747070312464,-3.59062499999969
"4372",-4.18870819091834,3.25583465576201,-0.288236751556422,7.07789672851626,9.45310485839928,12.9774218750012,22.9122412109395,33.892197265628,49.4749267578169,71.0694677734417,77.4676513671875,69.779140625,79.7484912109375,74.4584716796897,67.5565771484336,63.0188037109338,48.8167675781279,42.1379882812512,48.7014794921833,-3.90756042480435
"4373",-4.21297637939491,3.38000640869171,-0.24328151702883,7.22440734863346,9.33801513671958,11.9977246093761,20.7677441406269,31.0395800781278,47.7710595703168,69.0309570312541,75.4359033203125,67.8448291015625,78.718525390625,72.3574316406271,66.5925488281211,60.9914257812464,46.2223339843778,40.0845727539074,45.541621093746,-4.28843536376916
"4374",-4.16285491943396,3.59438690185579,-0.181772384643571,8.0832312011726,10.2948181152353,14.0528125000013,24.0876855468771,34.4043066406281,52.6369677734422,72.2422753906293,79.23041015625,70.92142578125,81.4938818359375,75.3747363281272,70.3537499999959,65.6377246093711,52.1507666015656,43.8347753906263,50.7405908203081,-3.79375579833951
"4375",-4.16263854980506,3.39640228271515,-0.497807235717818,7.71068908691475,9.49982849121178,12.4959350585949,20.7065039062518,29.9637646484402,48.2309082031293,68.8375781250041,75.491181640625,67.2472802734375,78.5476025390625,73.3029199218771,70.4403173828084,66.3604394531211,52.1146875000031,41.5593750000012,49.8361816406206,-4.2478503417965
"4376",-4.31401641845742,3.43246124267609,-0.76756149291999,7.65488769531318,9.21326660156332,11.7075610351573,19.3815441894549,30.1973461914089,48.6023925781293,69.3489843750041,76.7536083984375,67.7152197265625,78.228701171875,73.2330859375021,69.069374999996,64.8376660156212,49.746884765628,41.6020703125012,49.4164648437457,-4.37557617187462
"4377",-4.16522033691443,3.18170989990263,-0.860978851318436,7.24959655761783,8.54855041503983,11.1245776367197,18.3238647460954,28.9643212890651,47.8879296875043,69.0802197265666,76.4331640625,67.444892578125,78.438515625,74.1529003906272,71.4086621093708,67.774921874996,53.1718115234407,41.6341015625012,51.0612304687455,-4.67426452636678
"4378",-4.25599975585975,2.99342895507839,-1.04632781982431,7.19795410156314,8.77607055664141,11.6627294921885,17.9905249023454,28.3676367187525,46.7572509765667,67.727128906254,73.2441015625,62.7740966796875,73.899736328125,69.389042968752,65.7183886718712,62.3712060546838,49.0792968750029,40.9417480468762,47.5430468749958,-5.13795593261674
"4379",-4.177261962891,2.97705047607448,-0.880644607544024,7.26927734375065,8.8855352783211,12.2093237304698,17.9247448730485,29.6163378906276,47.4502929687542,68.9703076171916,74.8426220703125,66.522919921875,76.6147802734375,71.7216650390646,67.6935107421835,63.5969042968712,49.1056591796904,41.9654296875012,47.5886669921833,-4.75036804199177
"4380",-4.31430541992226,2.89185424804713,-1.14236274719249,6.87289001464905,9.05827026367268,11.7395849609385,17.034956054689,29.2312353515651,47.3508642578167,69.0894677734416,74.2523291015625,64.937783203125,75.790927734375,71.0472656250021,67.876162109371,64.0279248046837,50.398544921878,42.4092089843762,47.5867285156208,-4.85647247314411
"4381",-4.42071594238321,2.82061096191431,-1.36521316528333,6.50057250976621,8.38848144531325,11.2128576660166,16.2271093750014,28.2891088867213,44.845927734379,68.5912841796916,74.2676513671875,67.4513671875,76.56904296875,71.7835302734396,68.024189453121,64.0924999999962,50.101972656253,41.1487988281262,47.5517919921833,-5.1021997070308
"4382",-4.47161865234415,2.93851165771511,-1.60411239624038,6.27771057128962,7.76464843750069,11.0232312011729,15.1935156250014,27.9466992187525,44.889853515629,67.5920361328165,73.75171875,67.7239453125,75.7884130859375,70.552558593752,66.1090234374961,61.8691162109338,46.6872509765653,40.8583105468762,45.9108935546835,-5.12422241210893
"4383",-4.52135498046915,2.62218841552758,-1.5559983825685,6.23820800781306,7.92275939941477,10.8866076660166,15.1109362792982,28.0791601562525,45.3916015625041,69.1378027343791,74.71091796875,69.3610302734375,76.41,70.6356591796896,63.2552343749963,58.358901367184,44.1219726562526,40.3491113281262,45.0364941406211,-4.57892059326132
"4384",-4.31828857421914,2.31006103515646,-1.32436676025402,6.64004516601622,8.53664855957107,11.1658813476572,15.8869580078139,29.2133544921901,45.267695312504,67.857529296879,73.75525390625,68.7916748046875,75.141357421875,69.386992187502,60.3189257812465,56.2077929687467,42.543032226565,40.2296020507824,44.0739941406212,-4.4280145263668
"4385",-4.49337219238321,2.32827285766622,-1.80525711059586,5.93949401855522,7.82137145996163,9.74985961914149,14.9828759765638,27.6387768554712,43.6107128906289,65.8864990234414,71.9546875,69.518056640625,73.833134765625,68.789541015627,61.5025683593714,57.2538769531216,43.3331445312526,39.2466992187511,43.9489013671837,-5.24356018066361
"4386",-4.41531250000039,2.57993133544945,-1.61114456176772,6.27577880859431,7.80056030273507,9.5552319335946,15.3415502929701,26.3788159179711,42.0269628906287,63.6462011718788,69.7961376953125,66.94703125,70.4489990234375,65.2680273437519,55.1678613281218,52.0642968749969,39.5511596679711,37.2867382812511,41.6710693359339,-5.12792602539018
"4387",-4.29980133056679,2.89644042968776,-1.07625045776377,7.13909484863345,9.16782958984457,11.5058557128917,17.8520068359391,28.3858789062525,45.8950976562541,67.2043505859415,72.7355322265625,72.6927734375,74.0180322265625,68.175351562502,62.3572314453089,58.3272265624965,46.7000976562528,40.2926123046887,45.7918798828085,-5.20298034667923
"4388",-4.18834838867225,2.95922607421901,-0.910597915649495,7.22751892089908,9.62973144531336,11.6871569824229,19.4131042480486,30.0068310546902,49.1836181640669,69.6212597656291,75.5410302734375,74.66984375,77.533046875,71.2937109375021,64.7238574218712,60.0894433593714,48.0263281250029,41.6502880859387,47.4371533203084,-4.76697143554646
"4389",-4.28808837890663,2.91148101806667,-0.901246032714924,6.76708862304748,9.02242919921956,9.94950195312589,16.8753149414078,27.4602612304712,44.1412646484414,64.2577294921913,70.5732568359375,69.987421875,73.0823486328125,67.206982421877,60.8150439453089,57.4297851562466,44.9662500000027,39.8178027343762,43.8272314453087,-4.92516510009723
"4390",-4.30678405761757,2.85717651367213,-0.951927566528405,6.67056457519591,8.95322998046955,10.1657104492197,17.342514648439,28.0197924804712,44.655068359379,64.5472949218788,69.91876953125,69.104189453125,72.487373046875,66.1112792968769,58.4223876953091,55.0827050781217,44.4127001953152,39.2284765625011,43.8962597656212,-4.92049011230426
"4391",-4.32895874023476,2.76836608886744,-1.01361167907724,6.65639343261778,8.6613293457039,10.5253613281259,17.5235302734391,28.0412084960962,45.4390966796916,65.2040917968789,70.788466796875,68.778505859375,73.44048828125,66.8852734375019,59.380043945309,55.3073437499967,44.9420019531277,39.0323046875011,42.7737304687463,-4.52298248290976
"4392",-4.23344543457069,2.77292419433619,-1.01173500061044,6.32899963378963,8.48193054199294,10.3172399902353,18.140589599611,27.795825195315,45.7011035156291,64.9713964843788,70.5555078125,69.016748046875,74.6266796875,67.858613281252,62.2420361328089,57.5690917968716,46.4052783203153,39.2699511718761,44.3906396484336,-4.48457092285117
"4393",-4.28777465820351,2.67719970703149,-1.16040275573741,6.0768023681646,7.59206481933662,9.53608825683679,16.9539318847671,25.1060083007835,43.2993798828164,61.5571386718787,67.5815087890625,66.5072802734375,73.318720703125,67.1468554687519,63.8785644531213,60.3186718749964,48.5204541015654,37.8874609375011,45.0147949218711,-5.24202880859329
"4394",-4.27624938964882,2.70159393310571,-0.948845062255944,6.76525146484435,8.87616638183673,11.2964855957041,19.1107958984392,26.6040771484399,44.6382275390665,62.3202050781287,69.1024951171875,68.03810546875,74.420751953125,67.536777343752,62.2137353515589,58.305864257809,47.1978417968778,38.2546679687511,44.3237646484336,-4.99946411132769
"4395",-4.07496734619177,2.73010009765649,-0.832246551513746,6.33198852539119,8.42800292968825,11.4970971679698,20.6403637695331,28.19390136719,46.9596777343792,65.1946240234414,71.802265625,70.558310546875,76.234150390625,68.509062500002,56.5091015624967,52.1748535156219,43.5793994140651,38.3551684570324,40.8761230468714,-4.12419403076136
"4396",-3.99078277587926,2.77340911865259,-0.760636444091865,6.86079589843811,8.65910949707109,10.9252770996103,20.1383105468768,26.9144213867211,44.8839599609415,61.9285205078162,69.274375,66.2003125,71.855810546875,65.7050341796894,53.6133642578094,50.5159228515595,40.8373144531274,36.2886962890636,39.515815429684,-3.86636291503872
"4397",-4.19126892089881,2.58669128417992,-0.855150222778397,6.09733276367242,7.59565124511786,10.1310510253915,19.6204113769549,27.3036767578149,44.7831689453165,62.5401269531287,70.195302734375,67.675703125,72.389814453125,67.1269921875019,60.7823925781214,56.5372216796841,45.8636767578152,37.7995410156261,44.1731298828086,-4.76870117187458
"4398",-4.07923706054724,2.86628479003932,-0.78149299621589,6.38407897949276,7.7534307861335,10.7273254394541,19.6580322265643,27.8458178710962,44.1860595703164,61.0697412109411,69.072822265625,65.1709423828125,70.257060546875,65.9220410156269,57.6998144531216,53.3634277343718,42.7825781250026,36.9917749023448,42.4164160156213,-4.14335083007776
"4399",-4.25998535156288,2.81428375244166,-0.809006500244213,6.31985961914119,7.37630981445378,10.984384765626,20.2374707031268,27.9742773437525,44.0991162109414,61.4545019531286,68.955859375,64.2325146484375,68.141025390625,63.8934716796893,49.9862402343721,46.7124169921847,38.1988476562523,35.0003247070323,38.3108056640592,-3.71686370849577
"4400",-4.23451599121131,2.58648437500023,-1.02547073364267,5.77254638671926,6.29229980468806,9.86873535156338,18.2664550781266,27.564575195315,42.6101367187538,59.124702148441,67.11701171875,61.22943359375,66.579638671875,62.1725488281268,46.2578222656223,45.0753857421848,36.5711328125022,32.5022387695322,36.3557910156218,-3.9127972412106
"4401",-4.3065899658207,2.59521057128929,-0.930862884521567,5.52199584960987,5.78269897460989,9.751573486329,17.065395507814,27.9556420898462,41.1777441406287,58.4901269531285,66.117353515625,60.6221435546875,65.4845703125,60.7315625000018,49.1484033203096,47.4886425781222,37.8448486328148,32.2878613281259,37.0485498046843,-4.44734680175742
"4402",-4.36590789794961,2.39403625488303,-1.03667495727548,5.71489379882863,5.68335632324269,9.88764282226651,17.4539550781266,27.1401782226587,41.0506884765662,57.3464550781284,65.4934130859375,61.5631298828125,66.3779931640625,61.5817236328143,49.5881640624971,47.8041406249972,36.5090942382834,31.1943212890634,39.3356518554653,-4.4815301513668
"4403",-4.45925231933634,2.38714248657248,-1.1194376373292,5.61454040527394,4.59515441894572,8.66897705078202,15.0068969726576,25.0190380859397,38.3424951171909,54.5849072265657,62.920966796875,60.58505859375,66.49837890625,61.0620068359393,49.9742480468721,47.4344091796847,35.7258911132834,30.9796923828134,39.3519824218716,-4.95071533203082
"4404",-4.56830352783244,2.32099121093771,-1.05471542358408,5.44416931152392,4.83469726562543,9.88114624023526,16.5156933593765,27.3033740234399,40.8330493164099,58.8280371093785,67.1136962890625,65.15810546875,70.9403369140625,64.8970800781269,54.3689306640593,52.3505078124969,39.8251147460961,33.3359838867197,43.1165576171837,-5.60335571289014
"4405",-4.57206756591838,2.35801788330099,-1.05410522460947,5.92513244628959,5.20659790039109,10.3517370605478,17.9261437988297,28.2574584960963,41.9136376953162,60.9161474609411,69.247978515625,68.316572265625,74.369033203125,67.1777148437519,58.3988769531216,55.1399169921842,41.2037695312525,34.6420922851573,44.7714843749961,-5.21801025390579
"4406",-4.48690673828165,2.37648635864279,-0.857110061645584,5.66072631835988,4.38097351074258,9.84921630859463,16.7435656738296,26.9714160156274,41.1305078125037,60.5037402343786,68.607783203125,67.29013671875,73.4958984375,66.1310693359394,55.9684912109342,54.3275585937468,41.2476171875025,34.0533740234385,44.6249267578086,-5.55267028808545
"4407",-4.36591278076211,2.62309112548852,-0.670155868530333,5.93309997558647,4.52205200195353,9.81580078125087,17.100493164064,27.3042407226587,41.2757421875037,59.6854882812535,67.589033203125,66.4756640625,73.9339990234375,66.6700195312519,57.3601513671841,54.5416943359343,40.3582324218774,33.6006762695322,44.1562695312461,-5.93848999023386
"4408",-4.34127441406289,2.73251495361353,-0.871570816040117,5.69484313964895,3.95862091064489,8.27212402343824,14.7201049804701,25.402087402346,38.3894116210972,58.3796972656285,64.3739453125,61.5678564453125,70.242158203125,62.6520947265643,55.2452050781218,54.1185205078093,40.4320556640649,32.7142846679697,43.2776611328087,-6.33664184570257
"4409",-4.13388580322303,2.9556130981448,-0.045766639709477,6.44635314941464,4.03181671142614,7.03469726562563,14.04594482422,23.5006250000021,34.0133813476593,56.7916992187534,63.11689453125,60.5717919921875,70.942333984375,63.0036035156268,52.8545605468719,52.3067236328094,38.2033496093773,30.4462670898446,41.4951757812464,-5.98957885742135
"4419",-3.09565155029324,4.0112493896488,0.045639591217045,6.85917419433655,4.38057067871133,4.99052764892623,15.3964916992201,20.7751855468769,32.8835888671904,61.5849365234411,55.4386279296875,51.4135595703125,64.47025390625,61.7666943359393,49.3696777343721,53.0603320312469,31.4059375000019,32.0025000000009,33.5620458984346,-3.10758422851535
"4420",-3.22014984130888,4.00564697265661,-0.006299748420716,7.13273254394595,4.65330505371135,6.30104492187556,15.7361645507827,21.1873413085956,34.2497314453156,61.2332861328161,54.993388671875,50.766455078125,65.0209375,60.9081542968768,50.5496826171845,53.9854492187468,32.0667895507832,32.1833422851572,34.7177294921845,-3.32708618164033
"4421",-3.05961364746121,4.29765350341835,0.170683631896988,7.2546899414069,4.69735412597698,6.87166503906311,16.5297424316421,22.6028637695333,36.4150122070345,64.7598242187538,59.6418505859375,56.6006005859375,69.555166015625,65.6703222656269,58.5603417968716,59.7916601562465,37.9789794921898,35.600683593751,39.1630517578091,-3.05745239257786
"4422",-3.05567718505887,4.45347503662149,0.231009140014669,7.50656127929755,4.81454711914105,7.70297241211006,17.123413085939,23.0028564453146,37.7946142578159,64.8445800781288,61.402783203125,58.324794921875,70.2483447265625,66.9124951171894,60.4868066406215,61.9457519531213,42.4345019531275,37.0740087890636,43.1932128906212,-2.87908264160131
"4423",-3.05373443603543,4.57911743164103,0.325671577453642,7.29575561523503,4.88340362548872,7.9300067138679,17.6219824218766,24.2988916015647,39.0894995117222,67.025488281254,64.26953125,62.430517578125,73.226416015625,71.0154248046896,65.8529296874962,65.9022607421836,45.7318847656277,38.3010449218761,46.0567041015585,-2.35627487182597
"4424",-3.0357791137698,4.54910369873087,-0.001416034698486,6.80292114257873,3.88334503173863,7.669744262696,18.0015258789079,24.9403808593772,42.5462207031288,73.6424023437544,73.751474609375,75.397197265625,84.161591796875,81.5193359375024,78.8032275390579,78.3872851562454,59.6546484375036,45.1454589843763,57.1085009765575,-0.999916839599522
"4425",-3.10737487792996,3.91665130615269,-1.19447456359874,3.77169403076205,0.580821304321341,0.704271240234438,8.81428955078204,14.9943212890638,34.8921484375031,66.859013671879,69.91767578125,75.4337646484375,86.41779296875,85.4955566406275,85.422851562495,84.830839843745,67.074160156254,39.2346875000012,54.8679345703077,-0.330314941406221
"4426",-2.91493682861354,4.00265625000036,-1.14156181335459,3.50448852539094,0.62158065795904,-1.50707763671888,6.94073364257874,12.4657739257824,32.1717553710966,63.3696386718788,65.1940625,69.4929736328125,80.89517578125,80.7183789062523,81.4401708984327,81.6208300781202,61.8154980468787,38.9220532226574,50.6779443359331,-0.138913154602039
"4427",-3.04241912841824,3.95724914550817,-1.02975944519052,3.94911254882848,1.29379501342785,0.059169235229497,9.27979736328208,15.9449096679702,36.0413427734407,69.4186083984416,72.724970703125,77.47251953125,86.86677734375,86.2961718750025,87.2365234374949,86.6728906249949,71.4506738281293,43.0388378906263,57.31000976562,-0.033250522613522
"4428",-3.15638061523466,3.7359478759769,-1.15891723632823,3.66025024414095,1.13639114379893,-0.447726287841837,8.00629333496165,14.7297753906263,33.2063745117217,65.8934960937539,70.18216796875,76.2660302734375,87.0021484375,87.4433496093775,90.2732812499947,89.7512988281197,75.686069335942,43.1710156250013,56.92461914062,-0.175958938598617
"4429",-3.30646057128936,3.56380340576204,-1.32500091552746,3.65269012451204,1.41746078491224,-0.06140602111817,8.21041381836011,15.1235437011732,33.9613720703155,65.7239550781289,70.2623046875,76.3349609375,86.981708984375,88.2701562500026,90.5033593749947,89.1726269531197,73.4836621093794,47.2657568359389,56.2575097656201,-0.820060958862233
"4430",-3.39290100097686,3.17503936767606,-1.50371765136732,3.25021667480498,1.09585800170908,-1.63816879272476,6.41793273925838,12.8201611328136,32.6363330078154,65.8526562500039,71.148974609375,77.9146337890625,89.609765625,91.0934472656276,94.9549609374944,93.6588476562444,77.9697753906297,50.616948242189,56.0397607421826,-0.989514312744054
"4431",-3.36716278076202,3.19284057617216,-1.40740386962903,3.84227294921909,1.51999191284193,-0.135024719238293,8.56446350097733,16.405434570314,36.5855908203158,69.8218847656291,75.1875,82.22318359375,93.332919921875,94.1151757812527,97.4338085937443,95.5266406249943,79.9396484375048,54.0309570312516,58.7318945312449,-1.26628707885731
"4432",-3.42778137207062,2.97848175048855,-1.41626876831067,3.85305023193394,1.88899444580095,0.777480468750069,9.31883178711021,17.8512402343766,40.4059448242224,71.5939062500042,76.987490234375,81.086171875,91.609345703125,92.4455957031277,93.9033398437445,92.0732812499946,76.7551464843796,53.0827148437515,59.5715332031198,-1.8309854125975
"4433",-3.30233581542998,2.92110961914089,-1.32884765625012,3.89240234375035,1.65678039550796,1.01676208496103,9.76935974121181,19.5997558593767,40.8189868164099,72.9139355468793,77.8473828125,81.35576171875,91.2990625,91.9359375000027,93.6842089843695,91.8154101562446,76.4373876953171,51.498598632814,60.0175097656198,-1.94486602783186
"4434",-3.48803619384797,2.84977416992213,-1.34232879638684,4.17050994873084,1.7852874755861,1.49420578002943,10.3009753417978,19.8047216796893,40.9658544921912,71.0793652343792,76.93810546875,78.68923828125,89.53703125,90.6086718750026,91.2209570312447,88.9894042968697,74.0444628906294,52.299946289064,59.0261621093698,-2.08359344482404
"4435",-3.46630249023469,2.72481231689477,-1.23344284057628,3.97759338378942,2.03499816894549,2.9397552490237,12.2054370117198,21.6333203125019,43.1496435546914,71.9991699218793,78.40634765625,79.625712890625,89.24640625,88.9841210937526,87.4904394531199,84.721992187495,67.6597802734416,47.2440820312514,57.471230468745,-2.42446258544901
"4436",-3.58254852294954,2.68490875244165,-1.14041107177744,3.70464843750033,2.34571029663107,3.33191619873077,12.700496826173,21.981230468752,41.8715087890662,70.2547851562542,76.7497412109375,75.9124169921875,86.011875,85.3250976562525,83.1290039062451,79.9936523437453,63.6464941406288,43.8818750000013,55.5179541015576,-2.39586105346659
"4437",-3.60147216796907,2.76419952392603,-1.16384521484385,3.94653717041051,2.59590972900414,2.95915527343776,11.1308679199229,20.6250903320331,41.7692480468787,69.6581250000041,76.839228515625,76.8677685546875,87.120341796875,86.5963671875025,85.681835937495,81.8150781249951,66.0306445312539,45.0227832031263,55.7628076171826,-2.35094604492167
"4438",-3.58201354980501,2.822526855469,-0.839824371337966,4.7908435058598,3.97851379394567,6.13560241699274,14.9884179687513,24.5769506835959,45.7752050781291,74.0281152343794,80.789853515625,79.928583984375,91.20947265625,90.2001367187526,90.3263671874947,86.7466210937449,71.7031933593793,48.7150439453139,59.2434179687448,-2.68417633056617
"4439",-3.47880767822297,2.82872558593775,-0.761629486084052,5.16210754394577,4.15242614746131,6.80321228027404,14.7170532226576,24.0301000976584,44.738662109379,72.5004785156293,78.08203125,76.268505859375,87.825390625,86.3366796875025,85.26610351562,81.8543603515576,66.412109375004,48.1458496093764,56.0681640624951,-2.64104064941383
"4440",-3.29052062988311,2.83311920166041,-0.814771575927807,5.28337097168016,4.61024291992229,7.52541809082098,15.2750488281264,24.6947387695335,44.0359082031289,70.6829638671917,76.9749609375,75.0674755859375,85.9978515625,83.5682910156274,82.0734374999952,77.6099853515579,62.5014843750037,46.6810253906264,53.3687841796828,-3.06983581542942
"4441",-3.527736206055,3.23665588378935,-0.369192314147982,6.0722467041021,5.32773742675829,8.55013061523514,15.1198376464857,24.0151782226584,43.6468798828164,69.0914355468791,74.6177294921875,68.594833984375,82.44998046875,79.7641943359398,78.8393164062454,74.0868847656206,59.6855957031286,43.5054443359388,51.7871874999955,-3.01075622558567
"4442",-3.66329223632845,3.23392974853545,-0.099630870819101,6.61070922851621,6.24943359375056,10.4401550292978,16.513833007814,26.3860839843774,44.600722656254,70.4554687500042,75.977060546875,69.93828125,84.14275390625,80.8140185546899,79.0678662109329,74.5715527343706,60.6864648437536,44.6773144531263,52.0163769531205,-3.06034057617161
"4443",-3.50258026123078,3.23469787597685,-0.365168533325228,5.76058959960989,5.43646362304736,9.53092468261804,14.9351879882826,25.610583496096,44.459414062504,70.6323242187542,75.945009765625,72.46998046875,85.90294921875,82.3343457031274,82.6187792968702,78.0513916015579,65.1764306640664,46.0373632812513,53.1380957031204,-2.86572631835912
"4444",-3.39030914306671,3.24678588867217,-0.420561485290565,5.06238403320358,4.6128485107426,8.23933227539136,14.0200097656263,25.4183911132835,44.769023437504,71.6237695312542,78.707861328125,77.5380224609375,89.26076171875,86.3152343750025,85.40393554687,82.0030175781201,66.9893896484415,45.5751855468763,56.0756738281201,-2.32129043579081
"4445",-3.44876708984406,3.48304046630891,-0.13912443161012,5.94548950195365,5.78224975585989,9.789893798829,15.2298767089857,26.0965991210961,44.1299365234414,68.7336621093791,75.25904296875,74.534228515625,84.447373046875,80.6254492187523,79.0969970703079,75.2934960937455,61.2200976562537,43.5556054687513,53.2172119140579,-2.11599731445294
"4446",-3.76937805175815,3.41856445312531,-0.037059941291812,6.25426818847712,5.91991455078178,9.94913818359464,16.1102612304702,26.2742285156273,44.1908886718789,67.836855468754,73.65365234375,74.5252392578125,80.9803271484375,77.4694726562523,75.0188818359331,71.0667773437458,57.2002783203159,42.5577539062512,51.5565917968705,-2.55982650756814
"4447",-3.8043853759769,3.58723266601594,-0.001675598621369,6.4754943847662,6.54245056152402,9.9822296142587,15.4200585937514,25.4053930664085,43.0722558593788,66.6168847656289,72.70564453125,74.585322265625,78.518837890625,74.4274511718772,68.003359374996,64.1050732421837,47.8868798828154,39.3101416015637,45.531201171871,-2.73039184570289
"4448",-3.83182617187534,3.58826812744173,-0.035345637798312,6.00586303710991,6.10578491210992,8.9789746093758,14.6587829589857,25.1738623046897,43.1978125000038,65.5234082031289,71.4193994140625,74.1524609375,77.0996923828125,73.3248632812521,68.072421874996,63.8466308593712,46.4307080078153,38.1940917968761,45.6212451171835,-2.44581756591775
"4449",-4.00700897216833,3.49076385498078,-0.151633844375624,5.77061096191458,5.85884338378959,8.82178588867266,15.6147241210951,25.7130786132835,44.0342529296914,66.3364355468789,73.35158203125,76.5281103515625,78.1993798828125,74.9529296875022,70.4893652343709,66.832246093746,50.368046875003,37.6480859375011,46.4823730468709,-3.12282348632785
"4450",-4.10546142578162,3.45527832031281,-0.337234916687042,5.68736816406301,6.07710388183648,8.41445251464919,14.6749975585951,24.7449121093772,42.6050146484413,63.6938623046913,70.7462890625,70.579873046875,75.1488623046875,72.0521337890646,66.8547460937461,62.9642675781213,47.3738085937528,37.4446679687511,45.0365283203086,-2.94814270019506
"4451",-4.13678405761756,3.55093414306672,-0.177750625610367,5.7953729248052,6.30599304199275,8.52568603515701,15.1117285156263,24.8412231445335,41.7660058593787,61.8352636718787,69.6903515625,64.76796875,73.391748046875,70.4342529296895,67.1534033203086,63.9709765624962,48.3353759765654,36.9058398437511,45.7212841796835,-3.4283969116208
"4452",-4.19468444824256,3.58747558593782,-0.089357843399056,6.26551391601618,7.05148803711,9.43362121582115,16.6122436523452,26.1716357421898,43.8703271484414,63.9067773437538,71.742431640625,64.35615234375,76.29619140625,73.7362695312521,69.3524414062459,65.6833398437461,49.9627587890655,36.6213403320323,46.6863574218709,-2.74052642822242
"4453",-4.24294250488319,3.62449768066439,-0.109315519332895,6.24180236816462,7.36931701660222,10.1372216796884,17.2873950195328,26.5947387695336,44.7319384765665,66.1594726562539,73.663623046875,55.883037109375,77.887294921875,75.4366845703147,71.5122802734333,66.797021484371,50.4889990234405,39.0768164062511,48.0645019531208,-2.47988067626931
"4454",-4.13632995605506,3.4101513671878,-0.04823207855225,6.53501159668027,8.13579711914135,10.9576147460947,18.5466992187517,28.8987475585963,45.6371386718791,65.9891308593789,73.46083984375,20.945615234375,76.807802734375,73.8197802734396,69.8280566406209,65.5180859374961,50.331972656253,39.5488208007824,48.6525292968708,-2.94528472900365
"4455",-4.18183502197303,3.1557321166995,-0.581488418579153,5.99211242675835,7.58118041992255,10.4860632324228,17.6141186523453,28.7728466796901,45.9327343750041,67.369677734379,75.6045703125,3.1448486328125,79.6372900390625,77.4014355468772,75.0584277343706,71.4314794921833,57.0180712890659,41.6600097656262,51.4861621093705,-3.07240783691379
"4456",-4.1770617675785,3.11139221191434,-0.621284217834528,5.75882690429739,7.00420532226625,10.3973339843759,16.3931860351577,26.6954003906274,43.4693847656289,62.2499365234412,71.05447265625,3.54783447265625,74.823310546875,72.0196826171896,68.824238281246,64.3772167968712,50.388720703128,38.7320068359386,48.5512744140583,-3.39510559082002
"4457",-4.46153991699259,3.2544366455081,-0.677867736816467,6.05894287109429,7.75072875976632,11.7284338378917,18.5892822265642,29.4310400390651,47.4142578125042,65.6009667968789,73.926513671875,4.9842431640625,76.2353515625,73.2137011718771,70.2193749999959,66.2082910156211,53.0642675781282,40.6993505859387,50.3445898437456,-3.30069824218721
"4458",-4.40561889648477,3.21177673339872,-0.560095977783253,6.48331420898495,7.95828857421946,12.8132861328136,18.8529492187517,30.5649487304715,48.0258105468793,67.7399267578165,75.7671044921875,5.81786804199219,78.2032275390625,74.7577099609397,71.5948632812458,67.117011718746,53.8080224609407,42.8763525390638,51.6976171874955,-3.47817749023407
"4459",-4.54482910156291,2.91828674316432,-0.803353729248119,5.94168884277397,7.02751220703188,11.7687341308604,17.1683398437515,28.26163574219,44.3998193359415,62.6984130859412,70.4708984375,21.265380859375,71.9263525390625,68.282744140627,63.4326708984338,59.6446874999965,45.1743896484402,38.5079199218761,44.7752734374961,-2.90183410644506
"4460",-4.18163391113318,3.07390014648465,-0.600562057495171,5.71595153808645,5.94366699218803,10.9250427246103,16.0823046875014,27.6025561523462,44.1784814453164,62.3854492187537,70.932734375,22.9829516601563,71.687587890625,67.620039062502,59.9767285156215,55.8456933593717,39.4823168945336,36.9804150390636,42.0477685546838,-2.44923294067361
"4461",-4.25612182617225,2.87945068359401,-0.826599121093824,5.23119812011765,5.90876098632865,10.950302734376,17.0204467773453,28.7853051757838,46.0043115234416,66.0574609375039,73.6941552734375,61.952197265625,74.49876953125,69.508662109377,60.2041796874965,55.9628369140592,41.1795996093775,39.0081494140636,41.6019873046839,-2.2619271850584
"4462",-4.23248596191444,3.05649322509793,-0.754642715454169,5.15393798828171,5.71717407226613,9.5857202148446,15.1766711425795,26.1645898437523,42.0527490234413,60.8464648437536,68.9735107421875,63.907021484375,69.9433642578125,65.4750390625019,57.8659472656216,54.2401757812468,37.8124023437523,34.811621093751,39.518569335934,-2.39499298095682
"4463",-4.28629333496132,3.0415408325198,-0.593690834045463,5.57869995117237,6.46118530273495,11.0800268554697,18.1341369628922,29.6790356445339,46.9317382812542,67.3656689453165,75.318056640625,75.7526171875,75.175791015625,69.832382812502,62.7660693359338,58.7612011718715,42.8473144531276,39.2513085937511,42.8258154296838,-2.15812942504864
"4464",-4.37611877441445,2.90732299804713,-0.866253280639726,5.16441162109421,6.47239746093808,10.0651123046884,16.0038525390639,27.84806152344,43.7769140625039,64.4064306640663,72.4426416015625,76.1505078125,74.953798828125,70.046308593752,65.4932812499962,61.4314404296839,44.4421826171902,37.9622021484386,44.2250195312461,-2.94977752685521
"4465",-4.19218627929725,3.2052081298831,-0.582502326965384,6.15941040039117,8.25109985351636,12.5914807128917,20.2246337890643,32.0947509765654,48.1085253906293,69.6732275390666,77.3414599609375,79.90353515625,79.646162109375,73.5449462890646,68.5634228515585,64.0858691406212,48.7305468750029,42.7545947265638,48.8555810546832,-2.05567565917951
"4466",-4.14635070800818,3.35075225830108,-0.530185623168993,6.22891357421931,8.1190661621101,11.8523852539073,17.7778100585953,28.4680273437525,44.370537109379,62.6421777343787,69.995419921875,71.211611328125,71.85337890625,67.4987353515645,63.4433837890588,60.0585742187464,44.6096093750027,38.3400439453136,44.9580322265586,-2.85082183837866
"4467",-4.09248260498083,3.36356079101592,-0.419694824218787,6.30584716796931,8.03930297851634,11.8319702148448,18.7727758789079,29.9705297851589,46.1494091796916,66.745576171879,74.142578125,72.7743212890625,76.80142578125,71.1288183593771,67.3629687499961,64.1303662109337,49.9690966796905,41.0182226562512,51.1728613281205,-2.890842285156
"4468",-3.92775360107457,3.37649627685577,-0.48919700622563,6.25984436035212,7.91537353515696,11.4598132324229,18.5221923828142,29.2612060546901,46.3530957031291,65.4617968750039,73.3060302734375,69.60791015625,75.020478515625,69.782119140627,64.8463916015587,61.2690136718714,46.8999267578153,39.3730419921887,50.4533203124956,-3.09753326415989
"4469",-4.01077026367223,3.39414947509796,-0.473995666503949,6.74300598144591,7.84486083984445,12.4403234863292,19.2384912109392,29.6045092773464,47.2080615234417,65.6780908203164,74.038818359375,68.66880859375,75.4641162109375,70.4811767578145,65.9013183593711,61.3959277343714,46.8795214843778,39.6537695312512,51.282133789058,-3.28298828124971
"4470",-3.98349365234411,3.15338165283231,-0.821175918579175,5.80159729003958,6.40040588378963,11.6289013671885,19.1325622558611,30.4684643554715,50.019868164067,70.2122753906292,79.568623046875,74.57140625,82.279716796875,77.8707226562523,74.6893261718706,70.3383789062458,54.3572851562532,43.3231250000013,57.031894531245,-2.64550109863258
"4471",-4.04104949951208,3.40059051513702,-0.697263641357484,6.54033203125058,7.82504516601632,13.1857678222668,21.995078125002,32.3765649414091,51.6444921875046,71.1035449218792,80.623720703125,74.3398681640625,82.67173828125,78.2609814453148,75.7000488281206,71.4501611328083,56.3113232421909,44.4247851562513,57.443398437495,-3.22223419189425
"4472",-3.97873535156286,3.40414672851593,-0.233278179168722,7.23880310058658,8.3490405273445,13.3615112304699,21.1179125976581,30.6218701171902,49.3647167968794,68.9431005859416,78.683076171875,71.623564453125,81.0872265625,76.2288330078147,73.4032373046832,69.6152392578084,54.4150732421908,42.9623095703138,55.5828662109326,-3.09717620849582
"4473",-3.86901123046909,3.33249084472686,-0.426543807983436,7.73643920898507,8.81174255371172,13.5421679687512,20.4683398437518,30.0436547851589,48.0350781250043,64.8556494140663,73.608525390625,64.70107421875,74.0518408203125,69.6625634765645,64.6149609374962,60.3712109374964,47.8621533203154,40.4442602539074,49.4938378906207,-3.42986663818329
"4474",-4.0518695068363,2.95882934570339,-1.10717277526865,5.65169250488332,6.15110290527399,10.7235205078135,18.7572058105485,30.1421923828152,49.1128320312544,66.873408203129,77.501875,70.7945556640625,79.52076171875,75.2089648437522,71.1832617187458,67.918261718746,50.7828564453155,41.6135107421887,53.2227294921829,-3.54235443115203
"4475",-3.99286132812536,2.85391143798854,-1.27663024902355,4.99575042724654,4.69966522216839,9.32205688476646,17.2824926757828,29.6286230468776,49.0995410156294,68.234169921879,80.0684228515625,76.1469091796875,85.45740234375,81.3313378906274,79.4375341796829,76.0291308593705,59.3686718750036,42.4628906250012,57.5229345703075,-3.33725799560518
"4476",-4.07574249267615,3.33032104492217,-0.314896697998075,7.24725097656315,7.95027709961008,11.8762695312511,19.7779187011736,30.5673828125027,47.3781396484417,64.7884960937538,74.9756298828125,68.3461474609375,77.608427734375,72.5719824218771,69.3716357421834,65.5620654296836,49.9924560546905,39.6360302734387,52.6835205078079,-3.4833349609372
"4477",-3.99879058837926,3.60494354248079,-0.169071426391617,7.68303955078193,8.36852722168043,11.7480834960948,19.0948437500017,29.5208398437526,45.6639160156291,63.6501367187538,73.262978515625,66.7565283203125,74.897626953125,69.874736328127,64.7963476562462,60.5655859374964,46.0938964843778,38.1962695312511,50.1491601562456,-3.32915771484346
"4478",-4.12026428222693,3.22104766845732,-0.347828979492219,7.1350689697272,8.71997436523515,11.4553039550791,18.2841967773454,28.9319360351588,44.633310546879,62.6586914062537,72.0007080078125,64.3512353515625,74.140888671875,68.212832031252,60.7554394531214,56.1714746093717,41.7298535156275,37.0985913085948,46.8790478515584,-3.73692626953092
"4479",-4.11999603271521,3.36492706298858,0.065215201377874,7.62735046386787,9.26089965820395,12.5560412597667,19.8687268066424,30.2235449218777,46.7125634765667,64.1409863281288,72.589267578125,64.986943359375,73.694287109375,68.131357421877,61.1494921874964,56.8789941406216,44.0553222656276,38.1583398437511,47.6686425781208,-3.11381011962863
"4480",-4.1815246582035,3.17520568847685,-0.346873588562043,7.17152954101626,8.91455322265704,11.5983569335948,17.687376708986,28.4650097656275,45.5698535156291,63.5750439453163,71.2541552734375,64.1020751953125,72.6193359375,67.2630517578145,58.0313134765591,53.6708691406218,40.0747070312524,36.0815771484386,43.8459960937462,-3.54689666748016
"4481",-4.36111816406289,3.05194030761746,-0.260993003845238,7.27122253418034,9.4069439697274,12.1503430175792,18.1998449707047,28.51085449219,45.6301904296916,63.6866406250038,70.9414697265625,63.72716796875,72.4306201171875,67.3521679687519,60.333745117184,55.8987060546842,42.8562500000026,37.0771166992198,44.1676171874961,-4.16890258789026
"4482",-4.34411468505898,3.09029785156278,-0.360547676086458,7.30412719726628,9.46166015625084,12.7440625000011,21.0702636718769,31.8309521484403,49.7633837890669,69.2517382812541,75.964794921875,68.990595703125,75.9259765625,70.0236181640645,57.8114648437466,54.1802050781218,42.174379882815,38.7469360351574,44.1939843749961,-3.23738281249972
"4483",-4.1479895019535,3.18549163818388,-0.463498535156291,7.56708679199286,10.3031079101572,13.7218090820325,22.291259765627,33.8755493164093,52.5465576171922,72.3897949218793,79.6276611328125,73.2750732421875,80.1109423828125,74.2422363281271,63.6064941406213,58.6113574218715,45.7874804687527,41.2632910156262,45.9642138671835,-3.39429382324189
"4484",-4.33134613037148,2.94154083251979,-0.659261245727598,7.23852416992252,9.52078735351648,12.2931713867198,18.8115075683611,29.7560937500027,47.2472119140667,68.5310351562541,75.534599609375,69.4963330078125,76.3658935546875,70.4758642578145,58.2132568359341,54.4714208984343,41.4908300781275,37.8869750976574,43.4249414062462,-3.36283477783174
"4485",-4.39965393066446,2.9846185302737,-0.470492248535198,7.63782897949287,9.29551757812583,11.9032861328136,18.6704272460954,29.7525976562527,47.5349755859417,68.212978515629,75.874951171875,70.547783203125,78.3378857421875,72.4843115234396,67.986269531246,64.6134765624962,48.3730273437529,39.3729101562512,48.3199560546833,-4.20870605468713
"4486",-4.4132583618168,3.20674896240263,-0.550890350341846,7.48868469238348,9.00296752929768,11.6738232421885,19.2668920898455,30.1834765625027,49.2573583984419,70.0745605468792,77.868310546875,73.692080078125,80.53455078125,75.0769140625022,70.8417675781209,67.707880859371,53.5170507812532,41.6042382812512,51.1181835937455,-4.57119384765585
"4487",-4.29184936523476,2.9913714599612,-0.756506881713935,7.23356384277408,8.37385803222731,10.5618444824228,16.8232312011734,28.6247070312526,46.8482226562542,67.2428564453165,73.644912109375,69.207900390625,76.840244140625,71.2146191406271,67.825429687496,65.2214062499961,51.1831640625031,39.3279370117199,48.7439648437457,-5.37833557128859
"4488",-4.28461822509804,2.69038330078149,-0.989420471191495,6.38249389648494,7.4356195068366,9.26785339355551,14.0760632324231,24.7385278320335,42.0488183593788,62.3491943359412,68.641953125,63.6519140625,71.71642578125,66.5055566406269,63.3463085937463,60.5497998046839,45.1997314453152,36.3439770507823,44.5273144531211,-5.84381774902293
"4489",-4.39852050781289,2.57052307128929,-1.04334732055673,6.53996826171933,7.90405578613352,10.9808459472666,16.6032226562515,28.21353027344,45.8808886718791,67.596259765629,74.234306640625,69.5594921875,77.0669091796875,71.4705664062521,68.581298828121,64.4383935546837,49.0604345703154,40.8539233398449,48.4328027343708,-5.58793762206982
"4490",-4.38848388671914,2.73521759033228,-0.843536682128981,7.18838378906314,9.03482299804768,11.6668395996104,16.0884692382827,28.4602465820338,45.8695019531291,67.829404296879,73.631455078125,67.5886328125,75.655361328125,69.9797216796895,65.4318749999962,61.8274609374963,47.7765332031279,40.3139013671887,47.4667871093709,-5.78794372558543
"4491",-4.45408447265665,2.72227386474634,-1.18487022399913,6.81168457031311,8.33142578125074,11.4472509765635,14.9550915527357,27.6345581054712,44.432890625004,67.3712060546915,73.717275390625,68.367158203125,75.5778564453125,71.1537207031271,66.8793847656211,63.6067236328087,47.9860351562529,40.1805126953137,46.4551025390584,-5.85263732910105
"4492",-4.45117401123087,2.98764617919948,-1.20465911865245,6.53015991210996,7.79849365234445,10.2746997070322,12.4022216796886,24.793981933596,41.1713574218787,62.9595214843787,68.551357421875,60.764697265625,68.6933740234375,64.4268847656269,58.0725146484341,55.4818310546842,40.1511547851587,34.7946362304698,39.6943847656215,-5.32878051757766
"4493",-4.49593353271524,2.5366264343264,-1.41074401855481,6.42248107910213,8.03022277832103,10.4150146484384,13.2194238281262,26.5783398437524,43.0538330078163,65.8717968750039,71.7268798828125,65.83712890625,72.3959912109375,67.597802734377,61.3938867187464,57.6706152343716,42.09853027344,36.7133203125011,43.1407324218712,-5.38720520019484
"4494",-4.43575805664102,1.92216232299822,-1.25267944335949,6.7580957031256,8.430842285157,10.4386572265634,14.37936279297,27.8803881835962,43.3560009765664,66.0600439453164,70.445732421875,63.41892578125,70.4199560546875,64.3264257812519,52.012724609372,49.4867382812471,37.0084375000022,35.6637158203135,39.2389892578091,-5.35349182128859
"4495",-4.49398101806681,2.3800311279299,-1.33094421386731,6.42758300781307,8.23582946777417,9.22349853515707,13.4396801757825,27.2370507812524,42.5237304687538,64.3453076171913,69.42958984375,63.676728515625,71.2096240234375,66.1312548828144,58.4788720703091,55.2237988281217,40.5146459960962,35.9970483398448,42.5092968749963,-5.99883239746041
"4496",-4.52997497558634,2.47137420654319,-1.1591455078126,7.08478576660219,8.50600219726638,10.136905517579,15.7058544921889,28.2745581054713,44.4911181640665,67.288867187504,72.537578125,68.10267578125,75.161474609375,69.854833984377,63.8496044921838,59.837622070309,44.3039208984402,39.1467724609386,46.5776123046834,-6.36581420898382
"4497",-4.39682250976602,2.61952453613305,-0.927958831787192,7.00154907226625,8.33472351074293,10.1925750732431,15.3152490234389,26.9814770507837,43.0003173828163,66.0223144531289,70.955107421875,65.14541015625,72.6450439453125,67.231708984377,61.2702783203089,57.9932714843716,44.7690673828152,37.9501318359386,45.519990234371,-6.10335937499947
"4498",-4.49967651367228,2.57184753417992,-1.03583084106454,6.75065979003966,8.46987243652419,10.0684259033212,16.1439038085952,28.3809375000025,45.5615917968791,67.046630859379,72.2432666015625,67.665791015625,74.6169970703125,69.5697802734395,63.6772753906213,59.9507421874964,46.0439111328153,38.5496582031261,46.9869140624959,-6.32411987304632
"4499",-4.29190795898476,2.82993194580103,-0.695139465332093,6.79868164062561,8.7085314941414,9.92939697265714,15.4371801757826,26.8438989257836,43.5974951171914,65.9252929687539,71.40896484375,66.3898046875,74.53412109375,69.0530419921895,61.2303222656214,58.1547558593716,44.9854638671902,38.2022998046886,44.9439550781211,-6.15382202148384
"4500",-4.2905905151371,2.76021026611353,-0.880451736450274,6.7415380859381,8.57663574218826,10.07532775879,16.0099096679702,26.9860278320337,43.5952685546914,65.5428808593789,71.197998046875,66.2491796875,73.7910400390625,68.936035156252,63.8427294921838,60.4992285156214,47.1733154296903,38.5120117187511,46.4488964843709,-6.34427673339788
"4501",-4.35797149658242,2.56870544433617,-1.00715515136728,6.65277465820372,8.04901428222728,9.38528320312584,14.2975964355482,25.7145703125023,42.6745019531288,62.8760839843787,68.55724609375,64.750439453125,73.10169921875,67.3646875000019,63.3386474609338,60.4770556640589,46.5780517578153,36.8571166992198,44.9823242187461,-6.30379516601507
"4502",-4.44053649902383,2.42541656494162,-1.12349990844737,6.26466430664118,7.57006591796943,9.44157836914147,14.1735937500013,25.369353027346,42.7876513671913,61.5315332031286,66.29251953125,62.7681103515625,70.5409375,64.6623046875019,59.6679589843715,56.6502783203091,45.1029541015652,35.1708178710948,42.2820019531213,-6.8153124999994
"4503",-4.23224945068397,2.52887237548851,-1.02418579101572,6.35493896484432,7.07724853515688,9.33958007812583,14.9174072265638,25.7497412109398,43.0928173828163,62.6928955078162,68.5999609375,66.550732421875,74.2457275390625,68.919140625002,65.6562597656212,63.0806347656213,49.5459716796905,36.7418554687511,45.0456054687461,-5.9012042236323
"4504",-4.24991760253944,2.6909771728518,-0.918212203979574,6.17786315918024,7.2539868164069,9.26454833984458,15.4000537109389,25.3515478515648,41.9729345703162,61.5941455078162,67.7785107421875,66.76857421875,74.6266357421875,68.316962890627,64.1861621093713,61.6269824218713,48.7356835937529,36.5697924804698,43.9731884765587,-5.48341308593702
"4505",-4.3233721923832,2.34181777954122,-1.02834426879892,5.80413085937552,6.99912780761781,9.18175781250082,15.9575964355483,25.2307470703148,40.1090478515661,59.0336035156285,65.57064453125,64.27724609375,72.6946142578125,66.3713574218769,61.7664892578089,58.1116552734341,45.4059960937527,34.145634765626,42.0133935546838,-5.9964270019526
"4506",-4.19581359863319,2.45017517089866,-1.00382484436044,5.84612548828177,6.92800476074281,9.43168395996178,16.9434753417984,27.0893359375024,42.7545849609413,61.6511962890662,68.8547412109375,67.0195947265625,74.390556640625,68.753955078127,64.2452001953087,60.9195361328089,47.8783837890654,36.4848999023448,44.6400390624961,-5.62863647460888
"4507",-4.28477478027382,2.37120513916037,-1.04983261108408,5.50723388671924,6.54125915527402,9.22264404296957,17.0374743652359,26.3103930664086,40.9698681640662,60.1267578125036,68.1959326171875,65.4080517578125,72.753037109375,67.6411083984395,63.6938671874963,60.2029736328089,47.5228320312528,35.5759326171885,44.7140917968711,-5.94652709960886
"4508",-4.33706329345742,2.4984346008303,-0.888201293945392,5.90220336914115,7.0435046386725,9.97325805664152,17.0659118652359,27.0383544921899,40.6888110351599,59.145864257816,66.640595703125,64.0443505859375,70.87865234375,65.7739648437519,60.8705761718714,58.0544238281216,45.3766503906277,34.5930029296885,43.9140722656212,-5.86751892089792
"4509",-4.40520751953164,2.44776733398459,-1.30236755371105,5.19997680664109,5.44336120605517,8.85444274902423,15.4547265625014,24.8077832031272,38.4099975585972,57.9092871093784,65.27,61.53453125,69.234921875,65.4213671875019,57.4066455078091,54.6037841796843,42.240122070315,32.7071459960947,41.4009619140589,-5.21470886230423
"4510",-4.34643066406289,2.37586914062521,-1.16618392944346,5.35704284668016,5.54050903320362,9.2465954589852,15.9496215820327,26.5755932617211,40.9591210937537,60.0373925781286,68.47544921875,64.70177734375,71.132744140625,67.2096337890644,59.8917382812465,56.5677197265591,42.9479492187526,34.621464843751,42.7273974609338,-4.53345764160117
"4511",-4.4344531250004,2.08269363403339,-1.46011978149427,4.53037506103556,3.79847045898471,7.87307006836008,14.7154589843763,26.1190502929711,39.8737304687536,58.0468212890659,66.061845703125,62.1089404296875,69.0155126953125,64.9850976562519,56.2651757812467,53.8712109374968,39.7713696289086,31.0208496093759,40.576352539059,-4.87897155761676
"4512",-4.52307373046915,1.92054565429705,-1.70247299194351,4.18897491455115,3.61392852783235,7.69296447753975,14.2554638671888,25.350163574221,38.9652514648472,57.6302294921909,65.832646484375,62.514912109375,70.393984375,65.5233740234394,55.2325830078093,53.5184960937468,39.5551171875024,30.0741357421884,41.0302929687464,-5.58829345703076
"4513",-4.60310058593791,2.15806854248066,-1.34956771850598,5.20060363769578,3.93755065918004,8.46372741699294,14.2905615234388,25.8504833984398,40.2085546875036,59.5442675781285,67.8856201171875,64.0943115234375,72.327822265625,66.4653613281269,55.7268798828092,54.0333789062468,40.0822143554711,31.6839526367197,43.0909716796837,-5.04529815673784
"4514",-4.7182620239262,2.01590057373065,-1.24508354187023,5.55668518066456,4.87836120605512,10.2717614746103,16.4672570800796,29.7683276367214,44.0226220703164,63.9015673828163,73.18259765625,72.7595947265625,80.322373046875,73.1928662109396,66.5922021484336,64.1938378906212,48.9342675781279,36.8289038085948,50.3561230468706,-5.89113891601511
"4515",-4.61216583251994,2.08639709472675,-1.21835906982433,5.30486633300829,3.8871899414066,8.10693847656322,13.8090551757825,26.2916601562523,38.1050610351597,56.9867480468784,65.0281201171875,63.882119140625,73.729443359375,66.7982226562519,57.8182031249966,57.6528466796841,42.0478417968775,31.3620117187509,44.8798486328086,-6.39072937011663
"4516",-4.56243591308634,2.11073455810566,-1.06627044677744,5.52868896484424,3.57476043701204,8.23152954101636,13.8855566406262,25.0731494140647,36.6933032226595,57.0250048828159,63.7665576171875,61.94369140625,72.3826123046875,65.4987304687519,57.5353710937466,57.5396240234341,41.0838085937525,30.1880834960946,43.6857177734337,-6.22149658203071
"4517",-4.66222229003948,2.26931274414083,-0.91420120239266,5.79469848632864,3.81965850830112,8.70197448730546,14.33672607422,25.7145849609398,39.0500805664097,60.4718652343786,67.110546875,66.8741796875,75.09642578125,67.451914062502,58.2082519531216,56.7235937499966,40.8415332031274,32.2683154296884,43.9470703124962,-6.16821533203071
"4518",-4.52448425293009,2.70764282226587,-0.623928337097224,6.25082885742243,4.04759094238317,8.47899475097732,14.9779821777357,26.5815014648461,38.993540039066,62.3941015625037,68.184365234375,67.183330078125,76.7702978515625,68.2916650390645,60.0374121093715,59.237065429684,43.4290087890651,33.4914965820322,45.3355029296835,-6.86590087890565
"4519",-4.18434417724647,2.90040710449245,-0.00020938873291,6.94867858886781,4.25059875488319,7.44746459961004,13.742243652345,24.0610693359396,35.3745312500032,59.821704101566,65.360078125,63.471279296875,71.7066796875,64.5029199218769,54.4065478515593,54.1749316406218,39.5974096679711,31.0784252929697,41.7180566406214,-6.39906249999944
"4529",-3.02305053710965,4.23197357177772,-0.149451990127577,6.68937072753966,4.51362426757853,5.2350628662114,14.1651403808606,20.8409912109394,33.0717626953154,62.4981054687537,57.4664501953125,53.697412109375,65.788837890625,61.7410839843768,49.0562207031221,50.789833984372,31.0393090820331,31.6495410156259,33.2147192382783,-2.83404907226538
"4530",-2.98897766113308,4.28652038574257,-0.238441486358664,6.98289001464906,4.63469879150432,5.75799865722708,14.0381286621106,20.5516748046893,33.8089184570343,61.6944726562537,55.346259765625,50.4871435546875,64.26322265625,60.3192529296892,50.9008447265595,52.9138085937469,31.8412109375019,32.1088452148447,34.1262915039033,-3.20010986328097
"4531",-3.0568469238284,4.39603576660195,-0.011709737777711,7.07563842773501,4.56212524414103,6.43528320312557,15.9915307617202,22.6275048828145,36.9429443359408,66.5897949218789,61.8561181640625,59.0834521484375,71.252958984375,67.238427734377,60.7111035156214,61.0968164062464,39.9547656250024,36.0340869140636,40.0665917968715,-3.38055633544892
"4532",-3.04918273925809,4.60793060302775,0.149281949996962,7.15748535156314,4.5286215209965,6.78420349121154,15.9481054687514,22.6917163085958,37.4133496093783,66.7789892578164,62.6806103515625,60.153837890625,72.117275390625,68.278417968752,62.7726123046838,63.0114843749963,43.2642236328151,37.0055517578136,41.9127880859338,-3.11863342285129
"4533",-2.83265167236353,4.70228759765667,0.192549419403093,7.09190124511782,4.32815704345742,6.86244995117249,16.6705041503921,23.6994067382834,39.4108129882848,71.5336328125042,69.75130859375,67.88841796875,79.3315185546875,76.1638378906272,73.5171923828082,73.4185107421831,53.6756152343782,41.1018847656262,48.7508496093707,-2.69257690429664
"4534",-2.80609802246119,4.46784027099649,-0.317079467773466,5.94021423339897,2.87925048828151,4.7907458496098,13.3569018554699,21.0077709960956,39.245346679691,72.9541503906293,72.823486328125,73.1195361328125,83.160361328125,80.4875000000023,79.0540380859329,79.4271386718703,58.765190429691,38.1967651367199,52.9115380859329,-1.23866607666005
"4535",-2.98572418212917,4.18143951416053,-1.17830146789561,3.67459106445345,0.652742767334043,-1.21076408386241,5.95682006835991,13.7688073730481,34.1500537109405,68.177792968754,69.5172900390625,71.6969873046875,82.2259375,80.1420117187523,80.8659472656203,80.9737109374952,61.7981347656287,32.583417968751,50.0563183593706,-0.146683349609362
"4536",-2.91226684570338,4.31695556640663,-0.839850234985427,4.58129943847697,2.13351623535175,2.1255484008791,11.7498132324229,20.7917822265644,41.7962109375037,75.8628515625045,79.722900390625,84.97078125,94.14275390625,91.9326171875027,94.3310839843695,93.0248144531195,77.1851074218796,46.1518310546888,60.6095361328072,-0.405301780700648
"4537",-2.91871643066432,4.33954711914101,-0.766292648315498,4.79125915527387,2.74894622802759,2.67895721435571,11.7667700195323,21.1510498046894,42.0260302734413,74.3647802734419,78.3497509765625,82.7799609375,92.925634765625,91.4604589843777,93.9510546874945,93.2657519531195,78.7781933593797,45.9797119140638,61.4195019531196,-0.739309463500912
"4538",-3.0501916503909,4.12795623779334,-0.826964263916089,4.49461090087931,2.106965942383,1.66904602050796,9.72991821289149,20.0967065429705,40.4891992187536,73.2673730468793,77.443486328125,83.19453125,92.983984375,92.5587500000027,95.7524023437444,95.3956347656193,82.0044433593799,43.8438330078138,61.2453076171821,-0.415405426025354
"4539",-3.20771087646513,3.89013610839879,-1.2755682373048,3.88916015625035,1.41922363281263,-0.58874034881597,6.52487854003964,16.5711560058609,35.8762597656282,68.5600439453166,73.252451171875,79.28873046875,90.77345703125,90.1572949218776,93.1336132812445,92.3044921874945,77.7953027343796,45.1184570312513,58.6625781249949,-0.95036193847648
"4540",-3.27407836914092,3.6154528808597,-1.38703369140637,3.61020111084017,1.26451110839855,-1.74208801269547,4.67732025146526,14.7714538574232,34.2879199218781,66.4062841796914,72.25642578125,80.635634765625,92.501806640625,93.0991992187527,96.9958984374943,95.8896093749943,81.4666210937549,42.7859765625013,56.791914062495,-0.960104675292885
"4541",-3.35382415771514,3.35877288818389,-1.57876770019545,3.51266235351594,1.32563354492199,-1.46795501708997,5.03887573242232,15.3136169433607,35.7243798828157,67.809580078129,74.355966796875,81.798203125,92.8821484375,93.7797460937527,97.2824999999943,96.0414453124943,80.8979443359423,44.2112207031263,59.4085449218698,-1.52720077514635
"4542",-3.29316650390654,3.33074615478545,-1.4684770202638,3.73353637695346,1.36390365600598,-1.56708862304701,4.88611328125044,15.5791320800795,35.9509301757845,67.851992187504,75.0439453125,80.6924560546875,92.65873046875,93.5382519531277,96.9987207031193,95.7436132812443,80.8994140625048,47.3814550781264,59.2703124999948,-1.89139312744124
"4543",-3.28447326660186,3.14601928710966,-1.44961929321302,3.4648178100589,1.2873228454591,-1.42090423583997,4.99037078857466,16.2657617187514,36.8137939453158,68.6883593750041,75.379189453125,80.46275390625,90.1974609375,91.2044531250026,93.3233203124945,92.2965722656195,76.0059667968795,45.8147705078138,59.9361279296823,-2.11791336059552
"4544",-3.29725311279326,3.03007812500027,-1.53137405395521,3.51186340332063,1.43747787475599,-0.770321197509834,5.19154968261765,17.054477539064,38.2931542968784,68.9023144531291,76.425810546875,80.5342529296875,89.968447265625,91.5392285156277,93.4003906249945,90.9206249999946,76.0350683593796,48.3944335937514,59.0337499999948,-2.35314041137675
"4545",-3.42235534667999,2.92865936279323,-1.47280197143568,3.56612365722688,1.71827301025406,0.558611450195362,6.67598571777403,18.8945898437517,41.7903759765662,69.7722851562541,77.478212890625,80.165263671875,88.524853515625,89.3670312500026,89.5941699218698,88.1570898437448,72.4949902343793,44.3511718750013,58.0861035156199,-2.32536499023417
"4546",-3.48681213378937,2.81772094726588,-1.46135589599622,3.30048553466826,1.98492691040057,1.91160980224626,8.23884460449292,19.6938159179705,42.6743701171913,69.9323632812541,78.00484375,80.935947265625,89.49109375,89.1591406250026,88.6077050781198,85.6665820312449,68.9396337890666,42.5113183593762,57.6186572265575,-2.37389892578104
"4547",-3.46605255126984,3.05640197753933,-0.826408462524488,4.6241082763676,3.68541168212924,5.81682312011771,12.1739794921886,23.3607763671896,47.2714746093792,71.8869775390668,78.6791650390625,78.9816064453125,86.328076171875,85.2626660156275,83.3848535156201,80.2806054687452,66.333769531254,44.7467675781263,55.4868164062452,-2.52269165039041
"4548",-3.34115844726592,3.3726416015628,-0.200283775329608,6.19152404785212,6.30710083007869,9.65157592773524,15.9663085937514,26.8309790039086,50.463002929692,72.6627734375043,78.1033447265625,75.2436962890625,82.85685546875,81.1237841796898,77.2866015624955,74.2100488281206,59.0037304687535,44.5603320312513,53.8135742187453,-2.72665344238257
"4549",-3.29636688232451,3.37389587402374,-0.161801452636733,6.31378723144588,6.57435241699277,10.0570190429696,16.2549780273452,26.6861206054711,48.6383447265668,71.7777636718793,76.87630859375,73.844697265625,82.8962109375,80.7888232421898,79.1271044921829,76.8445507812454,61.9254296875037,45.7989550781263,52.6110595703079,-2.82028991699194
"4550",-3.35307739257842,3.38662841796905,-0.085096721649178,6.42503845214901,6.44378784179745,9.64733032226649,15.3298620605482,24.9419042968772,45.7036523437541,68.179091796879,73.0260302734375,68.5983203125,78.5040234375,75.8526660156272,73.7102929687457,70.8256249999958,56.2868847656284,41.9997265625012,49.1384179687457,-3.1017321777341
"4551",-3.3204849243167,3.42457763671906,-0.221740131378194,5.99452758789116,5.71234008789113,8.72452880859453,13.68578857422,23.5047070312521,43.5666064453164,66.3341308593789,71.2017724609375,66.347841796875,76.833671875,73.5302050781271,69.4826464843709,66.4504541015586,52.0484326171906,39.9738281250012,48.8400390624957,-3.05845886230442
"4552",-3.44527374267609,3.28588745117217,-0.387348785400425,5.54293457031299,5.14974243164108,8.26773254394605,12.2862744140636,23.4970703125021,41.9964111328162,66.748085937504,71.546064453125,69.88384765625,77.6833349609375,74.6602636718772,72.9960449218707,70.2424365234333,55.8258203125033,39.1780419921886,49.2907177734332,-3.01363006591771
"4553",-3.46864685058625,3.41544982910187,-0.24776170730593,5.83605224609427,5.54410095214893,8.6782189941414,13.62731201172,24.3733886718772,43.3658056640664,66.3175732421914,70.979501953125,70.2511962890625,77.273115234375,73.7738525390646,71.5182324218708,68.6730468749959,54.2102832031282,38.6652563476574,49.7626220703082,-2.76106597900367
"4554",-3.37438995361358,3.46782958984406,0.035746541023258,6.11194702148492,5.54388122558643,8.93051086425861,14.24051513672,24.9119775390647,43.0529833984413,66.4797558593789,72.2387890625,70.750791015625,79.233759765625,75.6283203125022,73.4444140624957,71.0998437499958,56.6087597656284,38.9429711914074,50.4468066406206,-2.65445434570289
"4555",-3.38479675292999,3.54761810302766,0.112263917922984,6.24627502441462,6.07802551269585,9.41276000976647,14.2071679687513,25.1374926757835,43.3216601562539,64.6282324218788,70.7279345703125,69.3104345703125,77.746181640625,74.1341894531271,72.3646191406208,69.8248876953084,56.2871240234409,37.0637695312511,50.0091748046831,-2.82134796142554
"4556",-3.66500610351595,3.47080322265656,0.102353343963632,5.67132507324269,5.4825177001958,8.83011291503985,14.7589294433607,25.8208349609398,45.0894189453165,66.955810546879,72.768662109375,71.83857421875,79.055888671875,75.4248681640647,73.3730322265582,70.6808984374958,57.1746533203159,38.1624780273449,51.559868164058,-2.88809387207006
"4557",-3.57061798095735,3.56055419921907,-0.050269680023198,5.39954956054736,5.37960754394579,8.48331298828201,13.6450451660168,24.1152050781272,42.8136474609413,64.8202880859413,71.1298046875,69.7880908203125,77.4659814453125,73.9164941406271,71.4203222656208,68.3923681640585,53.2823681640657,37.1401123046886,49.6121972656207,-4.16693267822229
"4558",-3.7861383056644,3.52283050537141,0.028049325942996,5.47850952148486,5.53051391601612,8.18822937011792,14.17971435547,25.367116699221,44.682587890629,65.6258691406289,72.41953125,70.30794921875,77.57755859375,73.7465234375021,68.3062841796835,65.0298242187461,47.4013134765653,35.4769677734385,48.1432958984333,-3.42934753417939
"4559",-3.86575531005894,3.5167059326175,-0.118656673431407,5.06780212402389,5.30609252929735,7.32598693847722,13.4066857910168,25.1118896484397,42.4729199218788,61.9996337890662,68.7194873046875,65.833046875,73.576806640625,70.045029296877,64.4737939453087,61.6981542968713,44.2925683593777,33.2798754882822,44.7917138671836,-3.70438262939421
"4560",-3.93649139404332,3.44704010009796,-0.172183380126968,4.98107269287154,5.24693115234422,6.25124633789118,12.6249841308605,23.1947753906271,40.6752539062536,60.1718115234411,67.4351025390625,65.6672314453125,72.9365283203125,70.0341845703145,66.2019287109336,63.8809374999962,48.8098242187529,33.6559814453135,46.7809423828084,-4.08857574462855
"4561",-4.16487548828162,3.38658416748077,-0.411938972473181,5.09346099853561,5.46531372070361,6.46119445800839,13.0312939453137,24.7545922851585,42.0757128906288,62.5581689453162,69.699189453125,69.24962890625,75.9526416015625,73.3032128906271,69.9567773437459,67.3966650390585,51.8443408203156,36.5619116210948,48.4969287109333,-4.29012176513634
"4562",-4.10554260253943,3.46736694335968,-0.226484527587911,5.03532928466842,5.59691223144581,6.25151245117243,13.2019470214856,24.2144311523459,41.8605078125037,63.0112304687537,69.7408203125,69.450283203125,75.598232421875,72.7847021484396,67.871914062496,64.4709814453087,45.4008984375027,32.2077441406259,44.7483398437461,-3.76446166992155
"4563",-4.19447753906287,3.40313293457062,-0.265396156311059,5.13859191894577,6.00236816406304,7.46041259765691,14.1068603515638,24.1163574218772,41.3028320312537,62.0570703125037,69.4283642578125,68.9157421875,73.7475244140625,70.9988427734395,63.1286425781213,59.327358398434,40.7117480468774,32.3195483398447,44.0609570312461,-3.40413024902314
"4564",-4.20088867187537,3.46618591308625,-0.105415363311777,5.572075195313,6.43697021484432,9.01409912109455,17.206245117189,27.3696191406274,45.7153417968791,67.9141552734415,74.917509765625,75.855224609375,79.378662109375,76.3679492187522,72.1577246093708,67.4316943359335,49.5431396484405,37.8034814453136,49.8852343749956,-3.11778961181613
"4565",-4.23345703125038,3.24218994140654,-0.382864151001011,5.47937377929736,6.61401123046934,9.21643066406332,15.7220922851577,27.3647851562524,44.1727539062539,66.0051611328164,73.8309814453125,74.994453125,78.6783154296875,75.9511572265647,70.9892285156209,67.304931640621,50.802480468753,37.9923925781261,48.9885595703082,-3.82747894287076
"4566",-4.20909423828162,3.11666809082059,-0.572581863403371,5.51668701171924,6.28174621582087,10.0599322509775,16.7309350585952,28.1614746093775,44.5651123046915,66.5703320312539,74.324140625,75.7002197265625,79.189296875,75.8959765625022,73.2883789062457,67.885400390621,52.0660302734406,39.8499414062512,51.8824902343705,-4.22702392578088
"4567",-4.3646255493168,3.45784912109406,-0.054369044303899,6.33596801757869,7.55035644531317,11.6219738769542,17.5072656250016,29.2435766601589,46.6644628906292,66.4771289062539,74.193857421875,75.072548828125,78.06599609375,74.0922216796897,70.8227148437459,66.0076855468711,52.3733789062531,38.4298388671886,49.5131152343707,-4.49141693115195
"4568",-4.45065673828165,3.16025817871122,-0.412589073181189,4.83351745605512,5.68146850585988,9.56154174804773,13.7158142089856,26.1303417968773,41.3220507812537,60.1520751953161,67.6671240234375,62.68830078125,71.5840576171875,68.214169921877,64.4647265624962,59.610913085934,43.6375292968776,34.324853515626,44.0498632812462,-4.18147705078088
"4569",-4.39928131103555,3.0401379394534,-0.504967193603561,5.22288330078171,6.06025756835992,9.9655889892587,14.7839025878919,27.1456738281274,41.7479248046912,61.1213525390661,66.9870947265625,59.912470703125,68.828359375,64.8990869140644,57.3370703124966,53.3639355468718,39.1320166015648,34.4027905273448,40.8420654296839,-3.78193298339811
"4570",-4.38469848632852,3.06812225341824,-0.628879623413142,4.94494720459029,4.89733551025434,8.57368652343827,12.8267675781261,25.379694824221,40.4518505859411,59.8389843750035,65.818662109375,59.5835107421875,67.586318359375,63.2372949218768,53.3444091796844,49.3281347656221,34.6403100585958,31.8959960937509,37.9271923828092,-3.92958312988247
"4571",-4.39694671630899,2.83617065429713,-0.854410858154373,4.62871643066447,4.39024017334023,7.40354003906316,12.6764318847668,25.1598388671897,41.0420556640662,63.2024707031287,69.5715185546875,66.87732421875,71.639912109375,67.108173828127,58.5629589843716,53.8981249999968,36.0442041015647,33.8624267578135,40.0574438476528,-3.27171936035128
"4572",-4.37644226074258,2.94471588134792,-0.757640838623114,4.55860473632853,4.4766015625004,7.8635156250007,14.1900866699231,26.0726171875023,41.2376855468787,62.8433984375037,68.124423828125,62.632060546875,69.875693359375,65.0241064453144,55.5502734374968,51.7260205078094,34.5722924804708,33.046826171876,37.6460302734342,-3.28648193359346
"4573",-4.33108398437539,3.00999633789089,-0.704259262085024,4.75163513183636,5.04724243164107,7.91908203125071,13.3789477539074,24.9904785156272,39.8299121093786,61.8473779296912,67.816240234375,65.73916015625,69.70294921875,64.7696923828144,55.4078710937468,52.8278027343719,35.8725708007834,32.760439453126,37.9172558593717,-3.84492553710904
"4574",-4.41759826660196,3.03262573242215,-0.616340332031305,5.09776763916061,6.03830566406304,8.89480834961017,15.4593432617201,27.1509667968774,42.4161035156288,64.5770312500038,71.357744140625,70.5607080078125,74.3311572265625,68.499755859377,62.0075781249964,58.5061132812465,41.2447070312525,36.3711254882823,42.6733300781213,-3.97812988281215
"4575",-4.43936614990274,3.07814758300809,-0.898883438110432,5.20070556640672,6.03213989257866,9.57726867675867,15.6887060546889,26.8653613281274,43.0505712890663,63.9970068359413,71.0085205078125,70.107861328125,74.522861328125,69.661250000002,66.1603369140586,62.2637841796838,44.2726562500026,36.7854101562511,45.779794921871,-4.20097961425745
"4576",-4.38208068847695,3.14808410644559,-0.768908157348701,5.14113586425827,5.94305908203178,9.40746948242271,14.5012353515638,25.7524218750023,42.0394091796912,61.4141503906286,68.08806640625,64.542734375,71.42271484375,67.440283203127,63.4016113281213,60.7301123046839,43.7977441406276,35.3401293945323,45.7116845703085,-4.40258941650352
"4577",-4.33573425293007,3.31459716796904,-0.737819900512761,5.53910888671924,6.10538146972711,9.63961181640711,15.3199060058607,26.4487011718774,42.4776562500038,62.3306445312537,68.7107958984375,63.4492578125,71.64966796875,66.5745458984394,59.3707812499965,56.4534570312467,40.7466601562524,35.0950537109385,45.2359521484335,-4.33363555908165
"4578",-4.2548825073246,3.09392181396512,-0.772647247314522,5.64182189941457,5.55078979492237,9.19842102050863,15.5700671386733,27.1247949218774,43.4271972656289,64.2916015625038,71.131826171875,66.725380859375,74.7821240234375,69.8022216796895,63.4242382812463,60.3252050781214,43.7333007812526,36.8081567382823,48.6241406249958,-4.60547515869101
"4579",-4.30652770996132,3.4105468750003,-0.596749763488823,6.4589514160162,6.75031127929748,11.1478845214854,18.6813012695329,29.9445727539089,47.2205468750042,67.048671875004,74.600380859375,70.3528515625,77.0903271484375,71.7570898437521,67.761210937496,63.7960644531212,50.457480468753,39.9891992187512,52.106420898433,-4.64111694335897
"4580",-4.36218200683633,2.96875518798855,-1.13887527465831,5.25523559570359,4.84564392089887,8.11624084472729,15.3401452636732,26.0210693359398,42.4804638671913,63.8469482421913,71.327734375,66.91603515625,75.36140625,71.0774902343771,67.5195214843711,63.8576708984337,47.0226269531278,36.6860522460948,50.1657861328081,-4.81560150146442
"4581",-4.1718972778324,3.05250915527371,-1.01167739868173,5.61161743164113,5.30459350585985,8.26356567382886,15.9580810546889,26.0148315429711,42.4429443359413,62.8414355468787,70.047392578125,64.166435546875,72.642587890625,69.3249658203145,63.8241210937463,61.4279052734339,43.7286376953151,35.353730468751,46.4265234374959,-4.64929321289022
"4582",-4.06258026123083,3.0303039550784,-0.78781005859382,6.55293090820371,6.75049255371154,9.52859008789147,16.8069958496109,25.4514453125023,42.5821484375038,62.2711425781287,70.20220703125,64.767724609375,72.661845703125,68.540761718752,61.9139257812464,59.4726269531215,43.4352050781276,34.712382812501,45.366201171871,-4.53095001220664
"4583",-4.03382965087927,3.32856262207061,-0.14425611495973,7.93491088867258,7.737088012696,11.4340795898448,18.9647558593767,28.8664135742213,45.6887255859416,65.1846972656289,72.612841796875,66.1158251953125,73.429306640625,69.3372509765645,59.613237304684,57.9120849609341,44.0605712890651,37.8916967773449,46.219951171871,-4.28010437011681
"4584",-4.14273101806678,3.02293945312527,-0.720280532836978,6.58707885742246,6.1916674804693,10.0005334472665,17.138803710939,27.7362500000025,46.3370019531291,66.6626708984414,76.8296240234375,72.227470703125,79.4018017578125,75.2541357421897,70.3782324218709,68.106328124996,51.9754541015656,39.6617041015637,51.582758789058,-4.96944885253863
"4585",-4.21443603515663,2.91234680175807,-0.880492630004961,5.87824829101615,5.11761230468796,8.69647338867265,15.7397253417983,27.480200195315,46.2193994140666,67.084169921879,78.710458984375,76.6320703125,84.09404296875,79.7915087890648,76.4890136718705,73.7919726562456,57.5436376953159,40.7269824218762,54.9968701171827,-4.84549591064411
"4586",-4.1893566894535,3.26496582031279,-0.442993927001993,7.08083740234438,6.62739868164122,10.6873510742197,17.0748620605484,28.8637011718776,45.7420556640666,65.2989257812539,75.57615234375,70.6807666015625,78.748193359375,73.5748339843771,69.8923681640584,66.7753173828085,50.488515625003,37.1407421875011,50.8511376953081,-4.71361236572224
"4587",-4.19768005371131,3.23320678710966,-0.542968406677295,6.91453735351624,6.81155029296936,9.60470336914148,15.7864135742202,27.9920410156275,43.8711669921914,64.2032177734413,73.8302099609375,69.090712890625,77.061142578125,71.7724511718771,64.3845214843712,60.8194628906214,45.0726562500027,35.4350244140635,47.6518945312458,-4.67820343017537
"4588",-4.21745544433631,3.09426147460965,-0.538946876525927,6.75370056152404,6.83951721191467,9.13437744140706,14.1288635253919,25.5310180664085,41.5475390625037,59.5705566406285,68.7200390625,64.187666015625,72.7993359375,68.791601562502,61.4397753906214,58.868637695309,42.1306738281275,32.5855395507822,45.6599462890585,-4.95165100097613
"4589",-4.2971627807621,2.90318725585963,-0.63158523559576,6.47956787109433,7.00393615722719,8.96970092773518,15.1347473144545,26.0760009765648,41.3178710937537,61.2526464843786,69.76255859375,64.772646484375,73.5436181640625,68.603837890627,63.9936718749963,59.8463964843715,43.8239062500026,34.126982421876,47.3601611328084,-4.92902801513629
"4590",-4.2419738769535,3.00573547363308,-0.489898223876997,6.73579467773498,7.67056640625068,9.112057495118,15.0681835937513,25.0941528320335,40.7353564453161,60.3452539062536,66.7342919921875,61.2098095703125,69.9404296875,65.7931298828144,54.9094628906218,52.4488574218719,36.8812744140647,32.2180249023447,41.0020117187464,-4.86065460205036
"4591",-4.45946014404337,2.67190307617211,-0.794126129150461,6.12879577636773,6.64740844726622,8.37166625976637,15.0457324218763,25.1431298828147,41.5659472656287,61.0814697265661,68.41041015625,62.27833984375,71.521181640625,67.052265625002,55.9953613281217,52.7820751953094,36.8665136718772,32.784980468751,39.5416210937465,-5.0257284545894
"4592",-4.37481567382851,2.73533874511743,-0.709552078247134,6.27158081054743,6.83745239257874,8.04740478515697,15.3317626953139,25.7789794921898,40.9910742187537,60.4303466796911,64.488720703125,56.5121337890625,67.0482666015625,61.8457470703143,43.204741210935,44.2221728515599,32.0275024414082,29.0922363281259,32.9551684570284,-4.39959930419883
"4593",-4.35601898193398,2.77700653076197,-0.743262329101629,6.40276062011776,7.03357788086,8.92514892578205,15.1557373046889,25.9903564453148,42.5388134765663,63.1829296875037,70.3548046875,64.8670703125,73.160458984375,66.8329589843769,49.6606933593721,48.9333837890596,35.0319824218771,31.3390307617197,37.113537597653,-4.60154022216757
"4594",-4.4105484008793,2.67566375732446,-0.740239334106511,6.14163146972711,6.98976318359437,9.09297241211019,14.4648852539075,26.3625488281274,43.5792285156289,64.4727539062538,71.96357421875,68.547998046875,75.595693359375,70.530458984377,54.9617871093718,53.5580859374968,37.8584375000023,33.7081127929697,38.1750634765592,-5.23845886230423
"4595",-4.49875793457071,2.67345153808618,-1.01308860778818,5.68136535644582,5.72544921875051,8.3936499023445,13.2344140625012,25.8281323242211,44.4214013671915,65.2294921875039,74.192255859375,72.6567724609375,79.156669921875,73.7752783203146,65.2964843749962,62.9954296874963,43.3581542968776,34.931621093751,43.6594238281212,-5.46481567382765
"4596",-4.48658020019571,2.94216003417995,-0.503480033874557,7.26521484375065,7.60425354003974,10.4271411132822,15.5045043945326,27.9388989257837,45.5811621093791,65.5543310546914,73.2255859375,70.3600830078125,76.929384765625,71.2738867187521,65.9189501953086,63.9111035156212,48.3356103515654,37.3456103515636,44.7839843749961,-6.08724670410103
"4597",-4.3508331298832,2.73643280029321,-0.910700683593831,6.28275085449275,6.30649963378963,9.2249060058602,13.9041589355481,27.2570605468774,44.6786572265665,64.3707275390663,71.2060498046875,70.7540185546875,77.8031787109375,72.4066113281271,68.615800781246,65.7803662109336,49.914501953128,36.7853857421886,45.925605468746,-6.35666198730413
"4598",-4.53422424316447,2.47091613769553,-1.08902206420908,6.57655822753965,6.46196838378964,9.32758056640708,13.7726818847669,26.9124536132837,45.4755224609416,65.1146679687538,72.1369384765625,71.234990234375,78.704296875,72.9398632812521,68.772294921871,66.1429248046836,49.2746386718779,39.4032958984386,47.4714794921834,-7.25527343749937
"4599",-4.48402404785196,2.50784149169944,-0.830258026123121,6.64105163574278,6.92475219726624,9.80162536621181,13.9762512207044,27.3463208007837,44.6740771484415,65.5006396484414,70.273037109375,68.02044921875,75.4731005859375,69.0713134765645,62.0993066406214,59.8312792968715,43.7746191406276,39.2125439453136,43.4338476562462,-7.21982421874937
"4600",-4.5209228515629,2.35854644775412,-1.39777740478528,6.38241760253963,6.81507690429748,9.76815307617275,12.9462316894543,27.4861157226587,43.8313476562539,65.3058984375039,70.570849609375,67.1579833984375,74.5408984375,69.690996093752,65.4098388671837,63.1083251953088,46.7515527343778,40.6048315429699,43.8826416015587,-7.03587402343689
"4601",-4.45936798095743,2.4445234680178,-1.14457138061534,6.47813964843808,6.89700500488343,9.42239868164147,11.5788452148448,25.9549584960961,41.1001367187537,63.6596484375038,68.0962109375,64.841259765625,72.3746240234375,67.2382617187519,59.2963378906215,57.3132421874966,40.5150878906274,37.5667895507824,40.3475390624965,-6.92047973632752
"4602",-4.55730285644572,2.40546295166037,-1.38171188354505,6.2463519287115,6.70913208007872,9.40414245605553,12.1361828613292,26.6137500000024,43.0903808593788,67.0023876953165,72.79099609375,67.973720703125,75.2807080078125,70.8012744140646,63.9434472656213,62.0454492187463,43.4582128906276,39.3034667968762,43.2100683593712,-6.53314514160099
"4603",-4.64952209472698,1.9856848144533,-1.60697921752944,5.86720947265677,6.53960937500058,8.67688537597734,10.2793420410165,24.1333911132834,38.842211914066,61.9297607421912,68.2082861328125,65.0353369140625,72.3852978515625,68.564023437502,65.0983105468712,61.8197900390588,43.1899658203151,36.8373901367198,42.4162304687463,-7.2620599365228
"4604",-4.53548828125041,1.73706497192398,-1.34891494750989,6.316874389649,6.69978210449278,8.9315380859383,10.677949218751,25.276022949221,40.5505859375036,64.1486425781288,68.594404296875,64.9263037109375,71.05537109375,67.751005859377,61.1784033203089,58.8378222656215,41.5514941406275,36.8036303710948,42.2185839843713,-6.43651184081975
"4605",-4.66288574218792,2.11487854003925,-1.78692184448258,5.54255981445362,5.73418762207083,7.755486450196,10.0567547607431,24.6000048828147,40.3286694335973,63.6846240234413,69.687001953125,65.014453125,72.1342578125,68.7444482421895,64.0913867187463,60.9618652343714,41.9228125000025,35.6666064453135,43.8273339843712,-6.52697265624943
"4606",-4.48251190185587,2.57373046875023,-0.897888717651447,7.07971862793032,8.05415161132884,10.0739923095712,11.9941723632823,26.8107153320336,41.5012353515662,63.9145410156288,68.9134375,65.15517578125,71.5378076171875,67.0093750000019,59.640209960934,56.0351220703092,39.7580029296899,37.1891113281261,43.0116943359337,-6.36113952636663
"4607",-4.63477600097698,2.43274642944358,-1.19053451538096,6.42581359863339,7.34936767578191,9.27433837890708,11.7335913085948,25.8516772460961,41.8577148437537,65.5950537109414,70.8537548828125,67.403935546875,73.6640771484375,69.6974560546895,63.3840234374963,60.6854296874964,43.4650878906276,37.8998681640636,45.9862841796835,-5.99962219238229
"4608",-4.48731628418009,2.31749145507833,-1.32214248657238,6.44163940429745,7.53126953125067,8.81118225097735,12.5775830078136,26.2594702148461,41.6103710937537,64.4227539062538,69.026552734375,63.6414599609375,71.34505859375,67.0907714843769,60.9896679687464,59.6996679687465,44.2846679687527,37.9657519531261,45.3946142578085,-6.61980102539005
"4609",-4.4313916015629,2.38976135253928,-1.09138717651377,6.20162292480524,7.44568664550848,8.64524658203202,12.6562939453136,25.8285278320336,43.1600292968788,65.4542968750039,71.5197265625,67.456943359375,73.9920703125,70.364804687502,64.3610937499962,63.0609570312463,46.3608447265653,38.2449365234386,46.6006347656209,-6.63055480956973
"4610",-4.44244415283243,2.38865539550802,-0.921612472534262,6.48668395996152,7.2485522460944,8.63112854003983,13.2342883300793,25.7778955078148,42.1427636718788,63.7026074218788,69.786005859375,66.50953125,73.39900390625,68.908027343752,62.7948730468713,60.7854248046839,47.0064648437528,37.7323144531261,45.608271484371,-6.73312255859316
"4611",-4.4329702758793,2.45293746948264,-1.18211921691905,5.88165649414115,6.21970642089899,7.48125366211004,12.387459716798,24.5652709960959,41.7910351562537,62.2550292968787,67.587197265625,64.7887060546875,73.734306640625,68.015986328127,64.1232617187463,62.1059570312463,48.5960351562529,37.0331884765636,45.1462060546836,-6.1635833740229
"4612",-4.50545928955118,2.38090393066427,-1.26021324157726,5.73146911621145,5.58395874023487,6.77357849121154,11.7181872558604,22.9740478515645,39.9801391601598,58.8047851562535,64.35216796875,61.361708984375,70.966044921875,65.7887890625019,61.0908593749964,59.0962304687465,45.1781640625027,35.441464843751,41.3483837890589,-6.43464782714788
"4613",-4.55892639160197,2.3151400756838,-1.05172401428232,5.65237182617238,5.83951293945365,7.81205993652414,13.3096057128918,25.9978759765648,42.5427685546913,62.6843505859412,68.27703125,65.7010498046875,74.275537109375,68.386279296877,62.4081494140589,60.6380175781214,46.3482470703153,36.7125341796886,42.4882617187463,-6.28152893066351
"4614",-4.37498535156289,2.5167663574221,-1.12318084716807,5.22872436523484,5.29442199707078,7.39803405761785,12.6676269531261,24.4464355468772,40.1388476562536,58.505346679691,64.952314453125,63.812724609375,73.26458984375,67.596962890627,63.2907714843713,60.9943457031214,46.0064941406278,34.742822265626,42.4783886718713,-6.20856811523383
"4615",-4.38379638671914,2.436689758301,-0.906587066650471,5.85907226562552,6.57161254882871,9.24931701660239,15.5989160156264,27.4086352539087,42.7101513671913,61.1341601562536,67.260732421875,65.4632177734375,74.7400146484375,68.756035156252,62.7633203124963,60.1611230468714,44.8468310546902,35.9366870117198,43.3800390624962,-5.33886169433547
"4616",-4.30945068359413,2.54446884155296,-0.732704086303776,6.20423034668024,6.85893981933655,9.66529296875086,16.3877551269546,27.8059838867212,43.3079687500039,60.9906982421911,67.476474609375,65.910107421875,74.184814453125,68.026240234377,62.0390039062464,58.728110351559,45.6157958984402,35.4397241210948,43.8230273437462,-5.45381042480421
"4617",-4.55491027832072,2.38297515869162,-0.978163375854579,5.80731323242239,6.56518127441465,9.31364318847739,16.2961914062515,26.7613671875024,41.0177001953162,58.1896777343784,65.4266357421875,63.6594189453125,71.733544921875,65.8084521484394,60.8477392578089,58.0620507812466,44.5626220703152,33.9723095703135,42.8032421874963,-6.05166381835885
"4618",-4.45213500976602,2.46751052856467,-1.18640213012706,5.40331787109423,5.94116455078178,8.50249511718826,14.458161621095,25.0508789062522,37.6805541992221,54.2130126953157,60.0697802734375,57.65849609375,66.6684765625,62.4324707031268,53.9321386718719,53.1586279296844,38.8715014648461,31.0211181640634,38.2114648437467,-6.03339233398385
"4619",-4.50935180664103,2.22063354492207,-1.39130279541028,4.75542083740277,4.55273559570353,7.65589233398506,14.4229443359388,25.0337060546897,38.5312841796909,56.9020947265659,63.144951171875,60.7260888671875,68.5010595703125,63.7673730468768,50.9249658203095,49.982099609372,36.0412719726584,30.8574902343759,37.7700585937467,-5.40818176269484
"4620",-4.43430603027383,2.33612655639669,-1.09192649841318,5.36372741699267,5.24492919921922,8.28458496093824,15.1562011718764,25.8742724609398,38.4876171875034,55.2738623046908,61.169892578125,58.573349609375,66.863056640625,62.2777148437518,52.2048828124969,51.3749121093719,37.7369335937523,31.2287353515634,39.1904248046841,-5.80165527343699
"4621",-4.67476501464885,2.0086471557619,-1.74973800659195,4.08531280517615,3.18139007568388,6.36734436035213,13.5889184570325,24.9650488281272,37.4221289062533,56.7030175781284,64.009794921875,62.69169921875,70.1394091796875,66.993076171877,60.2533691406215,58.7434082031215,42.2101074218775,32.2283813476572,43.3404980468712,-5.80768432617137
"4622",-4.4969873046879,1.97221466064471,-1.66270645141616,4.10563781738318,2.80026275634791,6.67374145507872,13.8900610351575,25.033395996096,37.6855908203159,55.7757812500033,62.921181640625,60.0342236328125,67.535107421875,62.7612109375018,50.1099804687471,50.518066406247,35.8486328125021,28.9562597656258,39.1267407226528,-5.89366943359324
"4623",-4.59508758544963,2.11959182739277,-1.48756713867201,4.52428009033243,2.57420227050804,7.11139160156313,13.9924316406262,25.377175292971,38.9066674804722,57.1550927734409,64.70861328125,62.4092724609375,70.2052392578125,65.5458105468769,54.3651757812468,53.6892041015593,39.3080590820336,30.7506347656259,42.7124316406213,-6.44277587890569
"4624",-4.71787048339886,1.97908508300799,-1.16332618713389,5.23734375000047,3.25476470947295,8.1288122558601,14.0881103515638,25.8566894531273,39.0249609375035,55.7195312500033,64.385712890625,63.7049267578125,71.686923828125,65.5357910156269,59.0033691406216,58.464838867184,43.0274169921901,32.8218579101572,46.6293798828084,-6.87290771484315
"4625",-4.73552062988324,1.94951110839861,-1.19874595642101,5.37552246093798,3.13271850585966,8.12668640136791,13.8038488769544,26.1017285156273,39.467221679691,57.7927294921909,65.446064453125,65.5223681640625,74.04666015625,67.447753906252,59.4021093749965,59.6520019531215,43.5674414062526,33.6850146484385,46.410791015621,-7.06468200683532
"4626",-4.69288574218792,2.01818786621112,-1.13903762817393,5.83033874511771,3.76195465087924,9.02682312011799,14.964664306642,27.7704492187525,41.6637402343787,59.8705957031286,68.85923828125,68.6234033203125,76.7219580078125,69.588095703127,58.5074511718716,58.956186523434,43.0737792968776,33.855644531251,47.7556054687458,-7.12117126464782
"4627",-4.53971862793009,2.15241958618183,-1.31120330810559,5.15417541503952,2.79987976074244,7.31838989257878,13.4861645507825,24.9563989257835,37.7500244140659,54.5242285156282,62.7057861328125,61.6556640625,71.9306005859375,64.8472167968769,54.7803613281218,55.6368310546842,39.9026318359399,30.6605468750009,43.9956347656212,-6.91650268554627
"4628",-4.63395507812541,2.27561096191427,-1.19230590820323,4.71370239257855,1.30475585937512,5.00198425293013,10.9590417480479,22.0160693359395,33.9594946289093,53.4760937500032,62.483125,61.7097509765625,73.569462890625,66.2806787109394,56.6276562499967,58.334096679684,39.7168115234399,30.3413842773446,43.5184033203087,-6.82915710449159
"4629",-4.19790100097694,2.5752413940432,-0.796428985595774,4.43545959472696,0.918617172241293,1.98147567749041,7.48831970214911,16.7318188476577,27.4086791992212,53.4550732421907,62.3687158203125,63.13779296875,75.3306201171875,68.289472656252,58.6652001953091,58.7671191406215,39.0638696289086,28.4007055664071,43.6233007812462,-6.48078063964787
"4639",-2.74671508789087,4.4595800781254,0.601382980346733,7.38744995117253,5.07663940429733,5.77652770996145,14.1998815917981,21.3959301757832,33.6732885742218,62.4564257812537,56.26669921875,53.367353515625,65.26078125,60.7576660156268,52.7873242187469,52.7560205078094,31.2129833984394,29.8897460937509,33.4693969726533,-4.57067749023398
"4640",-2.85853515625025,4.42330780029336,0.497512893676802,7.1542340087897,4.43923278808633,5.38891113281298,13.5029833984387,20.3882922363299,33.0847070312529,60.7638671875036,54.6007373046875,50.450478515625,63.9060546875,59.3579833984392,50.7983740234345,51.314130859372,30.1643188476581,28.8009106445321,32.8750927734346,-4.17473083496057
"4641",-2.75633911132837,4.76100646972699,0.548336753845264,7.38219421386785,4.83223510742231,6.29431518554744,14.7898999023451,21.5934814453144,35.2800878906281,62.7327929687537,56.68064453125,53.1966650390625,65.801650390625,62.3317773437518,55.8394628906217,56.4952050781216,35.7968969726584,31.4885791015634,35.0935913085907,-4.41332092285118
"4642",-2.80790252685572,4.64852386474651,0.263931484222436,6.88530273437561,4.00467163085973,5.55015563964893,14.1533532714856,21.6371801757832,37.7012597656284,67.491533203129,64.63984375,65.363798828125,76.3609521484375,73.7490966796896,72.0091455078083,71.9498974609332,51.7917382812531,36.9591430664073,43.4739501953087,-4.35426513671837
"4643",-2.8008813476565,4.52053771972697,-0.106078071594248,6.36537597656307,4.10235015869177,6.50155395507871,15.6973632812514,23.2818774414083,42.7649951171913,73.5760351562544,71.9232080078125,72.673671875,80.300498046875,76.8233691406272,74.6451562499956,74.9611132812456,53.7528417968782,36.6351147460948,49.4405175781207,-2.71184875488258
"4644",-2.81998107910181,4.36394775390664,-0.911894683837972,4.23061309814491,1.27716674804699,0.439264068603555,9.34649841308677,18.1823022460954,39.111518554691,73.4955517578169,73.4037109375,78.7187939453125,87.044306640625,84.1963085937524,84.4505761718701,84.67639648437,64.7596240234414,35.9590795898448,53.1510644531204,-1.94851043701155
"4645",-2.97580261230495,4.42968627929727,-0.43240020751957,5.24733886718797,2.64698547363305,3.44870056152374,13.7409033203137,21.4986523437519,41.7407958984412,75.6798242187545,78.5099609375,85.16982421875,93.244384765625,92.5374023437527,94.4788769531195,93.8778222656194,78.8118896484422,46.0744970703138,58.7207421874949,-2.64268280029274
"4646",-2.98075836181667,4.32227905273476,-0.602545700073296,5.1354486083989,2.813718261719,3.09125640869168,12.0759448242198,21.1250976562519,40.3712939453161,75.2699609375045,78.264091796875,85.938828125,95.332421875,94.8883789062528,99.0418749999942,98.0447363281192,83.827402343755,47.9762255859389,60.0917480468698,-2.67908569335914
"4647",-3.01712829589871,4.35656982421914,-0.652754592895566,5.20615783691453,2.74458496093775,2.96117370605495,12.153924560548,21.1348046875019,40.4563403320349,74.4214306640669,77.66478515625,84.920859375,95.2733203125,95.2433886718778,99.2171093749942,98.8058789062441,83.194121093755,49.739399414064,59.7323828124948,-2.79582702636694
"4648",-3.28347045898467,3.89033172607457,-1.02532180786142,4.31231689453163,1.68081405639663,0.173797073364273,8.21052062988355,18.1995788574235,37.4227148437533,70.8399218750042,75.208857421875,82.9403515625,92.89091796875,93.5479882812527,97.7805566406193,98.0792968749942,83.321425781255,45.5998046875013,58.7555322265574,-2.31857635498027
"4649",-3.27870971679717,3.85801025390659,-1.14091979980479,4.14518218994178,1.50547805786146,-0.498877410888716,6.97059997558656,17.3169750976578,36.495378417972,70.8541503906292,74.9117578125,81.584853515625,91.5096484375,92.0249316406277,95.1287207031194,94.4380957031194,78.4130078125047,44.7683105468763,58.2075195312449,-1.96789886474592
"4650",-3.35098907470733,3.31951416015655,-1.3547773742677,3.80692230224643,0.9484242248536,-1.90601257324236,3.6890075683597,14.4303430175794,33.5062353515655,66.0291699218789,71.351748046875,78.65990234375,88.532080078125,89.9278515625026,94.2520898437445,93.4167578124945,77.1729394531296,39.5095605468762,55.1559863281202,-2.18117492675762
"4651",-3.32595672607452,3.19571716308622,-1.72267456054703,3.31943664550811,0.628915634155329,-3.52533325195344,1.19789291381847,10.6730639648447,28.7685937500026,58.337211914066,64.0916796875,72.74759765625,85.868681640625,88.1109960937525,92.4421777343696,92.7216894531195,77.4650927734421,36.9653735351573,50.2289697265581,-1.67135406494126
"4652",-3.43133422851593,2.93064361572292,-1.86341888427751,3.05684997558621,0.638099517822323,-3.16255218505888,2.19649230957051,13.5023950195325,34.5363183593781,66.3250976562539,73.4000341796875,82.76078125,92.575751953125,93.8489355468777,97.5573144531193,96.9536230468693,82.1487890625049,38.2169995117199,54.8870507812452,-1.735628967285
"4653",-3.27803009033232,2.97002197265651,-1.47153305053724,3.59565979003938,1.35997131347668,-0.966095123291102,5.07965515136764,17.6294580078141,39.7365258789098,71.9136132812543,77.6120751953125,84.771484375,93.034462890625,94.2960058593777,97.5499414062443,96.3201562499943,80.9777539062548,46.6217187500014,60.0049902343698,-2.40450973510721
"4654",-3.25237518310576,2.94139953613307,-1.60078338623061,3.48805603027375,1.26158073425304,-0.715727996826236,5.55688537597706,17.9292370605485,41.2790673828162,71.5955468750042,78.4835986328125,86.158955078125,94.387412109375,95.9540820312528,99.6632226562442,97.6533398437442,82.94200195313,52.002485351564,60.4801660156197,-2.48099655151346
"4655",-3.4697137451175,2.53019180297874,-1.6655786132814,3.32660217285186,1.42319488525403,0.881981506347735,6.80589660644592,20.3611181640643,44.4908251953165,72.7765087890668,79.449287109375,85.61095703125,92.176064453125,93.1588574218777,94.4504687499945,93.1572265624945,77.9982958984422,50.781625976564,59.4754980468698,-2.71512939453101
"4656",-3.47282653808625,2.92112518310573,-0.919354019165121,4.60602905273479,3.44375000000031,5.14216552734421,10.6084277343759,22.704375000002,46.2043750000041,73.7735595703169,80.3593896484375,84.89013671875,89.93099609375,89.4300292968776,89.0845117187448,87.2228124999948,71.6165136718793,48.1643408203139,57.862558593745,-2.81927764892554
"4657",-3.49955780029328,3.10185943603543,-0.366883201599154,6.1262182617193,5.71420288085988,9.14817199707113,14.6664331054701,25.9329736328148,49.3684912109419,73.8775634765669,78.95966796875,79.60076171875,84.761201171875,83.2049902343774,81.3049999999952,78.7296044921828,64.0371289062538,45.1835156250013,53.7658154296828,-3.28990814208956
"4658",-3.55228485107454,3.30875762939483,0.209331893920917,7.08760803222719,6.15205444335992,9.83762084961025,14.5334716796888,24.6941650390647,44.8948095703165,67.950527343754,71.8752001953125,70.764658203125,76.783046875,74.6370996093772,71.4224804687458,69.3129882812459,52.9965869140657,40.5332934570324,46.3843603515584,-3.58688201904266
"4659",-3.42938415527374,3.37475006103546,0.056922473907476,6.99274108886781,6.91390014648499,9.77635131836025,14.4135083007825,25.1751220703147,44.730947265629,67.556113281254,70.9661572265625,69.1507763671875,75.351416015625,72.5858007812521,68.6352001953085,66.7000781249961,51.0887841796906,40.0501025390637,45.4348681640585,-3.73209472656217
"4660",-3.33775482177764,3.3363394165042,0.158626031875625,6.92552307128968,6.21726440429743,9.51617736816491,13.4504772949231,24.1466406250022,42.9333349609413,66.852197265629,70.5498828125,69.670810546875,75.6459228515625,72.6611328125021,69.6750683593709,68.019960937496,51.7550683593781,40.1122363281262,46.0118115234335,-3.70335510253874
"4661",-3.54143066406282,3.16884368896513,-0.359691696167024,6.24928894043024,5.74512695312551,9.62081115722742,12.8597119140636,23.6154174804709,43.0488183593788,66.688085937504,70.627939453125,70.7357958984375,76.973388671875,74.0143261718771,71.4165820312458,69.9631249999958,53.7777343750032,39.1977319335949,47.7480078124958,-3.72047180175749
"4662",-3.52925567626985,3.17871765136747,-0.223659019470235,6.10429504394586,6.17170898437555,9.89044799804776,13.81129638672,24.8688330078147,43.2740429687539,68.7147460937541,72.5239892578125,73.9219970703125,79.582998046875,76.3211425781272,73.3740234374957,72.6208007812457,55.9225976562533,40.2125488281262,49.2822070312457,-3.43176055908173
"4663",-3.63263000488314,3.15185760498075,-0.321284027099638,6.03862487793023,6.01747497558647,9.9928741455087,13.7479443359387,24.8641845703147,43.6582080078164,68.4815136718791,72.04677734375,73.1709619140625,78.483525390625,75.4810351562522,72.4821386718708,71.3665185546833,54.7414599609408,40.2322949218762,49.8182666015582,-3.34549560546846
"4664",-3.76927673339877,3.31485290527373,-0.247206058502219,6.31130920410213,6.15871215820367,9.65164855957117,14.349841308595,24.8843750000022,43.1675878906289,68.3871972656291,72.437216796875,74.291708984375,79.9467236328125,76.2909228515647,72.7983447265582,71.6667871093708,55.7129199218783,40.5174023437512,50.3976611328081,-3.23441467285128
"4665",-3.63033355712923,3.58365844726594,0.109271898269663,6.60247314453184,6.7096044921881,10.1830926513681,15.3776794433607,26.0217700195336,45.3099169921915,69.5148437500041,73.949013671875,75.49533203125,81.5985107421875,77.3523730468772,73.8673828124957,72.7805859374957,57.0667529296909,40.7178027343762,50.9045458984331,-3.10793365478489
"4666",-3.73686920166049,3.47104522705109,-0.109078578948984,6.20343933105524,6.06340454101617,9.45418823242272,14.7893859863294,24.3315356445334,42.8176123046913,66.6733496093789,71.8129345703125,71.9374658203125,78.3116943359375,74.3644042968772,70.5153369140584,69.2812109374959,54.4373486328158,37.1093505859386,49.6528808593707,-3.73310913085905
"4667",-3.69186309814486,3.48671661376984,-0.019464921951296,5.7986639404302,5.58087585449269,8.70414489746172,15.2802160644545,24.6240185546897,43.5597119140664,67.932812500004,72.7351220703125,73.2653173828125,80.601201171875,76.0670263671897,71.9964599609333,70.2929052734333,52.6239306640656,38.3556982421886,49.9304589843706,-3.27060638427706
"4668",-3.89369354248082,3.23092895507841,-0.246389751434348,5.58589233398487,5.60895874023488,7.99566650390696,15.221197509767,24.3730224609397,43.1170507812538,65.2950292968789,70.809814453125,70.08009765625,78.8876806640625,74.8266601562522,72.7753613281207,71.4249023437458,54.3846191406283,36.8666894531261,50.3065869140581,-3.77015563964811
"4669",-4.0139691162113,3.25890716552763,-0.233438606262228,5.7201190185552,5.81168701171927,7.4804876708991,14.7152929687513,25.0732055664085,41.9706054687537,65.3525048828164,70.95126953125,71.286162109375,79.2968798828125,75.4792675781272,72.5169531249958,71.0564501953083,52.1189550781281,35.8796533203136,50.4631396484331,-3.84028137206998
"4670",-4.09271514892615,3.1523922729495,-0.201470222473163,5.41454345703173,5.43392822265673,6.61683044433653,13.5947167968762,23.6362939453146,41.1767333984412,63.9941162109413,69.1734423828125,70.252646484375,77.2564794921875,73.6479638671896,71.7007958984333,70.3990478515583,53.8750927734407,36.3848632812511,50.1260546874956,-4.15063690185511
"4671",-4.24128601074257,3.17115966796903,-0.466167716980022,5.2241546630864,5.63190246582081,6.51514282226621,13.9787451171887,24.7104223632835,42.2270361328163,65.2001074218789,70.4098681640625,73.4635107421875,79.178623046875,75.5537695312522,73.4816601562457,72.4361132812457,55.1042822265658,38.1306494140636,51.2407714843705,-4.33025054931603
"4672",-4.28375183105507,3.22961914062529,-0.281835365295435,5.59570556640675,6.45530517578183,7.49450744628973,14.6096252441419,25.6587353515648,44.3251025390665,67.729335937504,72.6072216796875,76.4563671875,81.56087890625,77.5413378906272,72.2389257812458,69.0855566406209,48.6635937500029,37.4961132812511,50.7247070312456,-3.62178955078093
"4673",-4.31274963378945,3.2598941040042,-0.206328639984149,5.70447143554738,6.61909301757872,8.04616577148509,14.0370922851575,24.4715698242209,42.0188134765662,64.7818994140663,68.504140625,71.919609375,75.32275390625,71.2090576171896,61.2193603515589,59.1804394531215,39.7316479492211,32.0879077148447,44.1606787109336,-3.13646820068332
"4674",-4.30867370605507,3.3293066406253,-0.290449409484889,5.51543579101612,6.32344726562556,8.07532043457103,14.7937951660169,24.0988891601584,42.8848242187538,65.5156933593789,69.8282470703125,76.05943359375,78.922978515625,75.1532324218772,69.4655908203084,66.2864257812461,47.8535595703154,34.922207031251,48.0971777343708,-3.49343139648407
"4675",-4.3736163330082,3.08138214111356,-0.600553359985405,5.00182617187545,5.57713623046925,7.19628662109439,13.6991430664075,23.5480419921896,41.8758886718787,65.0105468750038,69.871806640625,75.2973876953125,77.116533203125,74.1283398437521,69.371689453121,65.7566162109336,48.6523144531279,35.6936474609385,48.1649609374958,-3.84343566894498
"4676",-4.34265502929726,3.03301605224636,-0.515951957702683,5.58178649902394,6.30200012207087,8.93689758300861,14.127927246095,26.0156860351586,42.6962402343788,64.6021093750038,70.221435546875,75.391708984375,77.928701171875,74.4333984375022,71.7665234374958,68.3241748046834,51.8785839843781,37.6643676757824,50.1096435546831,-4.23787658691369
"4677",-4.39501495361367,3.20521057128935,0.114269790649424,5.99004516601616,6.36551391601619,9.42205444336022,14.5135839843763,25.6802978515648,42.3993066406288,62.6906347656287,66.70703125,71.7530029296875,74.28833984375,70.4813916015645,67.0619580078086,63.7773632812462,48.1811523437529,34.872607421876,46.4026513671834,-4.39073852539024
"4678",-4.53803863525431,3.16230072021513,-0.071459212303168,5.98461791992241,6.23343688964899,9.66173522949305,13.6571618652356,25.280671386721,41.5729736328162,61.7014404296912,66.7218115234375,71.119453125,73.9598876953125,69.960781250002,68.160136718746,64.0097949218712,49.337675781253,36.0883422851573,46.2234716796835,-4.31686279296837
"4679",-4.40555511474649,3.18799499511747,-0.383130416870151,5.84706726074271,6.09761047363336,9.39458801269615,12.8356115722668,25.3701879882835,40.9445849609411,60.7922070312536,64.498232421875,67.104951171875,71.733779296875,67.743535156252,66.0775585937461,62.2477685546838,47.9814404296904,35.4014184570323,44.7600195312461,-4.17638641357385
"4680",-4.51183471679728,3.06961975097684,-0.461343269348186,5.48889892578174,5.17766723632859,8.28574401855543,11.9098498535167,23.3444409179708,38.893979492191,57.1380566406284,60.93875,60.1740087890625,68.589443359375,63.8292968750018,59.1276757812465,55.9144189453092,39.7585986328149,31.7574511718759,39.6606274414028,-4.18087493896448
"4681",-4.43287536621133,3.02828247070339,-0.431214141845742,5.06565490722701,4.78992706298871,7.41842102050847,12.0053735351573,23.6825805664084,39.035249023441,58.5553320312535,60.787666015625,58.8786376953125,67.169267578125,62.0959082031268,53.2075488281219,51.5738964843719,34.3987060546896,30.9910058593759,36.6561718749968,-3.48647399902313
"4682",-4.47164428710977,2.84494598388697,-0.953485717773523,4.49162353515665,4.48789733886759,7.28879516601627,11.572197265626,22.9351098632833,37.3406445312533,57.3035009765659,59.8833056640625,58.3029345703125,66.21853515625,61.2341406250018,51.0812841796845,49.6216308593721,32.0751123046894,29.0366381835946,35.2217553710907,-3.62696411132781
"4683",-4.47360717773477,2.78546112060572,-0.988175811767666,4.27949707031288,4.13938415527381,6.57395263671934,11.2693591308604,21.1995996093769,36.017546386722,54.3271484375032,57.17955078125,55.1093505859375,64.538466796875,59.5973242187517,52.3185595703094,50.9449560546845,33.0318017578145,28.8142822265633,34.105507812497,-4.23009582519494
"4684",-4.39386993408242,3.00648406982449,-0.728268890380924,4.39533935546914,4.71598693847698,7.56196655273505,12.7129895019543,22.9216674804708,38.7216113281285,58.4751074218785,62.8005859375,59.744150390625,69.491220703125,64.5125146484394,59.1923437499965,57.2906982421841,38.6142993164086,32.9446142578135,39.5534350585903,-4.3405847167965
"4685",-4.48683715820353,3.06805175781277,-0.720136871337955,5.36794738769579,5.72314208984426,9.3870709228524,15.724010009767,26.0362597656273,42.6210302734413,62.9787011718787,67.89076171875,64.365458984375,74.0601318359375,68.099609375002,63.6594335937463,61.4215087890589,44.3875537109402,36.6047607421886,46.1905419921835,-4.31960662841759
"4686",-4.24360534668007,3.38260681152374,-0.466758460998577,6.16181518554742,6.54909362793027,10.4429321289072,15.8368408203139,26.3539208984398,42.7830810546913,63.0988378906287,67.87865234375,64.3793310546875,73.6560546875,68.139316406252,63.6729785156213,61.3049804687464,44.2356591796901,38.0141748046886,46.5398828124959,-4.36466857910118
"4687",-4.36318115234414,3.33048156738311,-0.57546901702886,6.12353576660211,5.76488220214895,10.1004235839853,15.6777001953139,26.5350781250024,42.5261230468788,62.8871337890662,68.0682275390625,63.37515625,72.4504296875,67.972001953127,60.7720605468715,59.533413085934,42.8331591796901,37.0984179687511,45.6273876953085,-4.20157562255823
"4688",-4.25458923339882,3.32222595214873,-0.602477455139214,5.99631958007866,5.68129882812551,9.1446112060555,15.5311889648451,26.2434887695336,41.7962011718787,61.9446484375037,67.0898095703125,62.1369091796875,71.5888818359375,66.9442431640644,58.9277050781216,57.7127001953091,40.4894287109399,36.4672656250011,44.2195410156211,-4.01408416748012
"4689",-4.32928741455117,3.24602142334013,-0.281168174743677,6.50190002441464,5.96147155761772,9.66920776367274,16.7538098144546,26.7584643554711,42.6089746093788,62.4826025390662,69.551025390625,63.802373046875,72.913583984375,67.9933251953145,57.4907910156216,56.0549121093717,40.0509594726586,36.1479736328136,44.8636474609336,-3.98213104248012
"4690",-4.37636657714883,3.15247680664091,-0.624616241455134,6.38782043457088,5.91812988281303,9.13549194336019,16.9384655761734,27.4211010742212,43.6999804687539,63.4149121093788,70.3825390625,65.914482421875,75.10453125,70.7990917968771,64.4354199218712,61.7416992187463,45.0364843750027,38.6918017578136,48.5470361328083,-4.24176025390588
"4691",-4.24679260253944,3.2405938720706,-0.37454139709476,6.65780761718809,6.15378845214899,9.31603881836021,17.9285266113297,27.84237792969,44.694199218754,62.9994824218787,69.9471484375,64.5125341796875,73.68896484375,69.703408203127,61.5479541015589,59.3834082031215,41.7238574218775,37.2033862304698,45.1112353515586,-4.15853820800745
"4692",-4.07591186523474,2.91155914306667,-0.761569824218818,6.34837280273494,5.66890075683644,8.66574707031327,16.7997863769546,25.9938867187523,42.3211181640663,60.5943457031286,68.4721533203125,62.1854296875,71.5173974609375,68.459423828127,59.614975585934,58.399018554684,41.3418359375025,35.4648876953135,43.9018457031212,-4.15061035156214
"4693",-4.06310333251989,3.15042694091825,-0.378232955932651,6.81644958496155,5.84506469726615,8.49081176757888,15.7055615234389,24.732370605471,40.7389892578161,57.8368994140659,64.046201171875,58.5523828125,68.511806640625,65.9286718750019,59.2184863281215,58.7623828124965,42.003208007815,34.1477124023448,43.4026806640587,-4.65964050292928
"4694",-4.21715881347694,3.29891082763701,-0.318395748138456,7.19602844238346,6.06129516601617,9.34399291992271,15.7429956054702,25.3840917968773,42.7601025390663,60.3347314453161,69.6178466796875,64.48896484375,74.0029638671875,70.369404296877,66.5896289062461,65.0237988281211,49.556630859378,38.8308081054699,49.4985107421832,-4.15160522460901
"4695",-4.12967590332068,3.46460723876984,0.045616784095768,7.65986206054756,6.86465942382874,9.95943359375089,15.7296704101577,26.0595507812523,42.6872265625038,58.6579492187535,66.47578125,60.596826171875,70.6875390625,66.0633789062519,59.1836914062465,58.488178710934,43.7450000000026,35.2435888671885,44.4161425781211,-4.60173400878866
"4696",-4.23571777343788,3.26113220214873,-0.201653747558612,7.67651611328193,6.44723205566464,9.84519226074307,16.0016577148452,26.0654638671898,42.0950146484413,58.0349023437534,67.6484326171875,61.790986328125,71.776240234375,67.0294189453144,60.382836914059,58.816235351559,43.5160742187526,33.8963549804697,44.4619287109336,-4.70394714355428
"4697",-4.12874267578162,3.38724182128936,-0.074642496109015,7.83156616211007,6.76932495117248,8.8580352783211,15.6711083984389,26.4673657226586,41.7326855468787,58.5842089843785,68.4710009765625,62.9097900390625,72.7135546875,67.1153369140644,60.3065722656215,58.4846874999965,42.2862792968775,33.6689697265635,45.655751953121,-4.26738372802697
"4698",-4.25230834960975,3.27936218261748,-0.137159862518323,7.60933776855537,6.92208007812562,8.97271301269611,14.8253515625013,24.8482324218772,39.6378222656285,53.1346044921907,62.0080419921875,56.2243115234375,67.356298828125,63.1872656250018,56.9907421874967,55.7133642578092,39.1918798828148,31.7317187500009,42.6210742187463,-4.93081848144488
"4699",-4.29001678466835,3.06513244628934,-0.362498703002962,7.10716430664126,7.21341491699283,9.25469909668051,16.1327539062514,26.6508569335961,42.8871777343788,59.8144238281285,68.7206884765625,63.481513671875,73.6271728515625,68.575859375002,64.8716406249962,61.0909716796839,44.2833642578151,36.5365209960948,48.3411181640583,-4.49916442871054
"4700",-4.30762756347695,3.24786621093779,-0.130769605636608,7.20659545898502,7.30895141601628,9.62678222656336,15.5078918457045,26.3878930664086,42.1937255859413,60.0387695312535,67.395244140625,61.0698681640625,71.7462158203125,67.2107958984394,58.6287451171841,56.4590136718716,39.8171044921899,35.1008715820323,44.1715380859336,-4.36468688964806
"4701",-4.50968933105509,2.91354675292995,-0.365861816406283,6.93117431640687,6.87211242675842,9.24530456543051,15.3883374023451,25.9061035156273,42.7430029296913,60.5905029296911,68.6534375,62.6665283203125,72.8707666015625,68.417197265627,58.8894677734341,55.3689257812467,39.2617480468774,34.7647900390635,42.4361816406213,-4.63330627441366
"4702",-4.39304229736367,2.77027404785181,-1.07475601196299,5.49641723632861,5.54546203613331,7.96042907714915,15.3091821289076,26.2979199218773,43.9667333984414,63.9595947265663,72.846591796875,69.167509765625,77.31517578125,72.1791992187521,57.2082177734342,55.1200634765592,36.7744702148459,33.8831176757822,39.545551757809,-4.05737670898402
"4703",-4.41242065429727,2.86339111328151,-0.897146759033283,5.75615966796926,6.13275756835992,8.92559265136798,16.1753491210952,26.7890185546899,44.274277343754,63.9588085937538,71.365,66.8165478515625,75.733173828125,69.768388671877,49.2333984374971,47.7964648437472,35.3044213867209,32.8280981445322,35.6223242187469,-3.95325866699184
"4704",-4.46631591796915,2.81588745117213,-0.88200469970711,5.88528625488334,6.69940002441466,9.78951538086025,17.3489624023453,29.5923217773464,46.5686035156291,66.4231982421914,75.0220654296875,71.8237158203125,79.3298828125,73.6945947265646,65.1794238281212,61.1372851562464,43.9172851562526,37.7998095703136,44.5005712890586,-4.964179077148
"4705",-4.50005798339884,2.96492004394558,-0.471480216980023,6.5358575439459,6.40668640136776,9.12042236328206,14.4241650390638,26.1039160156273,43.6793652343789,60.6166845703161,68.157353515625,65.5523828125,73.4079541015625,69.4847998046895,64.6111230468712,62.2211035156213,43.5993750000026,35.332539062501,43.6426904296837,-5.25503601074173
"4706",-4.56053100585978,2.6727398681643,-1.08267463684092,5.89427734375053,5.32506713867235,7.86142028808664,13.3022290039074,26.2419482421898,44.2465966796915,63.7506494140663,72.3396875,71.275751953125,78.211845703125,73.6186328125021,69.5131347656209,67.685332031246,48.9549853515654,37.7105004882824,47.8370996093708,-5.23408386230423
"4707",-4.60672668457072,2.29133819580099,-1.83818359375016,4.16675201416053,3.54388336181672,6.41071228027401,11.1359118652354,26.4320898437524,45.287324218754,66.1954003906289,76.079697265625,74.519912109375,81.2195166015625,76.9829687500022,74.2512451171832,71.3534374999958,52.1923925781281,40.2395825195324,50.4611718749956,-5.81628417968699
"4708",-4.6582000732426,2.27489440917989,-1.38847000122083,4.97346221923872,4.60725616455119,7.04005554199282,11.6712622070323,26.1995947265648,44.2038183593789,64.4987402343788,73.6133203125,71.01794921875,78.6983056640625,73.9202978515646,70.4183398437459,67.031835937496,48.1968798828154,38.6284863281261,48.5630322265583,-5.45114929199171
"4709",-4.53376342773478,2.72292053222681,-0.646256332397519,6.62711364746153,6.22656555175837,8.80315795898516,11.9512866210948,25.585495605471,42.7968896484413,60.3287792968786,64.4226123046875,58.9865380859375,68.6852197265625,63.3099121093768,58.7473242187466,58.2783300781215,39.6581347656274,34.3963232421885,40.8294433593714,-5.29091552734329
"4710",-4.56665283203166,2.52506301879905,-0.931558380127036,5.92510192871147,5.97520507812553,8.75182800293047,11.0502233886729,25.8943164062523,42.8801367187538,62.3933300781287,68.52818359375,65.5666796875,72.103515625,68.0001416015645,63.5239843749963,62.3278662109338,45.4104687500027,38.1010205078136,44.2475878906211,-5.77062072753856
"4711",-4.59297851562541,2.46168304443381,-0.997986907959073,5.95775573730522,6.15956665039117,8.56000793457108,10.9096203613291,24.5423657226584,39.7262207031285,60.7113671875036,65.9236083984375,62.9241162109375,68.7301318359375,64.7401269531269,58.3813818359341,57.1604736328091,39.7057714843774,35.3608715820323,41.2641015624964,-5.81075195312449
"4712",-4.65947814941448,2.39421447753928,-1.12591995239268,5.85232421875052,5.93153076171928,8.96782409668049,10.8248510742197,24.7830371093772,41.0323046875037,62.3224609375037,68.33291015625,65.2367578125,70.4264599609375,67.137792968752,60.4599609374965,59.044350585934,40.8431689453149,35.882568359376,41.8755175781213,-5.67905029296825
"4713",-4.76280822753949,2.06538360595721,-1.19786643981944,6.1521313476568,6.71938293457091,9.70186523437587,12.3011010742198,26.7958618164086,43.4030615234414,65.7755126953164,71.828701171875,68.99435546875,73.8207958984375,69.6215087890645,63.3225683593713,60.5854687499964,42.0383886718775,38.0756762695324,44.3046093749961,-5.42569824218703
"4714",-4.72044067382855,2.15053634643574,-1.24899078369152,5.93905334472709,6.31048461914119,9.29880859375083,10.3794433593759,24.8788378906272,41.7191406250037,63.3806689453163,69.316298828125,65.704013671875,71.9833984375,67.5287158203145,59.0166210937466,57.1872070312466,39.7659545898461,36.4796508789073,41.8815234374963,-5.51740844726514
"4715",-4.64712615966838,2.3159555053713,-1.17071243286143,5.81054016113333,5.94733093261772,8.29842285156324,10.8618835449228,24.8603662109397,39.9180468750036,62.2640722656287,68.45560546875,65.521103515625,71.573046875,67.7464111328145,64.8086230468712,62.2264794921838,46.1180615234403,36.6161401367198,46.151220703121,-6.37487426757757
"4716",-4.65360076904338,2.47435394287132,-0.965831222534266,6.40686218261776,6.79682922363342,8.8800811767586,11.9685571289073,26.1761743164086,42.0500390625038,62.3688183593787,67.821669921875,64.603076171875,70.376787109375,66.5366503906269,60.8717773437464,58.9411914062465,43.4926562500026,37.0457910156261,43.9937695312462,-6.38284606933538
"4717",-4.83616668701215,2.26678573608419,-1.13985580444346,5.75455810546926,6.09398315429742,7.8377539062507,10.5230053710947,23.9636083984396,40.0818066406286,60.8473876953161,67.962373046875,65.5178564453125,70.7639208984375,67.0577929687519,63.0518066406213,60.6916308593714,44.0562255859401,35.6125830078135,45.7405615234335,-6.41587890624944
"4718",-4.60214355468791,2.25407440185567,-1.07272430419931,6.1175610351568,6.92847656250062,8.5348822021492,13.1895935058606,27.727915039065,44.6763916015665,65.3654785156289,71.7127490234375,67.727578125,73.7509765625,69.629970703127,64.4067187499962,61.7861474609338,45.4233447265652,38.1439282226574,46.8628808593709,-5.9260430908198
"4719",-4.7417517089848,2.3202621459963,-0.967854003906336,6.02197998046929,6.89727355957093,8.6378723144539,11.6161791992198,26.6094775390649,43.0082714843788,61.7196777343787,68.7906298828125,64.1105859375,71.164990234375,67.2089794921894,59.0186523437465,59.011303710934,42.9649658203151,36.0170288085948,44.7101464843711,-5.89231628417917
"4720",-4.61921997070354,2.23326019287129,-0.923420867920004,5.99569091796928,6.56038452148496,8.87826721191485,13.4624523925793,27.4568481445337,44.4559619140665,64.5064111328163,71.4319677734375,68.431484375,73.65162109375,69.8037451171895,64.6747851562462,63.3475146484337,48.1764355468779,39.1384423828136,48.1726904296833,-5.71168518066356
"4721",-4.5870526123051,2.43421493530295,-0.999019393920988,5.66344482421925,6.19927185058649,8.05479003906322,12.2779980468761,25.2095532226585,42.0438281250037,60.1246191406286,65.52015625,61.71541015625,69.182275390625,64.9592041015644,57.2949316406217,57.0116650390591,42.3772656250025,35.299873046876,42.3609130859338,-5.73519287109325
"4722",-4.63600219726604,2.26695587158223,-1.26680473327648,4.88337646484419,4.36714294433633,6.0681500244146,11.6381359863292,23.7704003906271,41.0741796875037,58.3565722656285,65.6252783203125,63.7635791015625,71.193251953125,66.1735986328144,58.6263232421841,57.9057324218716,42.6299755859401,35.232041015626,41.3490673828089,-5.78070434570262
"4723",-4.49384033203165,2.22878692626973,-1.32392028808606,4.7036624145512,4.15396362304725,6.13361694335992,11.3080017089854,23.6462353515646,40.7177441406286,58.9842578125035,65.9337158203125,63.702685546875,72.2055078125,67.2398095703144,61.7033203124964,59.9250439453089,44.6847949218777,34.4461743164073,43.3070898437462,-5.56576293945264
"4724",-4.59116516113322,2.20959808349629,-1.32992248535168,4.46273620605509,4.38380371093789,6.93009521484437,12.2270996093761,25.3331005859398,41.8829638671912,60.4514208984411,67.236640625,66.3029296875,74.346494140625,68.334511718752,61.5730859374964,59.4969726562465,44.2525927734401,35.7453198242198,43.2609228515587,-4.79097747802693
"4725",-4.45380493164102,2.13172729492207,-1.16940269470225,4.83974182128949,4.896572875977,6.96523559570375,13.2068041992199,25.9480712890648,42.0267382812537,61.1358691406286,68.765048828125,69.19806640625,76.46302734375,70.465292968752,66.3490917968711,63.5648974609337,47.3797656250028,35.9081567382823,46.4480908203084,-4.8074719238277
"4726",-4.58366241455119,2.05028533935565,-1.23858757019054,5.20766479492234,5.25685913085984,7.71287231445381,14.3088854980482,26.6872631835961,43.0111767578163,62.3158105468787,70.83029296875,70.9942333984375,79.008515625,72.6960253906271,70.0836279296834,66.4447216796836,50.0908349609405,38.0750122070324,50.4721484374956,-4.74866638183552
"4727",-4.62542846679729,2.06880249023456,-1.08337989807139,5.67378417968801,5.99008728027397,8.20080688476636,15.7049731445327,27.1407421875024,41.2566894531287,59.886840820316,67.0852099609375,65.13947265625,73.534658203125,66.4997656250019,61.0120312499964,58.8680273437465,45.4783447265652,35.2890502929698,43.8178662109337,-5.42595886230421
"4728",-4.54040985107462,2.3459474182131,-1.06487144470224,5.03081268310592,4.99477905273482,7.71275085449288,14.6673632812513,26.5739941406274,41.3295654296912,60.9884277343786,69.2878173828125,67.685185546875,74.3932177734375,68.946093750002,62.0523095703089,58.7889062499965,43.7346777343776,35.6457861328135,44.9677978515586,-4.63328857421835
"4729",-4.64091918945354,2.10114837646503,-1.23739395141613,5.0212930297856,5.00406921386763,8.61929992675858,16.3538146972671,28.0774926757838,42.3031640625038,60.0295849609411,67.018427734375,65.330244140625,71.36171875,65.6672949218769,58.6495166015591,56.5590234374966,43.5443115234401,34.9449169921885,43.7766601562462,-5.14736389160111
"4730",-4.53200317382853,2.16047607421894,-1.24794792175304,4.77114593505902,4.63983032226604,8.39870666503981,15.8592028808608,28.2780688476588,42.8646923828163,61.1766113281286,67.88453125,67.1302197265625,74.2427734375,68.8370068359395,63.4422460937463,60.9338818359339,48.3449316406279,36.5377392578136,46.9790283203084,-5.11040893554643
"4731",-4.64170043945354,1.96361145019549,-1.5238873291017,4.25080749511757,3.86122528076206,7.60505126953193,15.1957641601576,27.2603222656274,40.7928173828161,60.0701464843786,67.49720703125,67.352626953125,74.61134765625,68.667236328127,62.7208447265588,61.5563281249963,46.7797753906278,35.4707568359385,47.8428906249958,-5.39677368164015
"4732",-4.60371643066447,2.00882858276385,-1.62127365112319,3.91076110839879,2.88415527343776,6.64923278808653,13.9080395507825,26.0153295898461,39.490620117191,57.5051464843784,65.015029296875,64.789736328125,73.008154296875,66.8530664062519,60.6793457031215,59.258334960934,44.0865917968776,33.4064794921885,47.1179052734334,-5.74117736816356
"4733",-4.67398529052776,2.00095031738299,-1.58485305786147,4.15229339599646,2.53198699951195,7.64733276367256,15.354117431642,26.9904956054712,41.9216943359412,59.5981835937535,67.7085693359375,68.2400146484375,75.600458984375,69.717460937502,63.0780371093713,62.1730273437463,46.1829394531278,35.635166015626,50.4023046874956,-5.60435058593701
"4734",-4.67549316406292,1.98098983764666,-1.39549224853528,4.65632202148479,3.20007263183622,8.12026611328197,15.6568444824233,26.9563281250024,40.3501562500036,58.4701074218785,66.3297314453125,66.70728515625,73.967734375,67.4517822265645,62.4407519531213,61.5153613281214,46.1616064453153,33.842392578126,49.3757714843707,-5.69819580078075
"4735",-4.60294342041057,2.07763107299823,-1.28960159301769,4.63498504638713,2.4765188598635,6.77470886230529,13.9524438476575,25.2701904296898,38.8598730468785,58.219174804691,65.8551416015625,66.953984375,75.603330078125,68.823261718752,63.1311914062463,63.3019042968712,47.3774755859403,33.559345703126,51.1756640624955,-6.21137817382758
"4736",-4.65074127197307,1.82905242919938,-1.30167694091809,4.40237487793008,1.83728256225602,5.93095703125053,13.3105627441418,25.6097558593773,38.0035498046909,55.9982812500033,63.874619140625,63.07552734375,72.7665478515625,64.7860742187519,53.9727050781218,55.8883886718717,40.3306030273462,29.6641845703134,45.9843408203085,-6.26957397460883
"4737",-4.53608642578166,2.45572082519553,-0.992675476074307,5.21660522460984,2.96983398437526,7.91004394531321,15.5073669433608,27.8413183593775,41.7929785156287,60.4351318359411,68.3531884765625,68.848642578125,77.3638232421875,68.963144531252,57.7142041015591,58.9977441406215,43.1867724609401,32.6209545898447,48.7921337890582,-5.96027099609323
"4738",-4.53660827636759,2.45891159057639,-0.815780715942455,5.38469238281298,3.16280944824247,8.04108276367259,15.0791748046888,27.7040063476587,41.1988525390662,62.3728125000037,69.560732421875,70.984169921875,79.5305859375,70.8410107421896,61.5945117187464,61.1173144531214,44.7078955078152,34.3266552734385,51.3946582031205,-6.43321289062444
"4739",-4.27090270996132,2.67247558593774,-0.166292266845718,5.53322631835987,2.13509490966816,4.96953247070357,12.1931933593761,23.3430737304708,34.3719433593781,58.1436035156284,64.568037109375,65.29822265625,74.37541015625,65.4739257812519,56.5842822265592,58.6198925781215,40.9384448242212,29.4989257812509,46.044052734371,-5.98857299804635
"4749",-3.01720031738308,4.25436950683632,0.244769229888938,6.61226562500059,4.08255676269568,4.62492828369182,12.7856274414074,19.6067248535174,31.6739648437528,63.7840820312538,55.4961083984375,55.313486328125,66.6316015625,62.6796386718768,55.5483203124968,55.1178417968717,31.9445703125019,31.3571582031259,33.2830078124971,-3.72261474609342
"4750",-3.00857971191433,4.16423400878944,0.123581161499034,6.38412048339901,3.43846435546906,4.40141510009805,12.0124975585948,18.6822680664079,32.5954321289092,63.1096435546912,56.717197265625,56.3590869140625,67.421328125,63.0547021484393,56.5221044921842,55.7641699218717,32.3357177734394,30.1168334960946,32.7343017578096,-3.62712341308562
"4751",-2.86596679687526,4.41581970214883,0.022564375400545,6.35628356933651,3.14623718261747,4.49953857421915,13.0120166015637,20.3397778320331,34.2795703125031,66.3003515625039,60.459345703125,61.377412109375,71.209619140625,66.4551416015644,61.9970263671839,61.7706103515588,38.9153173828148,34.5186376953135,36.729182128903,-3.65223083496062
"4752",-2.95904815673854,4.40554443359414,-0.722588958740299,4.67240112304729,1.45001419067396,0.919045333862387,8.50939514160232,16.3004858398452,32.9158056640654,65.0081396484414,62.268798828125,67.5653076171875,75.8225244140625,72.4218212890646,69.5546582031209,70.9545410156208,46.0350927734402,31.9644506835947,40.7179101562464,-2.63089599609352
"4753",-2.99298461914089,4.36831054687539,-0.744236907959051,4.79010559082074,1.76416137695328,2.41103775024436,12.0399926757823,20.8381274414081,40.7879760742224,76.3992089843795,74.7495849609375,81.127431640625,86.467587890625,82.7325488281274,83.1765917968701,83.2713769531201,62.4001074218787,42.9066503906263,49.8420898437456,-1.95398406982405
"4754",-3.04638427734402,4.42670349121133,-0.787777633667062,4.527327575684,1.88081604003923,1.70881988525406,11.6804248046885,20.7161035156268,38.3582470703159,75.190258789067,76.268076171875,85.54599609375,92.121689453125,89.4240625000026,89.2749804687448,88.6335058593697,70.9104687500042,48.6471289062514,53.6408154296828,-2.89461395263647
"4755",-3.06294982910184,4.73615509033245,-0.10348536491395,6.24006713867243,3.98508361816442,5.46783935546924,15.6141198730483,23.4575244140646,41.0251269531287,76.018334960942,76.637705078125,83.98908203125,89.756708984375,87.0681542968775,86.23780273437,85.9113378906199,68.9833691406291,47.8304443359389,52.6401757812454,-2.87200103759741
"4756",-3.04111083984402,4.72117614746136,-0.085904273986824,6.30937744140681,4.28460479736366,5.84240356445365,15.5537304687514,24.0703247070334,42.5632226562538,75.943979492192,76.2619775390625,83.765634765625,88.2981640625,86.2169921875025,86.8332910156199,85.224941406245,68.5870751953166,49.3903125000014,53.9397363281203,-3.18423065185519
"4757",-3.13206481933622,4.67032501220745,-0.105136833190927,6.5791534423834,4.41908264160196,6.03815124511773,15.2099719238295,24.4080834960959,43.3732617187539,75.6930859375045,76.368759765625,83.77767578125,88.678681640625,86.5057519531275,85.388984374995,84.218144531245,66.375839843754,48.3508593750014,54.8204980468702,-3.06670837402317
"4758",-3.10691009521512,4.17487365722693,-0.672540435791076,5.11496093750046,2.60523345947289,3.04886810302762,11.8254760742198,22.119619140627,41.1675390625037,74.9090527343794,77.0849609375,85.14845703125,92.00060546875,90.1373437500026,91.7531933593696,91.2626660156196,75.226108398442,52.7834375000015,57.421679687495,-2.97427551269505
"4759",-3.24980377197295,3.99401977539098,-0.978412857055751,4.78807800293011,2.43236206054709,2.9297161865237,11.0971215820322,21.3268554687519,42.0113085937537,74.4710595703169,77.0980859375,85.445830078125,92.98623046875,91.2432128906276,93.2407421874945,91.9059374999946,75.213793945317,52.608383789064,57.3595361328075,-2.96365966796849
"4760",-3.3264794921878,3.32952911376983,-1.32546356201184,4.01936645507848,1.52138061523451,0.840308380127028,7.62976318359443,18.3344787597673,38.3427294921909,72.5307714843793,76.359609375,84.8394921875,92.36748046875,91.5510839843777,92.7103124999946,91.6023828124946,72.6880859375043,49.786567382814,57.3954541015575,-2.54530670165993
"4761",-3.4222982788089,3.17657745361356,-1.42399597167981,3.7551177978519,0.960604324340906,-0.418963088989295,4.96087158203169,16.739526367189,37.1709472656283,70.3562548828167,73.874384765625,82.3650390625,90.4575,90.6098242187526,92.7284667968696,92.2653710937445,74.5601464843795,48.5840234375014,56.6490673828076,-2.59711029052712
"4762",-3.37407257080108,3.01939025878933,-1.6675332641603,3.31805236816436,0.191209373474138,-2.63719635009789,1.39596099853528,11.9511279296886,33.523476562503,66.2811816406289,71.8020166015625,80.757890625,89.26669921875,90.0244824218776,92.8357128906196,92.9048535156195,77.6370898437547,42.5938867187512,53.0893066406204,-2.13044815063458
"4763",-3.16298675537138,3.10525909423856,-1.36577102661145,3.73737701416049,1.12200386047373,-1.38192321777356,3.46678955078156,15.5265344238295,37.3639746093783,69.5776318359416,75.10515625,84.929130859375,93.47708984375,94.0474707031277,96.9501367187443,96.5543652343693,81.3531738281299,45.0225634765638,58.7953906249949,-2.44921218872049
"4764",-3.29627075195342,2.94980682373073,-1.43760726928724,3.62469360351595,1.08187255859385,-0.643847961425839,5.07811462402389,17.5525170898453,41.6716455078162,72.6234472656293,78.795986328125,86.922880859375,94.0812890625,94.8968750000028,96.8606640624943,95.9142968749943,80.5972363281298,52.0408593750015,60.8947070312447,-3.0043560791013
"4765",-3.17506591796903,3.01472290039089,-1.16819259643565,3.87986877441441,1.6344490051271,0.804784851074291,6.71601989746154,19.487951660158,42.8977636718788,73.4878417968794,79.32494140625,86.180693359375,92.415859375,92.3488281250027,91.3362597656197,90.0046874999947,71.8034814453168,49.4220117187514,59.8418457031198,-2.45314224243143
"4766",-3.3121987915042,2.83996948242213,-1.17413726806651,3.39816070556671,1.42190246582044,2.35627990722677,7.49164489746161,19.8804980468768,45.0500146484415,73.1242871093793,79.12322265625,85.960419921875,92.02310546875,91.0879296875026,90.3043554687447,89.0553222656197,70.3918115234417,48.3974902343764,59.1501855468698,-2.29474761962871
"4767",-3.31571197509795,2.82617340087916,-1.15040916442881,3.8044635009769,2.17659576416035,3.51352752685578,7.55116271972724,20.4931469726581,43.4189062500039,72.9318847656293,78.73408203125,84.661103515625,89.9424609375,89.4120898437526,88.6422460937448,86.6517089843699,70.2195996093792,45.6312304687513,57.60295898437,-2.27762023925761
"4768",-3.38846282959015,3.29172302246123,-0.03783179521561,6.17916381835993,5.40119079589892,8.90029907226642,13.0534118652355,24.1955664062522,44.680976562504,71.3097851562542,74.0393359375,76.054599609375,80.84423828125,78.5308593750023,75.4022119140581,74.0411279296831,56.1906054687534,42.9160205078138,50.0784716796831,-2.6114578247068
"4769",-3.38046691894561,3.09791198730496,-0.212289161682148,6.16215332031305,5.20555786132859,8.26211120605542,11.9799548339854,22.8802978515645,41.9021142578162,67.939199218754,70.2892041015625,70.556171875,77.227763671875,74.1214843750021,71.4209863281208,70.6616992187458,54.0120019531282,41.1640527343762,46.8214404296834,-3.53216918945282
"4770",-3.20203369140653,3.26241394042998,-0.118077306747447,6.43774353027401,5.63986938476613,8.63927734375077,12.4448925781261,23.1266357421896,42.1900439453163,68.1650830078165,70.5719970703125,72.0648974609375,77.3731298828125,74.3429248046896,70.5350976562459,70.0970361328083,52.6849609375032,42.1082275390637,47.6263671874958,-3.90127441406216
"4771",-3.47177703857453,3.01223297119168,-0.377771644592319,5.86574645996146,4.94946289062544,8.28348632812574,11.3967980957041,23.0850292968771,41.3745019531287,68.3816943359416,71.861748046875,73.27671875,79.09126953125,76.4687158203147,73.3031054687457,72.8336865234332,55.5878808593783,40.8268994140637,51.059370117183,-3.62165771484343
"4772",-3.41087188720733,3.11316101074246,-0.178084640502946,5.72821105957082,5.55269714355518,9.086510620118,12.1314941406261,23.6857763671896,41.7410449218787,67.774912109379,70.693447265625,72.6672705078125,78.4022509765625,74.5089062500022,70.2709667968709,70.2422314453083,52.1773974609406,40.3118164062512,48.4723779296833,-4.30987640380822
"4773",-3.536036987305,3.19179870605497,-0.072167110443122,5.87629638671927,5.52829223632862,8.97586608886799,12.3867724609386,23.7174438476584,42.0648583984413,68.6038037109416,71.7247119140625,74.5621484375,80.421796875,76.9740380859397,71.5954248046833,71.9993945312457,53.5368261718782,40.4784521484387,49.6924218749957,-3.64019104003874
"4774",-3.64019836425814,3.1487985229495,-0.37490646362308,5.47670471191455,5.2875598144536,7.96618652343821,13.1467016601574,25.0614160156272,43.4769873046914,69.4736669921916,72.71587890625,75.1853515625,80.8788427734375,77.2731591796897,72.3708544921833,72.4643457031207,55.7634082031283,40.2067358398449,52.3076367187454,-3.78727416992154
"4775",-3.53748168945344,3.27534179687529,-0.282687988281275,5.77380493164114,5.78703613281302,8.52621643066482,13.4818969726575,23.9968408203146,43.2074511718789,67.597255859379,70.5883447265625,73.35669921875,79.384541015625,75.3746826171897,71.3341064453083,70.6262792968708,55.2766601562533,40.2491967773449,51.3728906249955,-4.07902648925746
"4776",-3.6991427612308,3.36386657714874,-0.012522621154786,5.64931884765675,5.01872070312545,8.375041503907,14.8219238281263,25.350964355471,43.6845410156289,68.6645605468791,72.35490234375,74.6333154296875,81.4528466796875,77.3372460937522,74.4576171874957,73.8604052734331,58.337026367191,41.1028857421887,53.6674316406203,-3.70752410888639
"4777",-3.60630859375032,3.43410522460968,-0.062457389831549,5.16874755859421,4.85826080322309,7.91660644531321,14.9078198242201,24.2397216796897,43.5240234375039,66.9298681640665,70.5961083984375,72.7785107421875,79.7041650390625,75.5313769531272,73.6987988281207,73.0075097656207,57.1520703125034,37.4341113281261,51.762641601558,-4.06493957519496
"4778",-3.80660766601597,3.30219848632842,-0.393002014160191,4.11865142822302,3.26432312011748,5.00752990722701,12.0194775390636,20.9395605468769,39.502758789066,63.1059033203162,67.07890625,69.0916357421875,77.82552734375,73.7247167968771,71.6581249999958,70.8324902343708,52.7308496093781,34.8746044921885,49.8458837890581,-4.07178283691371
"4779",-3.87051818847691,3.22207397460966,-0.491449737548872,4.86492675781293,4.35624267578164,6.37518005371151,13.8678845214856,24.5599218750022,42.9305712890663,66.1546826171914,70.9737353515625,73.889423828125,81.3885009765625,77.6019970703148,76.1838769531205,75.2109765624955,57.8316699218785,37.4762988281261,52.7443115234329,-3.95064971923794
"4780",-4.12553527832068,3.14557006835966,-0.427730751037636,4.49399963378946,4.13407073974646,5.46849243164111,12.8601318359386,22.8684350585958,39.7204565429723,62.5977343750037,66.745615234375,69.4533984375,76.8751513671875,72.8649023437521,70.0450585937459,69.6510693359334,51.7052832031281,34.4612060546885,49.4390478515582,-4.67388732910115
"4781",-4.10853759765662,3.27516296386748,-0.178364677429215,5.5154815673833,5.68084594726613,7.06212524414125,14.2544091796888,24.973366699221,41.8461328125037,65.1685156250039,68.499609375,72.0991552734375,77.821064453125,73.0060839843771,67.679121093746,67.242988281246,49.491171875003,35.1002294921885,49.0508203124957,-4.50393493652304
"4782",-4.12225738525427,3.24742034912138,-0.236236648559591,4.36430297851601,4.66176269531292,4.49093811035196,12.3851855468761,22.821191406252,40.9788427734412,64.6346923828163,68.672333984375,73.9555908203125,79.541689453125,74.5861328125022,66.7920166015586,64.9498779296837,39.5301318359399,33.0918969726572,44.5216308593711,-3.37961639404267
"4783",-4.18468933105506,3.18151550292997,-0.361216354370149,4.80057067871137,5.30089599609422,6.49469726562558,13.2396179199231,24.8049145507835,43.0522216796913,66.4785595703164,69.5827587890625,74.45208984375,78.122587890625,73.0696777343771,62.4987060546838,60.8888427734339,39.4988330078149,33.1207348632822,43.9634619140587,-3.46189178466767
"4784",-4.33491577148476,3.00201782226589,-0.544223976135302,4.66879150390667,5.18001647949265,6.74903137207091,14.2820593261731,24.2847265625022,43.0929443359413,67.1705517578165,70.77291015625,77.32578125,80.5295068359375,76.0116650390647,68.131445312496,64.7966894531212,42.2761718750025,34.9633325195323,45.8279052734335,-3.18107055664035
"4785",-4.32762145996132,2.8248251342776,-0.725313491821354,4.6516375732426,5.59972412109425,6.80875488281311,14.0215234375012,23.3616845703146,41.0651367187537,62.8996386718787,65.30474609375,72.50353515625,73.473505859375,70.473583984377,65.0951074218712,62.5202294921838,44.9958007812527,35.0656298828135,47.0178222656209,-4.25447509765588
"4786",-4.11529541015662,2.9592767333987,-0.419577636718787,5.29836730957079,5.67059204101613,8.14833068847729,14.457556152345,25.9429199218773,43.5421923828164,66.2058691406289,69.45220703125,79.82671875,77.48625,74.6532812500022,72.6707617187458,70.2444433593708,53.4740820312532,38.9260107421886,51.9964355468705,-3.78354980468717
"4787",-4.32622009277382,2.88411071777369,-0.337762603759796,5.23640380859422,5.58187316894581,8.83050170898516,14.5701220703138,26.8177954101586,43.8685742187539,66.1365771484414,69.55833984375,79.79541015625,77.794208984375,73.7062451171896,72.1468749999958,69.1820458984334,54.8812304687533,37.9890576171886,51.290161132808,-4.37535522460899
"4788",-4.59117126464885,2.47380386352561,-1.0253709411622,4.1193582153324,3.96902496337926,7.03126464843813,11.7166650390635,24.8497949218772,42.0984082031288,65.0560937500039,69.257353515625,78.9931640625,78.837197265625,74.6352246093772,75.0918798828081,72.1055419921832,58.390805664066,37.5156591796886,52.0753417968705,-4.73376129150349
"4789",-4.58453552246135,2.68558410644555,-1.1040591430665,3.831493225098,3.54881164550813,6.87978759765686,10.2614807128915,23.1243286132833,39.6807495117223,60.9585449218786,65.0715771484375,71.595517578125,72.98595703125,68.786210937502,68.1807373046835,65.4843652343711,49.2845458984404,33.9202514648447,48.0304443359333,-4.57042907714804
"4790",-4.61952209472697,2.62259094238305,-0.98859779357919,3.80445251464878,3.11874816894559,6.87508178710999,9.97589599609464,23.5729785156271,39.249741210941,60.3912304687536,64.557568359375,65.37142578125,73.2358203125,68.8762548828145,65.8980957031212,63.1904589843713,46.1564062500028,33.6924145507822,45.969384765621,-4.06858154296839
"4791",-4.42904235839883,2.63849700927758,-1.01031982421884,3.76384796142612,3.0516824340823,5.74851684570364,9.81958679199306,22.2413061523457,37.2014843750033,59.825161132816,62.77126953125,61.724072265625,70.492724609375,64.7860400390644,55.0453564453093,54.3864648437468,35.7635571289084,30.8916015625009,38.8731787109341,-3.62574340820281
"4792",-4.44221374511758,2.77818695068384,-0.868924789428788,4.22159118652381,3.97837066650426,7.61383789062568,12.179500732423,24.3696142578147,38.4987304687534,60.7022607421911,62.8176123046875,58.5490966796875,67.6333154296875,63.0085156250018,51.538447265622,50.846865234372,33.5322094726583,30.7576904296884,39.1140893554653,-3.21100494384738
"4793",-4.55349792480509,2.70392700195337,-0.834419250488356,4.57636444091838,4.44255493164102,7.76230895996163,13.1897167968762,25.7669482421898,39.026684570316,59.3311816406285,61.804052734375,55.441455078125,65.598076171875,60.6831933593768,46.5386865234348,46.9492236328097,31.4344018554706,30.2970898437509,35.5718408203094,-3.15646942138644
"4794",-4.50446472168009,2.84576965332057,-1.00523200988778,4.08106811523474,3.94450256347691,7.36725280761784,13.2878344726574,25.239470214846,39.708891601566,60.9944824218786,64.801083984375,58.101787109375,70.371796875,64.6008300781269,54.7899804687468,54.5186328124968,35.4734765625021,32.5784326171884,39.9831054687465,-3.96455780029262
"4795",-4.53073638916056,2.63264953613305,-1.16869003295909,4.22399505615272,3.87435821533238,6.70649963378966,13.8164965820325,24.3487451171897,40.5758349609411,62.0904492187537,67.4633935546875,61.98892578125,74.2903564453125,68.090605468752,62.5639550781213,61.4181103515589,42.1717578125025,34.1445288085947,44.9306249999961,-4.43328186035118
"4796",-4.37992736816445,2.92902709960964,-0.831839370727613,4.52431274414103,4.33632598876992,8.63502929687577,15.7273645019545,27.506313476565,45.4087646484415,66.6674609375039,73.26134765625,69.4296044921875,80.752060546875,74.0283984375021,69.7686718749959,69.3419580078084,52.2350244140656,40.2780322265637,52.5225634765579,-4.60826080322225
"4797",-4.38413635253945,2.86105377197291,-0.975470428466884,5.01000701904342,4.45290832519571,8.78729064941485,14.916920166017,25.4989599609398,41.8987548828162,61.7220751953162,68.04173828125,62.7858984375,73.6703173828125,67.8519091796895,60.654721679684,60.0054296874964,43.2816357421901,35.667031250001,47.9576806640583,-4.41809204101524
"4798",-4.28490173339882,2.98908355712917,-0.953557739257898,5.32166442871141,4.57038574218791,8.93042724609455,15.1855639648451,26.6488818359399,42.6204833984413,62.6581738281287,68.9933349609375,62.6046923828125,73.8937255859375,68.0229052734395,58.6835009765591,56.8649023437466,39.3827075195336,36.2375781250011,46.108339843746,-4.12415466308558
"4799",-4.45919281005899,2.88555175781276,-0.843241729736403,5.51845031738331,4.85878692626997,9.81891357421963,16.2563012695327,27.8471264648462,44.8377099609415,63.1393261718787,71.18193359375,64.3405517578125,74.36107421875,69.548945312502,59.1716308593715,57.2742187499966,40.2158398437524,37.3911254882823,46.5040722656209,-3.4093295288083
"4800",-4.57071289062541,2.76967468261744,-0.731594238281315,6.08695129394586,5.86672546386771,9.44777770996178,16.2065991210952,26.6552636718774,42.0738476562538,59.577973632816,66.98654296875,59.247734375,69.5709423828125,64.3574316406269,54.0070703124968,54.1960498046843,38.7166894531273,34.7185107421885,44.0182958984337,-4.3848309326168
"4801",-4.36881866455117,3.09355560302762,-0.676595840454162,6.20399047851618,5.9755133056646,9.819923095704,18.1616259765641,28.3358862304713,43.7994042968789,60.5286914062536,68.721669921875,60.9215576171875,72.1139794921875,66.7279199218769,56.7166064453092,56.1953222656217,41.4326757812525,36.0731201171886,45.576943359371,-4.3429348754879
"4802",-4.24755249023475,2.7001992797854,-0.703272094726625,6.63134948730528,6.07042846679742,9.45396972656334,18.0911828613297,27.7216113281275,43.6130078125039,61.7435888671912,70.519287109375,63.0480810546875,73.1789404296875,68.894277343752,59.1583691406215,58.4115332031215,43.2729492187526,35.8887280273448,45.798007812496,-4.35985351562462
"4803",-4.31289459228554,2.86856109619166,-0.656437683105527,6.4896691894537,5.73975097656301,8.89880981445392,17.373051757814,27.7519799804712,44.1389160156289,62.5715234375037,71.7329052734375,65.95630859375,76.115302734375,70.9184765625021,63.9660937499963,62.6802148437463,46.9811816406278,38.5878735351574,48.6627978515582,-4.46605834960899
"4804",-4.48681793212931,2.85168518066432,-0.585921478271537,6.5956085205084,5.49071533203174,9.40062866211021,17.5779052734391,28.13608886719,44.6721435546915,62.3646484375037,73.81591796875,68.32990234375,78.93810546875,73.4458642578146,67.868857421871,66.913613281246,51.3580224609406,39.7688305664074,51.2164843749955,-4.25009185790978
"4805",-4.32217529296914,3.02536865234402,-0.715753936767642,6.02094421386772,4.90103546142622,8.47882629394607,16.719907226564,28.5772924804713,46.5319921875042,65.6329394531289,77.199853515625,72.534970703125,82.17771484375,76.2401953125022,69.8402636718709,68.6742285156209,52.1966943359406,39.8574145507824,51.4757910156205,-4.26061157226525
"4806",-4.46282775878946,3.22827606201201,-0.234444084167501,7.19514587402408,6.39391845703182,10.3637011718759,17.7718090820328,27.9496386718775,44.882470703129,60.9914941406286,72.3749755859375,65.4800439453125,75.659609375,69.579326171877,62.0497949218714,61.0969775390589,46.6139501953153,36.4495996093761,48.2014892578083,-4.05317596435511
"4807",-4.31143218994179,3.05108825683621,-0.478599700927777,6.79729614257873,5.96306823730522,8.89935485839923,15.5383642578139,26.1786303710961,42.6686816406288,57.9132617187534,70.470791015625,65.548837890625,75.79201171875,71.0498632812521,68.0586962890585,65.0421386718711,47.0828857421903,34.6865454101573,49.6739111328082,-4.45598999023399
"4808",-4.42155578613321,2.68548767089868,-1.22153343200695,4.97459686279341,4.69568084716839,7.73356628418038,13.7750537109387,24.8114746093772,41.1815380859412,57.5228955078159,70.2396484375,65.166142578125,76.138671875,70.289785156252,66.7800048828086,64.2018310546837,43.2824902343776,33.121533203126,50.2361621093706,-4.08485382080042
"4809",-4.50194122314493,2.73534912109399,-1.04165328979502,5.13475158691452,5.41027954101611,8.6883654785164,15.3913867187514,26.2449780273461,43.1506982421913,59.8853906250036,72.11390625,67.431689453125,77.840751953125,72.3696972656271,69.2366308593709,66.3445703124961,48.2026074218779,35.6930908203135,52.008813476558,-4.61646057128866
"4810",-4.36729980468789,3.00051422119167,-0.453496627807658,5.76949035644583,6.26703125000056,9.34752197265708,15.127154541017,26.1894946289086,42.6231396484413,58.4758984375035,70.5085498046875,66.2254296875,76.542333984375,71.9448681640646,70.7062255859334,68.076074218746,51.2708789062531,35.4355346679698,51.0465722656205,-4.40368591308555
"4811",-4.56263366699259,2.52610733032249,-1.00867065429697,5.02720275878951,5.27413024902391,8.15807250976635,14.8752832031263,26.4970825195336,41.7029931640662,59.0197460937535,70.78419921875,64.996513671875,75.317568359375,70.9426464843771,67.6353320312461,64.6012255859337,44.8510595703152,33.3838232421885,48.8686816406207,-5.1151831054683
"4812",-4.54036987304728,2.51378677368186,-1.95846771240252,3.01373596191433,2.35764648437521,4.64050659179729,13.0065185546887,26.0079736328148,42.9293017578163,62.8652539062537,76.160927734375,73.4550537109375,83.275263671875,78.3919042968773,73.8877148437457,69.2522802734334,47.7884814453154,36.1842919921886,48.2200683593708,-4.79568572998005
"4813",-4.42922210693399,2.24578521728536,-2.29309890747091,2.18136657714863,1.21691970825206,3.12336608886747,11.0614904785166,23.2837646484396,41.0034082031287,62.0706152343787,76.041591796875,74.1269677734375,84.249951171875,78.7331005859398,70.6652636718709,66.1632568359336,44.2261865234401,33.3490209960947,44.1101123046836,-4.8010641479488
"4814",-4.50520263671915,2.46788833618186,-1.80362548828141,3.50429321289094,3.0978527832034,4.73540130615277,12.7161059570324,24.1359814453147,41.7044042968787,63.0818945312537,75.7049267578125,74.10984375,83.6997265625,78.3580371093773,74.2752880859332,71.0090820312458,48.8137158203154,35.4840185546885,48.6977978515582,-5.08400909423784
"4815",-4.49611145019571,2.33500488281271,-1.72744247436539,3.36242004394561,3.02663818359402,5.16940795898484,13.143348388673,24.797663574221,44.0684423828164,64.6104296875038,77.4558154296875,76.163017578125,85.132060546875,79.3412304687523,74.7112695312456,71.5585742187458,49.1113720703154,36.5682617187511,49.9046630859331,-4.91710266113238
"4816",-4.58431091308635,2.24202453613301,-1.93249023437517,3.63969787597689,2.95026153564479,4.14724182128943,10.6856823730478,23.4903881835958,42.4060839843788,62.6722949218787,75.138134765625,74.864267578125,83.84654296875,78.2733154296898,77.6494238281205,75.5041015624955,56.0600585937533,37.4850732421886,52.4279101562454,-5.84274841308543
"4817",-4.69213623046917,1.99915710449237,-2.1800991821291,2.79520812988306,2.63292480468774,4.86089447021528,11.1364599609385,25.0122412109397,45.0253369140665,62.1568945312537,75.0002001953125,74.091181640625,82.459189453125,77.1950195312522,75.4120947265581,73.4313037109332,53.0429882812532,36.7927539062511,51.866655273433,-6.13722045898384
"4818",-4.82313873291059,1.6516104125978,-2.69484832763696,1.82099456787126,1.6794816589357,3.80626739501987,8.94069580078205,25.1923535156272,43.9106542968789,63.7082763671913,76.78439453125,76.30416015625,84.625283203125,79.6299414062523,78.6401318359329,77.0670996093704,57.9283398437535,38.6253491210949,53.6198046874953,-6.06912902831978
"4819",-4.67671813964886,2.18363220214863,-1.90788177490251,3.65865753173861,3.96191619873082,6.47650390625058,12.1537231445323,26.8991406250024,45.345683593754,64.7964550781288,74.89515625,72.2136181640625,79.208994140625,72.8275292968771,68.1231982421835,66.686191406246,46.7225195312528,36.4336547851573,48.9787011718707,-6.25390136718695
"4820",-4.62232757568401,2.35727310180685,-1.07011436462412,5.48677612304736,6.42563232421932,9.00576232910237,13.4650122070325,28.0982812500025,44.508417968754,62.9358789062537,72.6390576171875,69.57453125,75.1322412109375,68.850556640627,60.8402392578089,59.4882128906215,42.621977539065,35.2230517578135,45.3198681640585,-6.22421752929633
"4821",-4.71741790771526,2.22491516113301,-1.19970726013194,5.38580017089892,5.99126892089897,8.91124084472736,14.341677246095,28.23854980469,44.5487744140665,64.7891113281288,73.56541015625,71.1872900390625,75.9018212890625,70.0444970703145,62.6628613281213,62.2858251953088,46.0257373046903,37.7245825195323,47.9718310546833,-6.39154174804632
"4822",-4.80058441162152,2.25553604125997,-1.34880981445324,5.16905517578171,6.2172631835943,8.0836560058601,12.0198413085948,26.4374731445336,42.3239355468788,61.2109375000036,70.21720703125,67.493583984375,73.359521484375,68.579892578127,63.6174853515588,62.9672851562463,45.1397119140652,34.6990673828135,47.0000781249959,-6.76088378906191
"4823",-4.8616363525395,2.04917266845721,-1.18884658813487,5.7635418701177,6.99812255859437,9.06277587890706,13.3209667968762,26.5829345703149,42.4004394531288,59.5469433593785,67.550654296875,64.1302978515625,69.2143505859375,64.7558105468769,56.6646874999967,55.9430175781217,40.5574951171899,33.839306640626,44.2439453124961,-6.66084716796817
"4824",-4.74357055664105,1.89437698364275,-1.28046920776379,5.42238708496142,6.53194702148496,9.22760742187582,14.2758166503919,27.6432641601587,44.1238867187539,61.6333300781287,69.292900390625,63.9512109375,70.1083935546875,64.9432324218769,52.0672802734345,52.0077636718719,38.8341650390648,33.5156103515635,42.2610351562463,-6.17330932617134
"4825",-4.85153686523481,1.96520599365252,-1.35114807128918,5.56398681640675,6.60014282226621,9.36461914062584,14.5445019531263,28.0811645507838,43.5130078125039,62.6373681640662,70.3321484375,66.7972802734375,71.3116015625,65.9268359375019,55.8218652343717,54.2104296874968,40.7923046875024,34.7755224609385,43.7206591796837,-6.51968383789006
"4826",-4.79676391601605,2.08628967285175,-1.32364349365246,5.43008544921923,6.46226501464901,8.5991693115242,12.4670410156261,25.8921923828148,42.4161816406288,60.3768115234411,69.172587890625,66.710859375,71.9864111328125,67.103173828127,63.8971728515588,60.6715185546839,44.9231884765652,34.908593750001,46.6134130859334,-6.98782470703064
"4827",-4.71892639160198,2.127249145508,-1.25667160034191,5.23530151367234,6.59483154296934,9.19299133300863,12.8483032226574,26.9455029296899,44.2994775390665,61.6819970703162,70.3639501953125,66.367822265625,71.7932421875,66.6709667968769,60.4471582031215,58.4726562499965,43.7704980468776,35.0300634765635,47.0189794921834,-6.71808349609316
"4828",-4.62730102539104,2.06915954589862,-1.35609680175793,5.21599243164109,6.69072448730528,9.09755981445394,12.8726208496105,27.0871752929712,43.6927099609414,60.6938134765661,69.662509765625,66.7903515625,71.9062646484375,67.2871435546895,63.4254882812463,61.9669384765588,45.9322998046902,34.4336572265635,47.1535400390584,-6.74833129882753
"4829",-4.7742712402348,2.0345521545412,-1.18179626464854,5.54872253418018,6.86344116210999,10.0599584960946,13.54217529297,29.0229589843776,45.6052636718791,63.7770214843788,72.8075244140625,70.6004248046875,74.764443359375,70.0617236328145,65.9407275390586,64.8706152343712,49.959091796878,37.3315209960948,49.2696972656207,-6.73084838867129
"4830",-4.54356262207072,2.051838989258,-1.3737910461427,4.91000366210981,5.7192254638677,8.94851501464924,12.2963598632823,28.1563012695338,44.2969482421915,63.5145556640663,71.833515625,69.664287109375,73.634619140625,68.2725927734395,58.9854492187465,58.387934570309,44.6113134765652,35.4996142578135,45.312744140621,-6.35578430175726
"4831",-4.561321716309,2.11683532714863,-1.33245483398449,4.6529168701176,5.61932067871144,8.25508422851636,11.8115209960948,26.9944360351587,43.3655078125039,59.8873730468785,67.5425,65.910068359375,69.98271484375,64.9273046875019,56.3610205078092,55.9407421874967,42.7329150390651,33.692744140626,43.0183984374962,-6.36469421386663
"4832",-4.75252502441449,1.91415283203142,-1.49381927490248,4.81023254394574,5.04889465332076,7.74028198242257,12.1667163085948,26.7613598632836,42.5587109375038,59.9530957031286,67.465029296875,66.0208203125,70.6012353515625,65.8504785156269,58.9597656249965,57.9120703124966,44.2898291015651,33.8016357421885,44.1453369140586,-6.44793334960881
"4833",-4.46737152099649,2.14002319335957,-1.33260192871106,4.4894921875004,5.21798645019578,7.56648681640693,12.7839990234386,27.0502661132837,42.8922851562538,61.0857958984411,68.04388671875,67.534208984375,72.657548828125,67.1128320312519,62.0757031249964,60.4958105468714,47.1411474609403,34.8209814453135,45.2403564453085,-6.0764367675776
"4834",-4.64097229003948,1.93466308593767,-1.45055755615247,4.19332061767615,4.91551269531294,7.16040771484439,13.0831872558605,25.9776733398461,41.6056835937537,60.8294628906286,67.67376953125,67.3128125,73.930498046875,66.9542187500019,60.5638476562465,58.4776757812465,44.9817236328152,34.035419921876,44.7624365234336,-5.84847167968699
"4835",-4.3676040649418,2.14018600463886,-1.18190383911143,4.22995971679725,5.04531585693404,7.5656262207038,14.0647741699231,26.9826074218774,43.0933398437538,61.1257568359411,68.564912109375,69.33994140625,77.1286669921875,70.6329833984395,65.7356054687462,62.6707714843713,47.6444042968778,34.239169921876,46.284638671871,-5.27555541992141
"4836",-4.5963299560551,1.86443939209001,-1.37783813476575,4.44097534179727,5.59996032714894,8.60475585937577,15.5177221679701,27.0842675781274,42.7891503906288,60.2193261718786,66.8377880859375,65.875595703125,73.5988916015625,66.8740332031269,61.9916113281214,60.6446093749964,46.8665087890653,33.3024755859385,46.5046582031209,-5.93157775878854
"4837",-4.42892028808633,1.89478973388689,-1.34757675170911,4.41337371826211,4.96911193847701,8.33965881347731,15.6685351562514,27.4159716796899,41.6717675781287,61.3468457031286,68.779150390625,66.2628564453125,73.8209228515625,67.2781298828144,61.7638574218714,59.4342968749965,46.6168115234403,33.1910009765635,45.701845703121,-6.12964050292915
"4838",-4.5091781616215,2.02276550292987,-1.27089775085461,4.13403289794959,4.37254669189492,7.65908935546943,14.6567077636732,25.7540649414085,40.6066894531286,59.519116210941,66.656064453125,64.974384765625,73.15890625,66.3719287109394,60.368276367184,58.2074707031215,44.1090673828151,32.4515844726572,45.9685888671835,-5.54939270019483
"4839",-4.49879821777384,1.94524459838884,-1.28181838989269,4.82065338134809,5.37027587890673,9.81542236328213,17.198500976564,29.8093676757839,43.3682812500039,63.3858251953163,69.7441845703125,68.0475,73.973125,67.2316699218769,57.6612499999966,55.0464550781217,42.5234960937525,33.4675048828135,44.5326171874961,-5.24130004882767
"4840",-4.36853729248086,1.95295242309588,-1.49371688842787,4.20368469238319,4.47309326171915,8.09195068359447,15.1614868164076,27.2650341796899,40.6479687500036,59.6830273437535,66.125302734375,63.6094384765625,71.44927734375,64.8321093750019,51.6559912109345,50.571474609372,37.4669921875022,30.2597021484384,42.5816308593713,-5.02489868164019
"4841",-4.59303649902385,1.77919387817399,-1.62322189331069,4.13463317871131,3.96774719238317,7.8032031250007,15.1954907226576,27.5362866210962,40.4205224609411,60.8877880859411,67.0130859375,65.056865234375,74.40564453125,66.4427587890644,54.3518261718718,53.9098339843718,39.8081958007836,30.8110009765634,45.8803759765585,-5.29193664550735
"4842",-4.58233520507853,1.96895492553728,-1.74229873657242,4.01772644043005,3.25042724609404,6.81045959472717,14.7376391601576,26.4201660156274,38.9160351562535,57.7539160156284,62.7209423828125,61.1061669921875,70.169384765625,63.2302783203143,55.3860742187468,56.2309033203092,42.414711914065,29.9016650390634,46.3604443359335,-5.79229309081981
"4843",-4.86729675293012,1.78323364257828,-1.76722412109391,3.78243804931674,2.6097042846682,6.9232830810553,14.9292956542982,26.1325805664086,40.7787963867224,58.8251464843785,64.8894580078125,65.33765625,73.9772607421875,66.5125976562519,59.4643359374965,59.301674804684,44.7558886718777,31.8004003906259,50.1268066406206,-5.84596252441355
"4844",-4.74636077880902,1.72263458251968,-1.66564834594741,3.54291381835969,1.69097747802749,5.60012756347706,14.0569873046888,25.2969677734398,40.0988818359411,58.7969531250035,63.7682470703125,64.699384765625,73.0231640625,66.1714648437519,58.9303466796841,59.7587402343715,43.6422216796901,29.7253173828134,49.0668994140582,-5.42733703613234
"4845",-4.7250524902348,1.58766250610366,-1.89076095581072,2.79467163085962,0.352942466735871,3.70705413818393,11.6893981933604,23.1304882812521,37.9153906250034,58.0844628906284,63.96490234375,65.3767626953125,73.6697998046875,67.388867187502,61.9838574218714,62.6416162109338,45.2495214843777,27.7160913085946,51.5526855468705,-5.60823364257763
"4846",-4.64911682128948,1.91034530639665,-1.49474380493177,3.70643066406283,1.11917518615733,5.62481262207081,13.0515576171887,24.8571972656272,38.6511083984409,58.5031445312535,64.7703271484375,65.3369384765625,74.5572705078125,66.7465527343769,55.8495703124967,56.7431542968716,39.5851147460961,26.945451660157,48.4308056640583,-5.16434265136674
"4847",-4.48301605224649,2.22457321167012,-1.39360671997083,4.196607666016,2.10066482543964,6.68834106445372,13.7220104980481,25.4852246093773,39.5200390625035,59.8937695312535,66.2124365234375,67.174755859375,76.661376953125,68.1162255859395,58.8834960937466,59.5464648437465,42.098364257815,28.7165698242196,50.5635546874956,-5.09420227050737
"4848",-4.3613409423832,2.40369308471701,-0.909554290771565,4.91982574462935,2.86996582031276,6.89795959472718,13.9222473144544,25.677204589846,38.7579956054722,60.2250927734411,66.120048828125,66.031279296875,76.475654296875,66.9330810546894,55.3884814453093,56.1379931640592,39.6151318359399,28.6730981445321,49.5348242187457,-5.95307556152292
"4849",-4.08001373291052,2.84835662841822,-0.035300388336185,6.34796752929744,3.52373596191438,7.19261718750064,14.32496826172,25.5703442382835,37.1669775390658,62.7335449218787,68.4888427734375,68.7366015625,77.03541015625,67.702578125002,51.7562646484345,54.0335839843718,39.5719165039086,29.8770288085946,45.654980468746,-5.24235717773392
"4859",-2.76025909423853,4.09213134765661,0.098793325424203,6.94520446777406,4.26725494384804,4.7229870605473,12.5365185546886,20.0641699218768,33.189101562503,64.3669140625038,56.151728515625,59.53,68.607216796875,65.6613525390644,59.1257714843715,58.6467968749965,36.0628662109397,31.6432128906259,35.9627392578094,-4.51169738769492
"4860",-2.83698730468775,4.24901611328163,0.215695972442646,6.6131768798834,3.44915802001984,4.37004577636758,11.7875610351573,18.268489990236,33.4516723632842,63.3630126953163,56.622685546875,61.282158203125,71.3616796875,67.1436035156269,62.6527197265588,62.3864257812463,39.0917114257836,32.8183642578135,36.1287060546843,-4.2771847534176
"4861",-2.6873526000979,4.37284118652383,-0.216562042236347,5.80818908691458,2.66196289062524,3.59223541259798,10.892910156251,18.6155908203142,38.0935083007846,70.3393603515667,64.99669921875,69.8626953125,77.3822021484375,73.3239550781271,70.7261230468709,70.7449511718708,46.5574316406278,32.7531713867197,43.3701953124962,-3.12590423583957
"4862",-2.96065948486355,4.97850158691451,0.129292087554943,5.8005633544927,3.09376953125028,3.87622375488316,13.3149707031262,21.1091601562519,39.8633496093786,74.1037011718794,70.248701171875,74.997646484375,81.60912109375,77.0929345703147,74.9815332031206,75.379321289058,52.1656591796906,36.3462744140636,44.8161523437461,-3.33989746093721
"4863",-2.76063446044946,5.18258422851609,-0.059820666313177,6.58743164062559,4.25003723144569,6.37087463378963,16.8681250000015,25.9452709960961,44.332089843754,80.1833593750048,79.7851416015625,88.441826171875,94.7232421875,91.3067773437526,90.9888574218697,91.3234179687446,74.4190234375044,47.4977685546889,56.1344433593701,-4.00260650634731
"4864",-2.81750793457056,5.44520874023486,0.288231277465846,7.46801086425848,5.61153747558644,8.06722900390697,17.2588391113297,25.8083837890648,43.0044677734413,76.2801464843795,74.985654296875,82.38759765625,88.099765625,84.6319824218775,83.3464843749951,82.9156835937451,65.3779003906289,45.4086621093763,52.2227099609329,-4.5579296874996
"4865",-2.95391235351589,5.2057415771489,-0.086658096313484,7.19307861328189,5.10394653320358,7.43837524414129,15.7742138671889,24.3796142578147,41.3070556640662,74.6584716796919,74.0228076171875,81.5738330078125,87.185263671875,83.7085351562524,81.8812304687452,81.1501953124952,63.7089355468788,43.9678955078138,51.0114453124955,-4.69998321533162
"4866",-2.85985626220729,5.10188537597702,0.080377635955818,7.48956054687567,5.94208740234428,8.14767089843823,17.5037597656266,25.2321533203148,42.6672656250038,73.9994433593794,73.382587890625,80.2887744140625,85.268935546875,81.6181445312524,80.5800195312453,79.5004199218703,62.0065429687537,45.2446289062513,52.8293261718704,-4.91810211181598
"4867",-3.04770965576199,4.99603027343795,-0.313428001403837,6.69410400390685,4.72973388671917,6.60984558105528,15.2851831054701,23.6327197265646,41.9743798828162,74.0604687500044,73.5770947265625,81.9025048828125,88.446484375,85.7289941406275,86.5794824218699,85.7045410156199,69.4285498046917,48.1827343750014,55.2041992187452,-4.02432281494105
"4868",-2.8983050537112,4.40064697265664,-0.706118850708071,5.72516967773489,3.19712127685575,3.95973754882848,12.7225695800793,22.8689428710958,42.6465869140663,76.017182617192,77.7720654296875,86.62462890625,93.77298828125,92.3148632812527,93.7583203124945,93.2849121093695,76.026743164067,51.153022460939,59.6394140624948,-3.79887725830045
"4869",-3.17497192382841,4.09863159179724,-0.968249435424891,4.95707855224654,2.65473876953149,2.74581787109399,10.8916638183603,21.1876489257831,42.3634277343788,75.4241503906295,77.3412646484375,86.952265625,95.189658203125,94.3839355468777,98.0713671874943,97.3896582031192,81.3955371093799,57.7172460937517,62.1669531249946,-3.78031372070279
"4870",-3.09184814453153,3.44149383544953,-1.34174377441418,4.66689208984417,2.2091470336916,1.05471374511728,7.93610107421946,17.4601623535172,38.6879345703159,70.3752050781292,73.354111328125,82.755400390625,91.64986328125,90.3782617187526,92.8941210937446,92.3855957031195,73.4789355468794,50.9010156250015,56.9799951171825,-3.3214730834958
"4871",-3.28852966308623,3.16640045166044,-1.59357131958022,3.81395935058628,1.22192939758312,-0.888948516845782,5.24487731933641,15.6407080078139,37.2487915039096,68.021503906254,72.1501953125,81.2090380859375,91.509921875,91.4772265625027,94.8487499999945,95.3167285156193,77.6118359375046,52.0036425781265,57.654863281245,-3.25778717040987
"4872",-3.22803649902373,3.22792999267607,-1.45297393798841,4.12143737793005,1.096460800171,-0.860259094238358,3.53877166748078,14.7717065429701,37.8932812500034,68.6259716796916,74.370546875,84.92986328125,95.4287109375,96.5595117187528,101.451406249994,101.910156249994,87.6646679687552,54.3023242187516,58.4821533203074,-2.47320388793924
"4873",-3.17516662597685,3.04191223144558,-1.85429367065446,3.34264923095733,0.706548156738344,-3.64337707519564,-1.15394035339366,9.17133544921957,29.5702734375026,57.2581738281284,63.957470703125,74.7652099609375,86.75375,88.3789843750026,92.6751953124946,93.7788476562444,79.0732031250047,45.1259326171888,50.4072998046831,-2.20786682128887
"4874",-3.11023986816434,3.10902526855496,-1.63592742919937,3.36079284667999,0.716210479736392,-2.64911560058617,0.640160675048885,11.7658227539073,33.566220703128,62.1951074218787,69.7771875,81.237958984375,90.376669921875,93.1404296875027,97.8676562499943,98.2293164062442,84.4537890625051,45.0136425781263,55.7104101562451,-2.32627502441386
"4875",-3.20814636230497,2.90724822998073,-1.66143569946304,3.66378540039095,0.993417205810635,-0.355404853820832,3.67747070312533,16.1051855468764,38.5686645507847,69.8876464843791,77.7483203125,87.039345703125,95.094892578125,95.6344531250028,98.6304589843692,98.6767187499942,84.6707031250051,58.2319287109392,60.0565576171823,-3.26344787597628
"4876",-3.28761962890654,2.87608459472682,-1.70934036254898,2.82785308837916,0.485678901672407,-1.12435821533213,1.00764999389657,12.718944091798,33.839013671878,62.4546728515662,70.53017578125,79.1292333984375,86.92107421875,86.4209765625025,87.5276074218699,87.2152539062448,70.6226269531292,42.7272314453137,54.6326171874952,-2.70242004394508
"4877",-3.34338012695342,2.61741790771508,-1.91375534057634,2.65124206542992,0.63866905212408,-0.198134040832537,2.72361145019556,14.7360375976576,37.1600244140658,65.4466601562539,73.0111328125,81.043125,87.333291015625,86.7306445312525,87.6520507812449,86.4546972656199,69.1635498046916,34.5338891601573,55.9966894531201,-2.12395904540997
"4878",-3.3523339843753,2.84849731445338,-1.30624313354504,3.80964477539096,2.36316696167013,3.43056396484406,7.54803466796942,19.5478649902361,40.5430419921911,69.8389746093791,74.965087890625,80.108359375,85.29328125,84.2181933593774,83.1011914062451,82.3331835937451,63.3483886718788,36.8581616210948,53.1366406249954,-2.38679901123026
"4879",-3.22119384765654,3.15667205810575,-0.367644271850619,6.26838928222712,5.21737548828172,7.80267822265695,13.3323474121106,23.3392089843771,42.7041552734413,68.7170263671916,71.9045068359375,74.575478515625,79.8446826171875,77.0467333984397,74.8447851562456,74.1855273437456,57.5072460937534,38.5566162109386,49.4009814453082,-3.13788391113254
"4880",-3.201137390137,3.37170440673858,-0.28590288162234,6.66276367187559,6.0426861572271,8.12449462890697,13.1788940429699,23.3985229492208,42.6078417968788,66.0800000000039,68.51033203125,69.1693212890625,75.6308203125,71.1305468750021,68.502890624996,68.025517578121,50.840107421878,37.2923754882823,46.332216796871,-3.93194091796841
"4881",-3.33570739746123,3.40098937988312,0.019158105850221,6.70117797851622,6.1799975585943,9.30605529785239,13.9310510253919,24.1778466796897,43.1136279296913,67.0235009765665,69.527607421875,70.709853515625,76.6728564453125,72.6629394531271,69.3734179687459,70.0017285156209,53.2408935546907,38.2197900390636,50.1095361328081,-3.38353790283174
"4882",-3.42678161621124,3.02242858886746,-0.322047843933134,6.3261273193365,6.38348632812557,9.45044921875084,13.4959997558606,24.2862841796897,42.8263818359413,66.5169384765664,69.3117138671875,70.387744140625,76.2072900390625,72.0188281250021,67.719746093746,67.836455078121,49.9444189453155,36.1432104492198,48.3993896484333,-3.92727478027309
"4883",-3.45702850341828,3.46268829345734,0.021483712196352,6.4481994628912,6.59568481445371,10.3416088867197,14.8446948242201,25.9442309570336,44.943984375004,68.4051318359416,71.43701171875,72.799775390625,78.415908203125,72.9679833984396,63.9422949218713,64.4511718749962,44.9188232421902,36.2271191406261,47.2268359374959,-3.27832092285128
"4884",-3.53838226318391,3.41087219238312,-0.076624460220344,6.46970642089901,6.17445922851617,9.24470458984458,13.4642993164075,24.6352587890647,42.7097314453163,66.2045166015664,68.835537109375,70.8541845703125,76.4523583984375,71.4369433593771,62.1696191406214,62.9710253906213,45.8136621093777,34.600244140626,46.8948632812459,-3.53169494628875
"4885",-3.42920318603546,3.61022888183626,-0.071150112152106,5.90500915527396,5.44157714843799,8.77001770019609,14.3142663574232,25.2436767578148,44.5569482421915,67.993525390629,71.339140625,73.051435546875,78.6377734375,74.3234521484397,68.809755859371,69.1191455078084,52.1721337890656,35.9987402343761,49.4336718749957,-3.33079193115205
"4886",-3.65765075683626,3.42084167480499,-0.231828193664571,5.66607055664113,4.64961242675823,8.01538696289134,13.7337121582044,24.5820556640647,42.8293652343788,66.1711914062539,69.62876953125,72.2216162109375,77.895341796875,74.0016748046896,70.6338818359334,70.8994384765583,54.3090625000032,36.7596459960948,50.1844433593706,-3.59249938964812
"4887",-3.55339752197297,3.54739562988313,-0.254276542663597,5.40070739746142,4.99923767089888,7.70883300781319,14.9583325195326,23.3695703125021,42.7408398437538,65.4169726562539,69.319990234375,71.7751953125,78.102197265625,73.5121093750021,72.0789941406208,71.9256347656207,56.6616210937534,36.3111621093761,51.166489257808,-4.0273867797848
"4888",-3.57356811523469,3.5323196411136,-0.04954727172852,5.14009826660202,4.56823822021525,7.02940612793031,14.7271667480482,22.9114721679708,41.3122265625037,63.5551171875038,67.3500390625,70.073857421875,77.32736328125,72.4299609375021,70.8155615234334,70.9098974609333,53.8983300781282,34.153613281251,50.8332958984331,-3.90253417968716
"4889",-3.66549468994173,3.52850097656281,-0.226954307556173,5.37534851074267,5.17320678710984,6.92543945312562,14.9589990234388,23.1014477539083,42.0744775390663,63.5958886718788,67.887490234375,70.725849609375,77.391904296875,72.8564355468771,70.6849218749959,70.3684570312458,52.9742089843782,36.0464990234385,50.7155273437456,-3.92897735595669
"4890",-3.62409515380892,3.68180511474642,-0.032172231674197,5.19788452148484,5.38105285644579,6.94828308105531,16.5258300781265,25.4721484375023,45.0848291015665,67.3413134765665,72.011142578125,75.397099609375,81.3079443359375,76.6402050781272,75.5987451171831,75.346733398433,59.205073242191,38.7924121093761,55.4646044921827,-3.68278320312468
"4891",-3.81547027587925,3.43395446777374,-0.072352867126471,5.74353454589895,6.19412048339899,7.73486572265694,17.6161608886734,26.0747607421898,44.9651025390665,66.2335791015664,70.908955078125,74.403740234375,78.173857421875,73.3721386718771,68.520136718746,68.1246435546835,50.246035156253,35.825039062501,51.523442382808,-3.97289611816371
"4892",-3.80537689209018,3.51757934570344,-0.008375806808472,5.74683166503958,6.87199584960999,7.75409179687569,17.6092175292984,26.4893432617211,46.7147949218792,67.603417968754,71.41134765625,73.1452734375,77.1773974609375,71.3593847656271,58.4511621093716,57.1668603515591,37.5308105468772,32.726933593751,45.676640624996,-3.20573333740206
"4893",-3.96560729980504,3.50896270751984,0.024604396820071,5.86597167968802,6.74202941894591,8.3556909179695,16.9313281250015,26.3537597656274,45.4345703125041,66.626025390629,71.040009765625,73.84658203125,77.014775390625,70.7731835937521,56.9602832031217,56.0920019531217,37.4138378906272,32.8201782226572,45.289042968746,-3.1802053833005
"4894",-3.91532165527379,3.33452362060577,-0.331196899414092,5.30697326660204,6.04894775390679,8.12711730957104,16.0794616699233,25.9012402343773,46.0394042968791,67.914609375004,72.4742333984375,76.732177734375,78.457890625,73.2503125000021,65.7054296874961,63.3692773437462,43.2658740234401,34.8776123046885,48.6474999999958,-3.76692932128873
"4895",-4.05946990966833,3.21068237304716,-0.364374656677279,5.21588867187547,5.98690673828178,8.24652770996167,16.2115295410171,25.6130371093773,44.9898876953165,65.7114599609414,69.718857421875,74.50947265625,74.977431640625,70.0792529296895,61.2800244140589,60.1908447265589,42.445903320315,33.9385791015635,47.5172705078083,-3.60771667480437
"4896",-4.15299743652381,3.01058258056668,-0.612281417846734,5.16435119628952,6.288309936524,8.30141357421949,15.7812219238295,25.2429492187523,42.9769531250038,62.0176171875037,66.6903076171875,74.66158203125,71.286015625,67.0578613281269,60.6813574218715,59.421723632809,43.0968994140651,32.7169799804697,46.9703564453084,-4.25583526611291
"4897",-4.12986389160193,3.10006774902371,-0.276761512756372,4.97291778564497,6.04737609863335,8.80402587890704,15.8840625000014,26.5329711914086,44.7134814453165,65.0456347656288,70.011240234375,79.19416015625,75.2802685546875,71.6314599609396,68.9162548828085,67.125234374996,51.026582031253,35.712373046876,52.6608398437454,-4.45605743408164
"4898",-4.40539581298867,2.68806030273461,-0.684576568603577,4.64818847656291,5.21220947265672,8.70247924804765,15.3502465820326,28.0280761718775,46.5163330078166,67.889179687504,73.98884765625,84.26365234375,81.3207666015625,76.4398730468772,75.7114062499956,73.6576562499956,58.9667773437535,38.3986230468761,55.9620947265576,-4.36202880859337
"4899",-4.28040557861366,2.90678497314479,-0.665102539062559,3.95576934814488,4.45556060791055,7.47791870117254,12.2673437500011,24.894528808596,42.9948876953163,63.0405078125037,68.9654150390625,78.33880859375,76.602939453125,71.4055615234396,71.0653710937458,69.1142285156209,54.8915722656283,35.2204443359385,51.491870117183,-4.89287048339801
"4900",-4.37423522949258,2.86462036132838,-0.704872589111391,4.37124084472695,4.32379913330117,7.87927185058664,12.3521252441417,24.3728051757834,41.8133837890662,60.6250927734411,66.4036328125,71.453369140625,73.32869140625,67.4181298828145,63.1443066406213,60.4367382812464,43.0390527343776,31.3477783203134,46.4040917968709,-4.36771667480431
"4901",-4.26388305664101,2.82269470214869,-0.827190780639722,4.35025238037148,4.5003222656254,7.66099243164131,13.1610034179699,25.8129956054711,42.8330517578163,61.6774804687537,67.20732421875,68.49626953125,72.66619140625,66.1864843750019,57.7864453124966,56.1024121093717,37.2492309570335,31.7891284179697,41.8948046874963,-3.77076995849577
"4902",-4.21984252929725,2.86087432861354,-0.675509872436584,4.37128967285195,4.89144317626997,8.75787902832109,13.1833764648449,24.7578637695335,40.7770654296911,58.3197167968785,63.608662109375,61.74724609375,69.235869140625,62.3238427734393,55.2203271484343,55.2308105468717,36.8083496093772,30.3990966796884,41.9002343749963,-4.30003021240197
"4903",-4.34212463378945,2.92063720703151,-0.829958648681715,4.49435577392618,5.04223083496139,8.99534423828205,13.7075317382825,26.0078173828148,42.2691601562538,58.7663574218785,65.936015625,62.15494140625,70.4277734375,62.7271044921893,54.0644189453093,53.4239208984343,35.4345166015646,31.1192919921884,40.7889306640589,-4.02321807861293
"4904",-4.38472686767617,3.02187713623074,-0.869745483398515,4.38801330566445,4.88649017334028,9.25180969238364,13.98502685547,25.9121655273461,41.2838720703162,57.5640185546909,64.9233642578125,59.080439453125,69.283955078125,62.2658203125018,55.0955957031218,54.5408398437468,36.1437377929709,32.0414916992197,41.4299707031214,-4.94498657226519
"4905",-4.41160125732461,2.90523284912135,-1.13757202148448,4.16202941894568,3.82453216552768,7.82090942382882,13.8391113281262,25.9048193359398,41.7131640625037,58.7318164062535,66.7538671875,60.96212890625,71.0760498046875,63.6777490234393,56.4366943359342,55.6996289062467,37.179704589846,30.6762695312509,43.0710693359337,-4.51883789062461
"4906",-4.34831329345742,3.03313842773465,-0.98925827026376,4.59112365722697,4.31359252929726,8.90641845703204,14.7859948730482,25.9384179687523,41.6993652343787,58.8670214843785,67.301279296875,64.0589599609375,73.8852783203125,65.1207177734394,59.060219726559,58.3128417968715,40.7346972656274,34.279863281251,47.7109423828083,-5.09059051513627
"4907",-4.40754150390664,2.84865051269557,-0.886563110351642,5.01913665771529,5.00914031982467,10.0426287841806,16.6017944335952,27.7810644531275,43.5974902343789,61.5763964843786,69.5635498046875,62.5771826171875,73.12275390625,65.1004687500019,53.8860888671843,54.6021826171843,39.0292309570336,35.3338745117198,46.7766748046834,-4.46140777587852
"4908",-4.26269042968788,3.08424377441434,-0.640364685058651,5.41942993164111,5.56525085449268,10.2665429687509,17.5868176269547,28.8882324218776,45.8039794921916,62.6146923828162,70.3110693359375,61.38015625,73.494775390625,65.5532666015644,52.219814453122,52.5589648437469,37.1334814453147,34.2224267578135,45.735537109371,-4.49949768066367
"4909",-4.33686950683632,2.89053710937526,-0.610658531189019,5.87578369140677,6.17263977050836,10.8650537109385,18.3129052734391,27.9863964843775,44.435644531254,59.8327636718785,68.907783203125,59.483193359375,71.2106689453125,62.5991796875018,50.1176171874971,52.1043359374969,36.8739086914085,33.542167968751,44.7993554687461,-4.36879577636681
"4910",-4.33353698730507,3.14870056152372,-0.21702615737917,6.91326171875062,7.90994689941477,12.777039794923,21.7502490234394,32.3076953125029,50.0158300781295,64.0854443359413,71.5179345703125,61.260849609375,72.7431494140625,64.4108300781269,49.8150634765596,52.6073486328094,40.4742480468774,37.0364550781261,45.5218896484335,-4.02235046386684
"4911",-4.18308563232459,3.33400329589873,-0.109921054840098,6.99400146484437,7.97711547851634,11.4962487792979,19.8391015625018,29.0527539062526,45.7144287109416,59.389399414066,68.41978515625,59.700546875,71.732236328125,64.3598193359394,53.3734716796844,53.8365478515593,40.4628808593774,35.3604321289073,45.709443359371,-4.03570892333949
"4912",-4.09880249023474,2.93432495117214,-0.28167041778567,7.39175537109441,7.88480712890695,12.424803466798,21.7493334960957,31.3515478515653,48.0499804687543,62.6322851562537,72.0136474609375,62.5381298828125,74.6521875,65.7452246093769,50.7189892578095,52.7259130859344,40.7616162109399,35.3418701171885,43.9214892578087,-3.47980529785126
"4913",-4.05623535156286,3.10402069091825,-0.279934616088892,7.29619812011784,7.13992614746158,11.5537219238292,19.0583300781267,27.9916308593775,44.505312500004,57.2790478515659,66.6861572265625,56.799775390625,68.853251953125,61.6161425781268,50.720410156247,53.5124902343718,40.8508593750024,33.5640014648447,43.0677246093712,-4.1093545532223
"4914",-4.23876831054725,2.97303039550808,-0.585692481994681,6.88480224609436,6.84709899902405,11.9631921386729,20.0504077148455,29.4811718750026,46.4104687500041,62.2852246093787,74.376728515625,66.900732421875,77.375859375,69.3769970703145,60.4428222656215,60.6562597656214,45.6623339843777,37.4678320312511,48.7725488281207,-4.31502044677697
"4915",-4.17947296142615,3.11275146484403,-0.59698467254644,6.80171386718811,6.21083862304743,11.6729602050792,19.3412219238298,29.7583007812527,47.7720019531293,62.5201074218787,75.544052734375,68.534609375,79.7547119140625,71.3640625000021,67.0869921874961,66.2772412109336,50.668310546878,38.3747900390636,52.2497509765579,-4.56620880126913
"4916",-4.16651519775428,3.24933197021513,-0.168208885192886,7.6615850830085,7.77227416992257,11.9203369140636,18.444544677736,28.7858984375026,43.5397900390664,55.7618066406283,69.4076611328125,62.16291015625,74.300859375,66.0982861328144,61.0765771484339,60.4653076171839,46.6126269531278,33.6256787109385,48.2425097656208,-4.86637451171833
"4917",-4.07020111084021,3.32074340820342,-0.140684213638318,7.24609680175846,7.0402136230475,10.9279138183603,17.5468896484391,27.7944726562525,43.0392089843788,56.0003125000033,69.5796484375,62.626357421875,73.7674560546875,65.5620605468769,56.6191943359342,54.5245947265593,40.2251904296899,32.4673681640635,45.254414062496,-3.88962585449185
"4918",-4.05955871582067,3.14959320068388,-0.105861358642588,6.79028808593811,7.07084228515688,10.6313110351572,16.8597497558609,26.3806250000024,42.1101855468788,55.0210107421908,68.937998046875,61.72791015625,73.8706640625,65.9229345703144,60.0617871093715,58.7516796874965,42.645375976565,33.1648657226572,46.7644824218709,-4.37088928222618
"4919",-4.26891052246132,2.69977722167993,-1.3120950317384,4.06709777832067,3.65958282470736,6.97248107910219,14.7511779785169,25.9734277343773,43.8143212890664,62.4673339843787,77.4972119140625,74.24697265625,85.07984375,78.2552246093773,76.0975976562456,73.2016210937457,50.491210937503,36.3435791015636,55.4360302734327,-4.14501922607386
"4920",-4.18209197998084,2.39828521728537,-1.82193771362321,2.44835205078147,1.77394485473649,3.95398254394566,12.7112792968761,25.5548828125023,45.124580078129,63.6399414062538,79.46103515625,76.533056640625,88.373125,82.4978417968774,83.6985742187451,80.8090966796827,62.2058154296912,37.4622778320323,59.5053271484323,-5.00990844726519
"4921",-4.23781005859413,2.34042861938498,-2.01526885986346,2.32866516113302,1.31365173339855,3.43386596679718,11.9074621582042,24.9713598632835,43.1388720703164,63.0553222656287,78.165400390625,75.57484375,86.8335546875,81.7463183593774,82.3732812499952,80.2651660156202,61.1843066406287,38.8711181640636,58.1832519531199,-5.00823089599566
"4922",-4.20156982421913,2.33714004516622,-2.03945007324237,1.94347991943377,1.62523605346694,3.98488830566442,13.83446044922,26.3948657226586,44.5590673828165,63.3419482421913,78.56673828125,76.7387646484375,86.99095703125,82.0466308593774,82.3458593749952,80.0309912109328,61.1588574218787,39.9579223632824,57.185156249995,-5.19091186523392
"4923",-4.37858673095742,2.13670623779316,-2.43627593994162,1.57569534301772,0.9157907104493,2.71524993896509,12.9204882812512,25.1385302734397,43.6250781250039,63.7470898437538,79.1803369140625,77.50978515625,88.717255859375,83.8290820312524,85.049453124995,83.1245312499951,65.0887402343789,40.8561816406262,57.5493115234325,-5.08965698242143
"4924",-4.3529571533207,2.30239471435567,-2.2652621459963,2.25061080932637,1.57839996337905,3.64210174560579,13.6279711914075,25.0690576171897,43.7274462890664,63.8306347656288,78.50744140625,77.06625,87.645263671875,81.9690625000024,81.3188476562453,79.6734570312453,59.6114941406286,39.1852539062511,55.3470312499952,-5.5456024169917
"4925",-4.46943176269571,2.1098695373537,-2.109924926758,2.67260040283227,2.40083160400412,4.1123577880863,13.1301232910168,24.9827050781272,43.2929736328164,64.4268164062538,78.802568359375,77.31146484375,86.82060546875,81.1447265625023,80.0249804687453,78.2676464843704,57.3688281250034,38.5071362304699,54.8914501953077,-5.4585681152339
"4926",-4.53402252197306,1.99085815429705,-2.28876495361349,2.55827911376976,1.81782287597672,3.83193206787144,12.8709936523449,26.4898803710961,45.4990283203166,65.3146435546914,78.81380859375,78.887392578125,87.303984375,81.0052246093774,78.9177587890579,77.6575048828079,57.2495703125034,39.5399316406262,54.9770214843702,-5.77087829589793
"4927",-4.42424499511758,1.9173123168947,-2.22764907836934,1.99397308349627,1.32892318725598,3.08740539550809,11.6757666015635,25.9370336914086,45.118115234379,64.5255810546913,78.7761962890625,78.6056884765625,87.0308203125,80.4219726562523,78.2815527343704,77.0873095703079,56.6577050781284,39.5293334960949,55.3875195312452,-5.87152770996042
"4928",-4.65470123291057,1.80648880004899,-2.20177169799824,2.5483711242678,2.25619567871114,3.62679992675814,11.5158276367198,25.567155761721,43.9065136718789,65.2870507812539,78.6750390625,79.14849609375,87.07431640625,80.7897558593773,79.3681738281204,79.0723242187453,58.6083203125035,39.7997070312512,57.265742187495,-5.81320190429637
"4929",-4.42356994628946,2.46433746337913,-1.05243103027353,5.06067779541061,6.0594439697271,7.99413940429759,16.0942724609389,29.7313745117214,49.0082275390669,66.5175341796914,77.0156103515625,74.2360693359375,79.6833837890625,73.1810205078146,69.319628906246,68.9965722656209,50.670244140628,39.3171191406261,52.9457128906204,-6.20269042968696
"4930",-4.56649047851603,2.25015808105489,-0.885377197265704,5.40617370605517,6.38556884765682,7.15230163574283,12.6711328125011,25.737067871096,41.2597705078162,58.9542382812535,68.1992138671875,64.6219189453125,72.3028857421875,65.1833837890644,60.0679785156215,60.5417773437464,44.0066601562526,33.8279028320322,46.7118505859334,-6.63932617187442
"4931",-4.53214721679728,2.4330537414553,-0.575171127319387,6.27579345703181,7.27860839843815,9.09244079589925,15.2379321289076,28.2433032226588,44.6192431640665,61.8425292968787,70.797392578125,66.61431640625,73.671259765625,66.5605810546894,59.8230664062465,60.3459619140589,43.3051171875026,35.0790112304698,46.4533691406209,-6.22212524414008
"4932",-4.73233947753948,2.1531965637209,-0.664481811523497,6.04460083007866,7.90198364257883,10.7648547363291,16.884223632814,30.0248803710964,47.3750244140667,67.1470751953165,75.0635107421875,70.107822265625,75.4948974609375,69.262343750002,59.2977734374965,59.4456347656215,43.6857763671901,36.3139428710948,48.4142773437458,-5.59523071289014
"4933",-4.50885681152384,2.27513000488302,-0.59799468994146,6.35198120117244,7.39715881347722,10.3949548339853,15.8689245605483,29.2322485351589,45.055468750004,65.0836669921914,72.9074560546875,67.624892578125,72.525283203125,66.0869726562519,50.2191210937471,51.3897412109344,38.1898925781273,33.227148437501,43.8610937499962,-5.22393188476517
"4934",-4.51081329345743,2.12575485229511,-0.818081893920971,6.02918395996148,6.79122131347717,9.8499768066415,13.9064807128919,28.0691333007838,43.7461865234414,62.5167333984412,70.1081689453125,64.480009765625,70.535458984375,64.7354394531269,53.2727880859344,53.5510351562468,39.5687524414086,32.6293530273447,44.4709619140586,-5.44929809570265
"4935",-4.62527618408244,2.11867279052753,-0.96955657958993,5.83799560546927,6.41391113281307,10.0497937011728,14.7410241699232,28.9487866210963,43.4255468750039,64.2214648437538,72.076455078125,68.27890625,73.0131591796875,67.2194042968769,59.4473339843715,57.9448779296841,42.6656445312525,34.683857421876,45.9302587890585,-6.08103027343697
"4936",-4.50471008300821,2.0610202026369,-0.929421386718833,5.81265441894583,6.22375000000056,8.98110046386799,11.6527111816417,26.7708227539086,41.6254443359412,61.2198583984411,69.593447265625,67.40189453125,72.491357421875,67.804423828127,62.9189404296838,59.9474121093714,43.1833447265651,33.7681958007822,46.4185498046834,-6.59676757812442
"4937",-4.67196746826214,1.91214019775408,-0.773517990112374,5.72296752929739,6.2029956054693,8.74473083496172,12.1920654296886,26.3276733398461,41.5970751953162,61.4213916015661,69.83740234375,67.542236328125,71.923291015625,67.443994140627,62.3540039062464,60.1459082031214,44.6974316406277,34.4976611328135,46.9881982421834,-6.34075805664007
"4938",-4.540267028809,2.10431900024433,-0.79586395263679,5.8541003417974,6.327108764649,8.67041503906327,12.4212646484386,26.7768066406274,42.4529882812538,61.9888818359412,71.028251953125,69.218984375,74.0446337890625,69.150644531252,65.1093945312462,63.8722802734337,47.3344140625028,32.6621679687509,48.4264648437458,-6.34897460937445
"4939",-4.71639465332073,1.84716201782243,-0.866822967529374,5.46363342285205,6.07282348632867,8.69667053222734,12.0921679687511,26.6924682617211,41.9783349609412,61.0085742187536,67.932373046875,63.654306640625,69.730380859375,64.5190869140644,55.0389843749968,55.1947412109342,42.4048437500025,32.1606958007822,43.4124023437462,-6.5606872558588
"4940",-4.49848602294962,1.99796173095721,-0.804233703613353,5.55275146484425,5.2254632568364,8.38695434570387,12.2415429687511,27.1447558593774,42.6958740234413,62.8767138671912,68.3957666015625,64.8385107421875,70.458056640625,64.8617871093769,53.3964746093719,54.3149560546843,39.8981835937524,30.8808886718759,41.7958691406213,-5.76703247070262
"4941",-4.50563171386759,2.02531478881854,-0.751618423461981,5.50343505859424,5.77313354492239,8.47873046875076,11.7004016113292,26.8548291015649,42.5455273437538,62.1180224609412,67.457578125,62.74427734375,68.73060546875,62.0032666015643,46.0633105468723,48.4633740234346,38.8576757812523,29.5991845703134,37.5016674804655,-5.69998229980419
"4942",-4.48992706298868,1.95969329834002,-1.01152465820321,5.11239898681686,4.81940612793012,8.56808349609451,12.4708532714855,27.3838842773462,42.7045996093788,64.7794140625038,70.793623046875,69.524267578125,73.492021484375,67.9090771484395,58.8826562499966,58.3174316406215,44.0037109375026,32.5746923828135,43.0047509765587,-5.53080322265577
"4943",-4.38915649414102,1.9692102050783,-0.979461822509853,4.75325134277386,4.67148712158245,7.64831542968818,11.3196166992198,23.7225341796896,38.7438598632847,57.1758105468784,61.53033203125,57.46515625,67.248193359375,61.1554541015643,51.193300781247,52.5984472656219,40.4691699218774,27.6318017578133,36.4227270507781,-5.92632385253855
"4944",-4.41684204101602,2.06114669799823,-1.03701126098642,4.74095520019574,4.31092651367226,8.67610534668046,14.2888464355481,26.3465722656273,41.9932861328163,63.9802490234413,69.55181640625,67.3608203125,73.98173828125,67.425898437502,56.8582275390592,57.0551269531216,45.9081201171902,32.3131787109384,40.9532055664027,-5.23751159667923
"4945",-4.23738952636757,2.24399780273458,-0.966052627563563,4.67799743652385,4.72625701904339,8.57523925781326,14.4894335937513,25.5266943359398,40.7730688476599,61.6093652343786,67.5335693359375,66.2409765625,74.1459326171875,66.8856835937519,60.9527001953089,58.457211914059,45.3198779296902,30.7378442382822,42.0115869140588,-5.23841064453079
"4946",-4.55571289062541,1.83018524169938,-1.17066635131846,4.17017150878943,3.98232299804723,7.86661010742258,14.5442919921888,25.2385986328147,40.3784716796911,61.4297460937536,67.159140625,64.1766259765625,72.820517578125,66.2329101562519,60.5645410156215,58.1955957031215,44.7289892578152,30.8177563476572,42.9788037109337,-5.43468872070265
"4947",-4.3342575073246,2.09187194824237,-0.694678726196351,5.17100341796921,5.03131713867232,9.21179931640707,16.0243017578139,26.5702807617211,40.8547094726599,62.7975146484412,68.6310546875,65.28154296875,74.38681640625,66.8492675781269,60.2458203124965,58.4574999999965,44.2474853515651,31.8372656250009,43.9252783203087,-5.05592010498003
"4948",-4.31790649414101,2.0516891479494,-0.776804275512765,5.02760833740279,5.40375488281298,9.57281005859461,16.411938476564,26.3488378906274,41.6582080078162,62.3822460937537,68.28099609375,64.2851904296875,74.2314599609375,66.9106835937519,59.683051757809,59.237368164059,46.1815332031278,32.4327636718759,45.517841796871,-5.36052734374953
"4949",-4.26481323242226,2.00086730957049,-0.844827423095778,4.95784362793013,4.68569061279339,9.08141906738362,16.0438330078139,25.716472167971,40.1170117187536,62.8073730468787,68.0159423828125,64.131318359375,74.088837890625,67.179648437502,58.0843652343716,56.7115039062466,42.40214355469,30.1156445312509,44.8641601562461,-5.05782867431596
"4950",-4.24519561767616,1.99157623291033,-1.05237792968759,4.48052520751993,4.2040734863285,8.69953979492265,16.305522460939,25.560476074221,40.7515576171911,62.9914062500037,68.143974609375,64.3239208984375,74.12353515625,66.6070458984394,51.3487939453095,51.4995361328095,38.3054248046898,29.3434008789071,42.6861816406213,-4.52501861572226
"4951",-4.31561920166054,1.70058761596695,-1.2083024597169,4.18637542724647,3.85676757812534,7.60774658203193,14.3716894531263,23.9843847656271,37.3341821289096,58.764555664066,63.503154296875,57.8628125,69.418857421875,62.2889111328143,49.0008984374971,50.717119140622,36.7658129882835,26.9203710937508,42.0076367187463,-5.09942535400346
"4952",-4.18494232177772,2.17671875000019,-0.96237770080575,4.81650360107465,4.28186889648476,8.35413208007887,15.2237609863295,24.8916040039085,39.3396313476598,62.5403222656287,67.855,63.934609375,75.751796875,67.424111328127,58.8221777343716,59.7800878906215,45.8743115234402,31.4324121093759,49.5850732421832,-5.42801757812453
"4953",-4.37923767089883,2.08442596435565,-0.710441284179751,5.38994506835986,4.66667236328167,9.16693786621176,16.7035241699234,26.4783325195336,41.3824267578162,64.0338525390663,69.430791015625,66.614013671875,77.519873046875,69.576308593752,62.4461914062463,63.3660449218712,49.0370800781279,33.2129174804697,55.0087011718702,-5.99840332031198
"4954",-4.52799468994181,2.03462463378924,-1.04766525268564,4.64282836914104,2.88127929687526,7.24766296386783,14.4346374511732,24.3155859375022,37.7574291992221,59.731586914066,64.2431201171875,62.7715185546875,74.1734033203125,66.8122314453144,57.7137597656216,58.8115722656215,42.3291406250025,29.3420556640634,51.1567285156205,-5.27713073730423
"4955",-4.49505493164103,1.88011520385759,-1.23151947021495,3.46049774169953,1.20458290100108,4.58408264160197,11.8641357421886,20.9542797851581,33.9070629882843,54.2866699218782,59.314931640625,57.255234375,69.8039697265625,62.7199121093768,54.5082275390593,56.4092529296842,37.9960791015648,24.7778686523445,48.2625830078083,-5.69426940917919
"4956",-4.40241424560586,2.0771824645998,-1.03647460937509,4.23607940673866,1.58062835693373,5.60115112304737,14.2775488281263,24.5139379882834,38.4234179687534,61.1525585937536,67.300673828125,67.0573046875,75.4423828125,68.398242187502,53.9783886718718,54.9776416015592,35.5842602539084,26.455529785157,48.8027929687457,-5.16355163574174
"4957",-4.40016296386758,2.33573532104513,-0.862231674194413,4.74686157226605,2.53166839599632,5.96270874023491,14.5121801757825,25.5753564453148,39.4534545898473,62.0999316406287,68.355244140625,68.754580078125,77.654931640625,69.7684521484395,59.6732324218715,59.5108496093715,41.3193066406275,29.1984423828134,52.0375781249955,-6.00010498046823
"4958",-4.27234741210976,2.32899948120138,-0.655482177734433,4.81619750976605,2.3458969116213,5.55259643554737,14.0856103515638,24.9634106445335,37.4001904296908,60.3951757812536,65.2133203125,63.872568359375,74.836416015625,66.7779833984394,56.7407714843717,57.2293408203091,39.6939038085961,28.4284716796883,50.0936425781206,-5.93262939453073
"4959",-4.10439056396521,2.7070156860354,0.25672832489016,6.20407226562555,2.80379760742212,5.47980224609424,12.7021313476574,22.6911791992208,33.9517504882843,58.2033593750034,64.0269140625,61.4931640625,74.046015625,65.3089404296894,54.0154687499968,55.1728955078092,37.6924121093773,27.6839746093758,45.612167968746,-6.02817810058541
"4969",-2.33166900634786,4.3729473876957,0.1655401992798,6.39821716308651,3.48030334472687,3.37993774414093,9.75214294433681,18.7936840820329,33.853164062503,63.5746240234413,61.1052587890625,66.3962109375,73.958837890625,70.8114697265646,67.9464501953085,67.684179687496,45.2533886718777,32.8576684570322,42.3364648437463,-3.67278747558562
"4970",-2.49460601806663,4.3842901611332,-0.156397190094008,5.64350952148488,2.15768478393574,2.79703521728541,9.73595642089931,19.9174011230487,38.5764111328159,70.8770166015667,67.602197265625,73.733271484375,81.080595703125,77.5667382812523,76.7133886718705,76.4541406249955,53.8165673828157,36.7833056640636,48.1766552734333,-2.60704833984352
"4971",-2.48593399047874,4.78312774658246,-0.11248423576356,5.89266174316459,2.90950195312526,3.29626403808623,12.1837634277355,20.7512353515644,42.2061572265663,74.6518847656294,72.0005322265625,78.855849609375,86.60064453125,82.4423925781274,83.0094531249951,82.9550683593701,63.0073486328163,41.1071777343762,51.5241308593705,-2.87623260498022
"4972",-2.67011505126977,5.38906311035204,0.277780132293726,6.49637084960995,4.30755798339882,6.60410095214903,16.7040991210952,26.0173559570336,46.7571582031292,79.9542773437547,78.6229248046875,86.84720703125,96.20001953125,91.5482812500026,92.6374414062446,92.7163867187445,74.1358642578169,49.1528710937514,55.7822656249951,-4.33592010498009
"4973",-2.63636810302758,5.88036621093802,0.148947105407728,7.55267456054755,5.35642150878954,7.89304565429758,18.2769726562516,28.2570043945338,46.8102832031292,79.5505126953172,79.011416015625,87.5267578125,94.9330859375,90.2572753906276,89.3817578124948,89.5752148437447,71.1329785156292,48.5805566406264,55.7941894531201,-4.6321728515621
"4974",-2.6182281494143,6.22796386718806,0.738995437622136,8.30110107421949,6.65446289062559,9.59419799804773,18.7233483886735,27.0838427734399,44.939755859379,75.5160058593795,73.6866015625,79.26380859375,85.351328125,80.2448242187523,77.2881542968705,76.9935302734329,59.5150781250036,44.4935888671888,51.0021289062455,-4.68706726074178
"4975",-2.72645111084009,5.73212402343801,0.238435211181662,7.92303466796946,5.93332702636772,8.70188720703203,17.2112768554703,26.7966894531274,44.0064843750039,74.0436376953169,72.682744140625,78.54349609375,83.93130859375,78.8085644531273,75.2735156249956,75.084555664058,57.7634082031284,41.1211230468762,51.0396972656205,-4.51496582031211
"4976",-2.66246917724633,5.61218078613331,0.324246292114287,7.71385253906319,6.86407714843811,9.58048339843836,18.2778308105485,27.9036132812525,47.0400585937542,76.6363769531295,75.32607421875,80.5840087890625,86.09462890625,80.7457128906273,78.7713671874954,78.6468896484328,61.2989062500037,45.5869042968763,55.1666357421827,-4.43793121337852
"4977",-2.84530456542994,5.19396972656296,0.13049306869508,7.24409179687565,5.89512329101615,7.97575683593821,16.9691186523453,26.5228784179711,44.8727783203165,74.6723681640669,73.902177734375,79.911728515625,86.20654296875,81.8722558593774,80.3313427734328,80.5242871093702,62.2566308593787,45.5190625000013,54.7794091796827,-3.94666809081997
"4978",-2.81207733154322,4.74355865478558,-0.286395168304469,6.90806884765687,5.19052734375046,7.2669165039069,15.6507910156264,25.6691625976585,44.9644287109415,76.3398242187545,76.2277001953125,81.5624462890625,88.800751953125,84.3709863281274,82.6816015624952,82.7869628906201,65.0689208984414,48.1019726562514,57.14319335937,-4.12327575683558
"4979",-3.0537136840823,4.24280853271522,-0.481115264892621,6.47647460937558,4.89150543212934,6.35554321289119,14.3886523437513,24.5780078125022,44.0877294921914,74.6116796875044,75.567578125,81.5176123046875,90.441767578125,85.9740039062525,86.11743164062,85.7326562499949,68.0812988281291,45.6942919921888,57.8249462890574,-3.68740600585905
"4980",-3.13870239257841,3.38024688720733,-1.30738342285168,4.96970672607466,2.57951629638695,2.88248443603541,9.72567321777431,20.8628833007831,41.3678027343787,73.5132226562544,75.855,83.5810546875,92.593076171875,90.2130566406276,92.6858300781196,93.4430273437445,76.7645996093796,50.947387695314,59.5504638671823,-3.64791290283171
"4981",-3.10169616699246,3.33843719482452,-1.3440937805177,4.47811828613321,1.731070251465,0.873427734375078,8.18001281738354,19.0910363769548,40.3192871093786,73.0222656250043,77.0779345703125,85.2353125,95.4040625,94.2596386718777,97.0269921874943,97.5024414062442,79.4533789062548,50.7032128906265,61.3302734374946,-3.49712951660126
"4982",-3.24779998779326,3.01883422851589,-1.58112915039077,4.18128173828162,1.34311996459973,0.443160514831583,6.54963623046933,17.9708325195329,39.5790991210973,72.2995800781293,76.8582275390625,85.548662109375,95.48810546875,94.8100976562528,99.2950390624942,99.6458789062441,83.07879882813,47.6217822265639,60.9413769531197,-3.07576721191379
"4983",-3.11724639892606,2.92638916015651,-1.64178039550796,4.11708435058631,1.46950744628919,-0.124742393493663,5.49146606445361,16.8126818847671,39.101245117191,71.2773730468792,77.48390625,87.177353515625,97.44185546875,97.7466992187528,103.116132812494,103.879482421869,88.6521191406303,55.0974511718766,61.0701855468697,-2.58009826660134
"4984",-3.01476562500027,3.0283752441409,-1.28502670288097,4.08410675048865,1.50394515991224,0.610119247436578,6.352020874024,18.023890380861,42.1452001953163,73.7289941406294,80.711259765625,90.85958984375,101.87931640625,102.081015625003,107.841728515619,108.512451171869,93.6118261718806,54.5520068359391,64.0684960937444,-2.130416870117
"4985",-3.06778961181668,2.84923248291041,-1.49455108642592,3.893993225098,1.37462066650403,0.746615219116278,6.13967712402399,18.335111083986,42.2026171875038,73.1671240234418,80.80443359375,90.02486328125,100.218603515625,99.4193945312529,104.000566406244,104.418095703119,88.8969921875053,57.3060888671892,63.5740771484319,-2.60242034912087
"4986",-3.15511840820341,2.822829589844,-1.49811569213881,3.34500183105499,1.26332069396984,1.03122619628915,5.92664733886772,17.824525146486,40.6967871093786,69.8993457031291,77.5679736328125,85.81634765625,95.35076171875,93.7645703125027,96.6768554687443,96.5997265624943,80.1079394531298,49.6043603515639,61.4324609374946,-2.35575805664042
"4987",-3.10638885498075,2.67041412353539,-1.4727120971681,3.50789367675813,1.66049850463882,2.22900909423848,8.06539001464916,18.9960888671892,42.0285546875037,69.9775292968791,77.351044921875,84.746357421875,91.71453125,90.2290429687526,91.3423242187447,90.9912304687446,73.0607324218794,46.2865332031264,58.0572314453074,-2.33046951293925
"4988",-3.24423797607451,2.66296752929711,-1.76124649047867,2.76714233398462,1.2546632385255,0.944583587646569,6.65604614257872,17.3058325195328,39.0988159179722,66.3253222656289,74.605966796875,82.1429296875,90.3745703125,88.3984082031276,90.8782226562447,90.5173730468696,72.6434326171918,39.9485058593762,55.3488427734327,-2.52656829833962
"4989",-3.28679565429717,2.72989349365259,-1.15397155761729,4.50773010253946,3.18407653808622,4.81213897705121,11.9244726562511,22.5930615234395,44.476181640629,72.2237011718793,78.6174609375,84.23802734375,90.62091796875,87.5246875000025,89.2702539062448,89.3134667968697,73.0217089843794,42.6118994140637,57.7530419921825,-2.4076675415037
"4990",-3.25930541992217,3.31474487304717,-0.230663280487081,6.79734619140686,6.54605102539121,9.71612365722743,17.0814086914078,26.3857080078149,47.7296093750043,72.1383105468793,76.039765625,77.631015625,82.212197265625,77.6537792968772,75.1956249999956,74.8817187499956,55.9985839843783,41.2406591796887,51.465249023433,-3.11007659912082
"4991",-3.25707794189482,3.33222259521514,0.013115844726564,7.00126953125062,6.97181274414125,10.5586914062509,17.3948413085953,26.1794750976586,47.0895654296917,70.1762744140667,73.8075341796875,74.5538623046875,79.170537109375,74.1275488281271,68.3758740234335,67.704667968746,47.1906738281278,38.4752783203136,49.6102148437457,-2.83981933593725
"4992",-3.27501831054717,3.18136993408232,-0.032620429992679,6.41296386718807,6.47241577148495,9.84251464843838,15.7945336914077,25.1003955078147,45.6331640625041,70.1030371093792,73.29515625,73.9975048828125,78.900048828125,73.8779199218771,66.4190771484336,66.2927001953086,45.3416699218777,35.5564794921885,47.5655664062458,-2.68840698242164
"4993",-3.38804992675811,3.34289428710967,0.272938079834009,6.40161804199276,6.7475097656256,10.9102697753916,17.4111193847672,27.5191625976587,48.4265087890668,72.1633593750043,75.136220703125,76.505498046875,81.5237744140625,76.2910937500022,69.259433593746,69.4864941406209,48.5944726562529,36.9419555664073,49.4383984374957,-2.91626403808568
"4994",-3.3173306274417,3.54673492431672,0.265248756408715,6.42341491699276,6.37103515625057,10.0190661621103,16.9766674804703,27.2006347656274,48.1680810546918,70.6936523437542,74.23615234375,75.9303515625,81.0210498046875,75.6665332031272,65.5995312499962,67.386806640621,47.7160742187529,35.7711328125011,49.2568554687457,-2.65991760253883
"4995",-3.2425015258792,3.55578399658235,0.093477973937997,5.78103759765677,5.75993713378958,8.7195715332039,15.5177124023451,25.5323461914085,45.4223046875041,67.256699218754,71.0020166015625,72.227392578125,77.3591845703125,72.2867871093771,66.5237109374961,67.0606689453085,48.3734814453154,34.1121020507822,48.3441992187458,-3.3727148437497
"4996",-3.40442779541046,3.53617523193391,0.166423568725601,5.7420672607427,5.07666564941452,8.59349792480545,15.7665600585952,25.1560668945335,44.752890625004,67.2728076171915,71.2851611328125,73.0525341796875,78.332763671875,73.7884179687521,70.4274658203084,71.1427929687458,53.1508544921907,36.1155566406261,51.779819335933,-3.60649078369109
"4997",-3.44803161621124,3.57918884277376,0.054260439872747,4.99881652832076,4.70461914062542,7.41564453125066,15.2698925781264,24.1588208007834,43.8526123046914,65.6429296875039,70.358173828125,71.456181640625,77.2147900390625,73.2058496093771,71.1064013671834,71.6544775390582,55.4787109375033,35.9332177734385,53.2128808593704,-3.76356933593717
"4998",-3.48375030517609,3.56066406250032,0.19819869995119,5.31779785156297,4.76922698974652,7.48567810058661,16.6516491699234,24.938308105471,43.3566552734414,65.2119384765664,70.340654296875,72.089189453125,79.09173828125,73.9587792968771,71.0096826171833,71.9349853515582,52.7463378906282,34.125341796876,52.1858593749954,-3.86892181396451
"4999",-3.36208801269561,3.70950012207064,0.26702243804934,5.66864685058644,5.82135375976614,8.49588256836013,18.7860437011736,26.9278515625024,45.7998144531291,67.6354736328165,72.6181884765625,74.72591796875,79.91259765625,74.4336621093772,69.141767578121,68.6638183593709,48.4956298828154,36.0472998046886,53.2959472656203,-3.46056243896454
"5000",-3.52258209228547,3.44032318115265,-0.155885906219496,4.80766113281293,4.84442932128949,7.47139526367254,17.7887976074235,25.8811401367211,43.9163818359414,66.2333203125039,71.498359375,73.981806640625,78.9769140625,74.0032226562521,69.8843847656209,70.3703417968708,48.5054443359404,33.995263671876,52.2444335937454,-3.66739990234343
"5001",-3.56864837646516,3.43432189941437,0.047460432052617,5.81245117187552,6.26152099609431,8.74884216308672,19.7600549316424,27.9387670898462,47.4797998046917,68.188076171879,73.44865234375,76.18412109375,79.8149755859375,74.6906445312522,70.5923632812459,70.3500244140583,50.563076171878,36.4086010742198,53.5752343749953,-3.70515930175749
"5002",-3.58686096191438,3.64654907226595,0.38839721679691,6.24380432128962,7.06874023437563,9.06994262695393,19.207072753908,26.7902612304711,45.5667626953166,66.0274804687539,70.425966796875,72.51142578125,75.71177734375,70.003671875002,59.7318359374965,59.355327148434,41.0739550781275,33.9298217773447,47.8177685546833,-3.48212768554657
"5003",-3.77239776611362,3.3981723022464,0.035574908256534,5.5225079345708,6.23480468750056,8.98345581054768,18.6618505859392,27.1309863281274,46.1324902343791,66.6838427734414,71.852900390625,73.9228271484375,76.37318359375,71.1706445312521,61.3857714843714,60.8808251953089,40.0395825195336,32.753105468751,48.7118554687457,-3.44368133544892
"5004",-3.69795013427767,3.46237304687531,0.049032354354863,4.84161743164106,5.48095886230518,7.80427124023507,16.0980371093764,24.8871093750022,42.9648437500038,62.8487695312537,68.868134765625,73.064833984375,74.65400390625,69.050439453127,59.8621972656215,60.0853710937464,40.5199169921899,30.9133544921884,47.8226074218708,-3.61760375976531
"5005",-3.74262390136752,3.2962222290042,-0.056141586303716,4.86929809570356,5.35406677246142,7.79527099609445,15.6623779296889,25.3745214843773,43.6125732421914,63.5534716796913,70.0859619140625,75.362265625,74.7798046875,69.998115234377,62.3282666015589,61.6746289062463,42.56954589844,31.2510229492197,49.4715820312457,-3.8485394287106
"5006",-3.92743286132848,3.30061279296904,-0.345259399414093,5.04423522949264,5.71245544433645,8.08839355468822,15.2014929199232,25.483474121096,43.3489990234414,61.7843603515662,68.6279052734375,74.4460693359375,72.049052734375,67.681152343752,60.7066210937465,60.8893066406214,43.9874658203151,31.1342919921884,48.0181835937458,-3.84333557128873
"5007",-4.05441162109411,3.26346038818388,-0.035425698757175,4.89474334716841,6.07705932617242,8.66929016113358,16.1614038085952,26.7521752929711,44.616054687504,62.5293945312537,70.4714453125,76.36966796875,74.6443798828125,70.4628759765645,68.361181640621,67.4822998046835,51.9075537109406,33.6784423828135,53.1824023437454,-4.54734527587851
"5008",-4.05487945556677,2.96767120361355,-0.388172225952183,4.57503784179728,4.77747680664105,8.05555419921947,13.7959033203137,24.5720019531272,41.3963232421912,59.3362207031285,67.2565625,72.780166015625,72.567548828125,68.219287109377,66.0558398437461,65.0149121093712,48.8002392578154,30.4311010742196,49.9440771484331,-4.65765350341756
"5009",-4.15906677246131,3.02093383789089,-0.461094436645549,4.26284423828163,4.30805053710976,7.75882934570382,12.3449267578136,24.6781152343772,42.8912500000038,60.8480419921911,69.037451171875,73.5831640625,75.082275390625,70.033642578127,69.091542968746,67.457412109371,50.5622412109405,32.672626953126,51.684692382808,-4.55525024414023
"5010",-4.17254882812537,2.89805511474635,-0.629019126892146,4.16853271484412,3.71753082275424,7.61114990234443,11.395205078126,24.1722045898459,41.1706054687537,60.5668164062536,69.067744140625,70.9501416015625,75.6282177734375,69.901572265627,68.065419921871,66.4496435546836,47.6056884765653,31.1112451171884,49.5552539062457,-4.291019287109
"5011",-4.04618377685583,2.97956756591823,-0.519142799377488,4.26722412109413,4.15311218261756,8.07614807128978,12.2411193847667,24.6029394531272,41.0690234375037,60.4113037109411,67.7664453125,66.474697265625,73.707919921875,66.6163574218769,61.9234472656214,61.6545019531213,42.7819238281276,30.7781567382821,46.4261718749959,-3.84742034912076
"5012",-4.10728332519568,2.80400054931666,-0.591969795227104,4.21613433837928,4.20393859863319,8.2818951416023,12.4876403808605,24.2861254882834,39.4046997070348,56.7220166015659,63.608017578125,61.3308935546875,69.64716796875,62.7289697265643,55.4172656249968,56.5632226562466,36.0541113281272,27.7237426757821,42.5036914062463,-3.34129333496065
"5013",-4.1079779052738,2.83562957763697,-0.524663162231492,4.51670166015665,4.53373779296915,9.69645141601649,13.6612390136731,26.1203442382836,41.7598242187537,59.7029394531285,66.666103515625,62.08826171875,71.7733154296875,63.9114062500019,52.6565624999969,53.1472949218718,34.8726220703146,30.0018164062509,42.8568798828088,-3.25836669921847
"5014",-4.27566284179726,2.93036743164089,-0.62607944488531,4.20094024658241,4.17789428710975,9.11574951171956,13.3467285156262,26.0386767578148,40.3923095703161,58.5483105468785,67.1370458984375,62.455654296875,71.6522021484375,63.4029101562518,55.3552441406218,56.1185058593717,37.0043408203147,30.0529077148446,44.3654492187461,-3.81146362304654
"5015",-4.18594573974647,2.96387512207058,-0.773993911743233,4.3372100830082,3.45858154296906,8.4905218505867,13.950192871095,26.9451782226587,43.0167724609413,62.0279248046912,71.565595703125,68.2762255859375,77.324052734375,69.302451171877,63.8343164062463,64.2772070312462,44.6522460937527,33.527958984376,50.6074511718706,-3.63938629150359
"5016",-3.86650726318394,2.89545898437526,-0.715281906127993,3.73825378418002,2.65486968994164,6.84710449218811,12.3156542968761,23.5994238281271,38.6842602539097,55.5743798828158,65.6164306640625,61.3587109375,72.5533984375,65.3069970703144,61.7248876953089,61.9968945312463,40.8995312500024,30.2214526367196,49.4949755859332,-4.39708770751915
"5017",-4.0995306396488,2.78102569580103,-0.908645706176839,4.08013061523474,2.90502746582057,7.15391418457095,13.2713037109387,23.2403295898458,37.5442138671908,54.6068017578157,63.5081591796875,56.4976318359375,68.8682763671875,61.3334277343768,48.8859570312471,51.8452148437469,33.339804687502,27.255236816407,42.8249511718713,-3.83707397460904
"5018",-4.04303741455114,3.08262390136746,-0.444203300476114,5.00695251464888,4.16302551269568,8.88173706054767,15.373941650392,24.1519067382834,38.5631250000034,53.6243359375032,59.692548828125,48.4677490234375,63.1700390625,56.7374316406266,39.1659545898415,43.7805419921849,29.3438671875018,26.735559082032,38.8009399414029,-3.65324615478484
"5019",-4.05883331298864,3.08071228027371,-0.250435523986839,5.66373474121144,5.13419250488327,9.9722833251962,16.8048925781265,25.2356933593773,39.8720166015661,54.7059960937532,61.2816796875,49.5030908203125,64.96103515625,58.7256103515642,41.0313818359351,46.4469384765597,32.2491162109394,28.2943066406258,41.0413623046839,-3.26847290039034
"5020",-4.01619445800817,3.17676361084013,-0.154633922576918,6.38160217285213,6.65791748046934,11.2632177734385,18.8819238281267,26.2965527343773,42.7123632812538,57.3808398437534,63.3915576171875,50.3119384765625,65.013525390625,58.6135351562517,41.4068457031226,47.5968847656222,34.9345947265646,30.0200537109384,40.8199658203089,-3.03552368164036
"5021",-4.11661865234412,3.08832458496121,-0.050986752510075,6.45604797363339,6.91054138183655,10.9015283203135,18.7115588378923,27.2345092773462,40.6991308593786,53.7879443359407,59.455126953125,47.58865234375,61.9238671875,54.7563720703141,35.7231298828104,43.1323486328099,32.6671459960957,27.2637646484383,37.697160644528,-3.21307067871066
"5022",-4.0174520874027,2.8143579101565,-0.630777740478572,5.48096069335986,4.98914428710982,9.63594055175867,17.2846289062515,26.5937207031274,40.9780224609412,57.5373144531284,65.6045556640625,56.6407275390625,68.7940234375,60.3687890625018,33.1237792968731,40.3372753906226,30.9758740234394,25.229611816407,34.0030029296845,-2.54280807495095
"5023",-4.19179107666053,2.39110107421896,-1.31503402709973,3.87071166992222,3.11479064941434,8.01206115722728,16.7054589843765,26.5363867187524,43.7446240234414,64.4536816406288,75.9207421875,69.842587890625,81.692294921875,71.4976855468771,43.6103369140599,46.1183544921848,32.0942846679707,28.5810693359383,36.0167504882781,-2.95363708496068
"5024",-4.10801391601599,2.78045989990259,-0.730609741211003,5.5589355468755,4.58466217041056,9.61448120117273,16.9319665527359,25.5818994140648,43.0474267578163,61.5668847656286,73.856279296875,67.5655224609375,78.4291796875,69.513554687502,51.657705078122,54.1855224609343,37.2629248046897,30.7118652343759,41.5394921874964,-3.74260559081999
"5025",-3.98987823486364,3.01141296386746,-0.096463375091561,6.34890625000057,5.36637390136767,10.3559790039072,18.0876147460954,26.7201513671899,45.002236328129,61.8487109375037,74.208173828125,69.5228955078125,80.50662109375,72.6859912109396,69.4882324218709,69.9721240234334,50.7739599609405,33.873164062501,52.8136425781204,-5.69388549804638
"5026",-3.94299102783238,3.17035766601591,0.174290733337418,6.87223022460999,5.87782836914115,9.48775451660241,17.3171899414078,26.7635449218774,43.1634619140664,58.715180664066,71.2615283203125,65.484931640625,77.74478515625,69.391425781252,63.4130029296838,62.9050097656213,45.6042138671902,31.0113769531259,48.8415478515582,-4.59315856933554
"5027",-3.72673522949252,3.38713104248077,0.293074169158962,7.1116070556647,6.1888940429693,9.02554321289143,15.3171191406264,24.3437890625022,39.3792114257848,52.9355712890656,65.1200341796875,58.0969384765625,71.787763671875,63.4039111328143,49.1989111328096,50.5615185546845,35.5232958984396,25.5560449218757,41.2174072265589,-4.96767181396441
"5028",-4.01743530273473,2.93799102783229,-0.162320060729995,5.4699981689458,5.06725128173873,8.17564453125073,14.9556420898451,24.2287377929709,40.5361767578161,56.0699951171908,70.44369140625,64.708056640625,77.423720703125,69.356572265627,52.5397265624969,52.3124755859344,33.704355468752,25.5999072265632,41.1997607421839,-3.23872650146456
"5029",-3.95985778808629,2.57825653076195,-1.53626342773451,2.4076336669924,1.11710632324229,3.98461486816442,11.9783081054698,23.2768261718771,41.7349023437537,63.2288232421913,78.6462890625,76.6039794921875,87.66376953125,80.9734082031273,72.1017724609333,69.2360156249959,45.5209521484402,28.3526831054696,49.6998486328082,-3.80211486816373
"5030",-4.07355041503943,2.27444763183614,-1.8407041931154,1.26217239379894,0.884611206054767,3.53366821289094,12.1857446289073,25.0191406250022,42.9611718750038,65.4828271484414,80.6183154296875,78.2265625,89.1726953125,83.9511816406274,83.7973632812451,81.8950195312451,62.5838964843787,32.6982080078135,60.0937207031198,-4.94029174804644
"5031",-3.84265350341831,2.46316223144553,-1.583639984131,1.95848022460955,1.49779708862318,4.58248962402385,13.7838073730481,25.4206494140648,42.4289355468788,65.3819140625039,80.201875,79.51125,90.76654296875,85.4658203125025,85.260449218745,83.0789550781201,63.2002294921913,35.6138452148448,60.0435009765573,-4.62267852783163
"5032",-3.94360717773473,2.54441177368187,-1.72992538452164,1.54896301269545,0.874983520507891,2.87860992431666,12.9403271484387,24.3578613281272,42.0362744140662,65.5407666015664,80.5484716796875,78.527880859375,89.9512890625,84.8092187500025,84.94924804687,83.555332031245,63.9082812500038,35.5558129882823,58.3338574218699,-4.90264831542926
"5033",-3.95954467773473,2.31143493652364,-1.73401199340836,1.91310241699236,1.25837158203136,3.25550506591826,14.0713110351575,24.8921191406272,43.4552636718789,66.0759814453164,80.45373046875,77.8597265625,89.166513671875,83.7806250000024,82.6756835937452,81.3550097656202,61.9698095703162,34.3351733398448,56.88797851562,-4.87552795410114
"5034",-3.97007354736364,2.20115631103535,-1.56468704223647,2.03448089599627,1.47993957519544,3.05845306396512,13.2875341796887,25.0127490234397,42.5558300781288,64.9795019531288,79.3673681640625,77.74623046875,88.3575390625,83.7586718750024,83.4704003906201,82.1878906249951,59.7139941406286,33.9152880859385,54.7454199218702,-5.22982055664017
"5035",-4.23782897949257,1.82152893066423,-2.23890716552754,0.73359985351569,-0.38407623291019,-0.813754730224682,8.29480224609449,21.4132421875019,38.4885839843784,63.2514843750037,78.17310546875,79.29111328125,90.4759375,85.4251953125025,85.907558593745,85.3366406249949,64.9535839843789,35.6213696289073,55.8076074218701,-5.19612182617142
"5036",-4.18855712890662,1.97866622924822,-1.89074951171892,1.83628540039079,0.489332962036176,1.00046508789071,8.94704040527423,22.837285156252,40.9003466796911,64.5591796875038,77.751923828125,77.4996240234375,87.05599609375,81.4317626953149,80.0454296874953,79.2880859374953,57.9253515625035,34.8095654296885,52.6482568359329,-5.27973632812454
"5037",-4.21050323486366,1.99880599975604,-1.3613056945802,2.70829956054712,1.8249652099611,2.16964111328144,9.56887512207117,24.4045849609397,42.7800244140663,65.8873730468789,79.248984375,78.44349609375,87.757919921875,81.1441259765649,79.8891308593703,79.8656982421828,60.1935937500036,35.4039794921885,54.6773632812452,-5.51027343749952
"5038",-4.11399658203162,2.48374298095725,-0.342908477783234,5.94402648925834,5.77090881347708,6.30764770507869,12.4596582031261,25.592653808596,42.0069775390662,62.7252490234412,72.382783203125,69.344814453125,79.07443359375,72.0989453125021,65.3662597656212,67.472597656246,48.4882519531279,32.822255859376,48.8168310546832,-5.38177429199172
"5039",-4.14998229980506,2.51907043457054,-0.315615005493192,5.97996337890678,6.11302368164117,6.68190795898497,12.480155029298,26.6139086914086,41.6572753906287,62.3242089843787,71.59708984375,67.334423828125,76.949150390625,69.448642578127,61.3391601562464,63.5757519531212,44.5465917968777,32.8919848632822,45.7508154296835,-5.49453063964796
"5040",-4.20466552734413,2.53626556396507,0.099728069305429,6.7497607421881,6.88376281738343,7.708064575196,12.5533911132824,27.5417089843775,41.5962841796912,62.8313769531287,71.78927734375,67.70841796875,75.87705078125,68.172753906252,61.0272607421839,62.3834179687463,45.1358593750027,34.1079638671885,47.4474707031209,-5.48914916992139
"5041",-4.2991305541996,2.25869323730489,-0.196439723968523,6.32838439941463,7.34377563476628,8.83690429687579,13.0808642578137,27.8066235351587,42.2283203125038,63.5535742187538,71.4893505859375,67.8528125,76.201728515625,69.098447265627,60.187495117184,61.7719042968713,43.4805615234401,32.8521215820322,48.4836865234333,-5.31646850585891
"5042",-4.29484130859413,2.25027740478536,-0.201924800872821,5.94473632812553,6.69951782226622,8.17680358886792,12.0278125000011,26.3881787109399,40.4961083984411,61.8330664062537,68.985361328125,65.12626953125,73.148369140625,66.3688769531269,59.230756835934,60.9490771484339,42.2726367187525,29.8882397460946,48.0317041015583,-5.16506530761674
"5043",-4.03409667968786,2.39165100097678,0.124317512512218,6.57257202148496,7.11471679687564,9.32984863281333,11.3077563476573,25.7453222656273,39.643051757816,59.576440429691,65.745263671875,61.4420947265625,69.786826171875,62.7990820312518,48.8949804687471,52.3493359374969,36.2848291015647,26.829113769532,41.7048730468714,-5.21922973632767
"5044",-4.21679718017616,2.11833374023456,-0.003733727931977,6.16034606933649,6.09256713867242,8.41205505371169,10.3298522949228,25.8418554687523,39.5332250976598,59.9917773437536,63.625556640625,57.28421875,66.6976953125,59.9515087890642,39.3601757812477,43.7925146484349,31.5147143554706,23.9751806640632,36.5443994140593,-4.49505035400351
"5045",-3.98740600585973,2.32624023437521,0.096736288070687,6.53382080078183,6.4286437988287,9.31950012207114,11.0155590820322,27.5960449218775,41.4047656250037,62.8989941406287,68.592685546875,65.1703125,71.89244140625,65.2270898437519,52.2251074218719,54.3384277343718,39.3640795898461,28.9050683593758,42.7188476562463,-5.04089385986284
"5046",-3.93610473632848,2.31452636718771,0.022386913299563,6.11953430175836,6.07854858398492,8.26966918945386,9.37280761718834,26.1303247070336,40.1847924804723,60.6992285156286,68.3891259765625,65.7590185546875,73.0154638671875,67.430449218752,64.2239550781212,62.5880761718713,45.9388867187527,31.3245043945322,47.9213867187458,-6.02494079589791
"5047",-4.05386474609411,2.32395004272482,0.047502679824833,6.22916320800837,6.57237182617246,8.79807861328204,10.8599853515635,27.1201782226587,41.7729443359412,64.4466210937538,71.5676953125,68.4402197265625,75.2815087890625,69.2463232421895,65.2406249999962,63.8129150390587,48.0361865234404,35.218212890626,49.3373388671832,-5.4506628417964
"5048",-4.07627929687536,2.29967422485372,-0.094824867248544,6.19314941406305,6.31141967773494,8.43194824218825,11.2882690429698,26.6379907226586,40.3238818359411,62.8265332031287,69.646142578125,64.9525390625,72.60439453125,66.9523730468769,60.7665087890589,60.7905664062464,45.9093359375027,31.1178955078134,45.9790673828085,-5.57844482421826
"5049",-3.92711517334019,2.28587539672872,0.079775643348701,6.25179626464899,6.02840515136772,8.69110839843828,11.0121899414072,26.9887377929712,41.3735253906287,63.8597656250038,70.14169921875,64.3882177734375,72.49626953125,66.6138183593769,55.2082958984343,56.0129785156217,42.1935253906275,30.6806591796884,42.7892871093713,-5.09572448730424
"5050",-3.92974121093785,2.23164978027364,-0.110097494125376,5.95333129882866,5.67590576171926,8.74333129882891,11.2982543945323,26.2309082031273,40.2056518554723,62.8238818359412,66.82109375,59.5316796875,69.030009765625,63.0933789062518,49.7653662109346,52.3747412109344,39.9520581054711,28.9701660156258,39.1740600585903,-4.82827667236286
"5051",-3.88588684082066,2.26144927978536,-0.217070693969746,5.3568371582036,4.98297821044966,7.71096923828194,10.2420556640634,24.979177246096,38.8692114257847,61.4052294921911,65.3923193359375,60.0086865234375,68.701845703125,62.9796679687518,49.1063085937471,51.6201513671844,38.324743652346,27.8193554687508,37.8905395507779,-5.27823730468704
"5052",-3.93256347656285,2.24249526977559,-0.291620635986354,5.37763244628954,4.36492095947305,8.5875677490242,10.9277954101572,25.3148950195335,40.1508544921911,63.9380810546913,68.021513671875,63.170615234375,71.0690234375,65.0535498046894,48.2028515624972,52.0228417968719,38.8106494140648,28.4058593750008,37.6334521484342,-4.99328735351519
"5053",-3.85981140136753,2.23061645507832,-0.3291317367554,4.83721801757856,3.68061828613314,7.71754028320381,10.1351177978525,23.3126611328146,37.7487646484409,60.3077636718786,64.24279296875,59.0186865234375,69.148974609375,63.2913867187518,50.4432128906221,53.5862011718718,39.1172412109398,26.8936523437508,36.3023828124968,-4.8514025878902
"5054",-3.81112762451206,2.50459854125999,-0.182692718505876,5.07830078125045,4.10545745849646,7.95758789062571,11.6525378417979,24.7985693359397,39.9815429687536,64.1876269531288,69.8346044921875,68.040322265625,76.12912109375,69.687910156252,61.1833496093714,59.9219726562465,45.6072900390652,31.6934887695322,42.0541455078088,-4.92777862548785
"5055",-3.88080505371128,2.64984069824242,-0.267129020690942,5.01552246093795,4.35863647460976,8.18515441894604,12.3389721679698,24.4215258789084,39.430571289066,63.2685644531287,68.3440478515625,65.4255859375,75.134326171875,68.473212890627,61.3475585937464,60.5972753906214,46.0736865234403,31.3781591796884,42.1635791015588,-5.23262634277298
"5056",-3.9014102172855,2.5455114746096,-0.221366729736348,5.27536682128953,4.75288330078167,8.61403320312577,14.6900683593763,25.9074633789086,41.1056738281287,65.9963427734414,71.774521484375,69.244931640625,78.049775390625,70.9761083984396,64.7488378906212,63.0165429687463,46.9949267578153,33.504384765626,47.1213671874959,-4.98059692382769
"5057",-3.94501281738316,2.59202697753929,-0.008819026947022,5.64886108398488,5.05491699218795,9.35044311523521,16.4859594726577,27.5664257812525,42.3005029296913,66.6465625000039,72.522255859375,68.9291064453125,77.28671875,70.2984033203145,60.9937548828089,60.2484765624964,46.8265917968778,33.1071533203135,45.6809814453085,-4.74716674804646
"5058",-3.79357818603549,2.50600189209007,-0.041477317810062,5.77983398437552,5.57863342285206,9.75444152832118,16.2083984375014,26.5173339843774,40.3280078125036,64.4936914062538,70.479296875,65.9065283203125,76.061435546875,69.2995068359395,62.5495117187463,62.2730908203088,47.4493359375028,33.0880419921885,47.1468749999959,-5.12953186035111
"5059",-3.76447021484409,2.47870849609397,-0.203172683715838,5.9219128417974,5.31277160644579,10.3535803222665,17.5243945312516,27.6889843750025,42.5864550781288,66.6918261718789,72.37853515625,66.5901171875,76.71783203125,69.075839843752,54.1008349609343,54.4305273437468,41.4980957031275,31.4602612304697,43.5677539062462,-4.31496215820275
"5060",-3.77103881835971,2.44320678710959,-0.172963733673111,5.93473815918022,5.16839965820359,9.98075256347745,16.9507421875015,26.5019482421899,40.2809130859411,63.4657617187538,68.8242138671875,63.1193115234375,74.1537548828125,65.6677490234394,47.1964892578097,49.1744970703096,37.9530786132835,29.7860937500009,41.3069628906214,-4.80632080078083
"5061",-3.76282348632846,2.45944610595725,-0.324293746948271,5.81364868164114,5.52196899414112,10.4124096679697,16.6832543945327,27.0061035156274,41.2156103515662,63.8781738281288,68.8675,63.5221435546875,74.2410986328125,66.8777050781269,53.3078613281219,56.0534082031217,43.1026367187526,30.7453662109384,46.296982421871,-5.37408020019484
"5062",-3.83333496093784,2.36606674194357,-0.214735870361347,5.77935180664114,5.09400054931686,9.87068481445401,16.2499487304702,26.8452905273461,40.1848095703161,63.4226074218788,68.88826171875,64.9633251953125,75.291728515625,67.809082031252,53.9322265624968,56.4835888671842,42.1588085937525,29.7713696289071,46.9066601562459,-6.05712341308541
"5063",-3.89953887939488,2.38149948120138,-0.327195625305205,5.45796386718799,4.28867462158241,8.9107666015633,14.7384814453138,25.7087548828148,40.2259619140661,62.1416064453162,66.99556640625,62.909609375,73.4033544921875,66.3585302734394,55.2077294921843,57.2545166015591,42.47110839844,28.7333349609383,49.8169335937457,-5.8927667236323
"5064",-4.02204254150427,2.22400375366231,-0.457934303283732,5.04245178222701,3.31099121093779,7.51167724609442,13.8497070312512,25.0542016601585,38.753237304691,60.2609423828161,66.352353515625,63.587431640625,74.754375,67.1467382812519,59.3667773437465,60.6343554687464,45.5670996093777,29.9834375000009,52.5938037109329,-6.16798706054634
"5065",-4.13638000488318,2.12322296142597,-0.65769577026373,3.9675106811527,1.88500320434587,5.58516662597706,13.3581091308606,25.0871582031272,39.6723852539098,61.5014599609411,68.581455078125,68.1114892578125,78.5610302734375,71.1256933593771,64.4220996093712,65.3722753906211,48.1183544921904,31.0388159179697,56.5279638671826,-6.70405517578066
"5066",-3.9007153320316,2.34141860961935,-0.326945877075224,4.43508117675821,1.58419372558608,5.0740893554692,13.1594091796887,23.8278247070334,37.0282885742221,57.6779101562534,65.02921875,62.1956689453125,72.42998046875,66.2384375000019,55.9927197265592,58.0289013671841,39.7949951171899,25.6847607421883,50.7186425781206,-5.89479614257761
"5067",-3.82987487793003,2.67446960449243,-0.033955750465396,5.67600830078176,3.57234832763704,6.83458496093811,15.9115246582045,26.6665039062524,39.4576953125035,60.5434375000036,67.5953564453125,66.2881396484375,75.9663427734375,68.566669921877,58.5819824218716,59.6365332031215,42.2216796875025,28.7595117187508,52.4804882812454,-5.94427001953073
"5068",-3.79333831787143,2.8347323608401,-0.003397433757782,5.45509521484424,3.02711822509793,6.13374877929742,15.385699462892,26.4015429687524,38.4985791015659,58.362700195316,65.0231982421875,61.563232421875,72.7617041015625,64.4468359375019,48.0208056640597,50.1848974609345,35.4158251953146,25.8255566406258,45.742812499996,-5.6353729248042
"5069",-3.82436523437534,2.86372680664088,0.663716964721739,6.44264953613339,3.14378356933622,5.25479858398484,12.9786767578137,22.614501953127,33.1510424804717,55.1000097656283,62.24259765625,57.744169921875,68.20908203125,60.6949316406268,48.5752099609347,51.9776855468719,35.0775195312521,24.3339941406257,43.3157128906212,-5.32249206542922
"5079",-2.1738638305666,4.35697509765664,-0.756830444336005,4.00683532714879,0.84276229858406,-2.16019805908222,3.55940551757844,12.3785156250011,28.6328125000026,56.0530712890658,52.4585888671875,58.30029296875,69.97486328125,67.8866357421895,68.171904296871,69.2911425781209,46.2767138671903,24.1924414062507,40.533715820309,-1.59344619750963
"5080",-2.3453012084963,4.7876779174809,-0.103181581497202,5.08073913574264,1.75300689697281,1.18787300109874,8.52972778320389,18.9276513671892,38.5526025390659,73.3203613281293,71.100478515625,76.3842578125,83.99041015625,79.9029101562523,80.2721484374953,80.9419628906202,60.2353906250036,35.798974609376,51.0433398437455,-2.53502365112283
"5081",-2.33344268798849,5.25972045898484,0.131136741638195,6.25163330078181,3.57420471191438,4.73654571533245,13.61623779297,23.9462036132834,43.3034716796914,78.2659326171921,78.0740576171875,86.105234375,95.758193359375,91.3365136718776,92.5379101562446,92.2828417968695,73.1139746093794,48.0665820312514,55.2635058593702,-3.51043457031219
"5082",-2.41453399658225,6.0046197509771,0.610373382568414,7.10755981445376,5.57067932128956,7.53098632812567,16.8875805664078,26.9162329101587,46.6554296875042,78.2707714843796,76.996376953125,82.961240234375,91.501982421875,86.0663769531275,84.673652343745,84.715644531245,66.4353955078165,45.9640625000013,55.0047851562452,-4.0645092773434
"5083",-2.25809295654317,6.35955871582088,0.580007705688528,8.22960327148511,6.32463500976619,8.65038269043046,16.815180664064,26.3142089843773,42.4931250000038,73.6136132812544,71.915771484375,76.0194921875,82.934736328125,76.3510644531272,72.8510009765582,73.0575146484332,55.2604443359408,39.9832666015637,49.8738574218706,-4.18947906494104
"5084",-2.43402435302756,6.15217956543024,0.485151405334516,7.87080505371164,6.08138916015679,8.0144207763679,15.7843383789077,25.5241357421898,41.6622460937537,72.3535253906293,71.58572265625,75.4255322265625,81.8617578125,75.9193847656272,71.7663623046833,71.9043945312457,53.6350878906282,39.2366552734386,50.6374951171831,-4.27120788574182
"5085",-2.43850433349631,5.66091979980519,0.242773113250754,7.95479614257883,6.18978210449274,8.28544189453199,14.5758984375013,25.6158740234398,41.3344628906287,70.9887060546917,70.0672509765625,73.387607421875,78.7348046875,73.3394482421896,68.7620361328085,69.4280273437459,49.9123779296905,38.2882324218761,49.8783984374956,-4.11971466064417
"5086",-2.31504501342794,5.50494201660205,0.494974937439009,8.43071716308669,7.2720288085944,10.3087841796884,16.4786010742202,27.3324560546899,45.5245166015666,74.9854052734419,73.220791015625,77.066435546875,81.962490234375,75.8373974609397,71.2017041015583,71.5736914062458,52.9591503906282,41.3471533203137,53.0685253906204,-4.51488037109336
"5087",-2.57445739746117,4.86161163330121,0.128809871673595,7.76004028320382,6.04614013671929,8.348156738282,13.7542028808606,25.0696435546897,41.3071728515662,71.1518408203167,70.619375,74.182763671875,80.967080078125,75.6212792968772,72.5385253906208,73.9895898437456,55.1351611328158,41.2337451171887,52.9940332031204,-4.44182983398399
"5088",-2.84635864257838,4.39873107910195,-0.422780151367225,6.60818603515684,4.71798034668011,6.50377502441464,11.6956762695323,22.764052734377,40.2509350585973,71.3060400390667,72.461298828125,76.99728515625,85.488583984375,80.9096142578149,80.1105419921828,80.9575292968702,62.8227050781288,41.0898925781262,55.1725488281202,-4.36549713134727
"5089",-2.83275817871119,4.27475036621132,-0.021083765029909,6.9971960449225,5.48883483886768,7.7445050048835,12.9430102539074,24.9935546875022,42.9360107421913,73.1226708984418,74.276552734375,77.491455078125,86.5389453125,80.7769335937523,80.0361181640578,80.6315917968702,63.0771777343788,42.2321386718762,55.0441308593702,-4.29337951660119
"5090",-2.85046813964869,3.89973968505894,-0.18349758148195,7.06573486328188,5.48132934570361,7.5040783691413,13.2967810058606,24.0840283203147,41.7906152343787,71.9969531250043,72.949970703125,76.170107421875,84.396630859375,78.9386914062523,77.656752929683,78.3727246093704,60.8245751953161,42.4017382812512,54.4981249999952,-3.90774658203091
"5091",-2.99111450195339,3.54793090820344,-0.510379028320358,5.87481445312552,3.97790832519567,5.22976562500047,12.0470874023448,22.945068359377,43.5066015625039,73.8000097656294,77.72642578125,82.28994140625,91.593984375,87.9679199218776,89.5483789062448,90.3477148437447,72.3875878906293,45.2793359375013,58.9330566406199,-3.95500213623012
"5092",-2.98759460449245,3.21071075439482,-0.98380058288583,4.72507263183636,2.43748306274436,2.15394088745136,8.91642089843829,20.2837170410174,41.3689746093787,73.7855859375044,79.91623046875,86.186640625,95.114619140625,93.0977539062527,95.1870117187444,95.5328906249943,77.1251318359421,45.3623046875013,60.5477490234322,-3.34769683837861
"5093",-2.95813720703151,3.14118103027372,-1.08240982055674,4.44903564453165,1.91077667236345,1.41124603271497,6.53086669921933,18.4672570800798,39.6552026367223,71.9811621093793,78.7327490234375,85.7842578125,95.633291015625,93.8948632812527,94.1735351562445,94.4500781249944,68.5684277343791,38.5525317382824,55.4742871093702,-2.65202331542946
"5094",-2.87498321533229,3.01552795410183,-1.13313087463389,4.12289154052771,1.36779281616223,0.5930363464356,4.84768524169965,16.5694433593765,37.9818334960971,68.4577832031291,76.3689599609375,85.106650390625,95.584228515625,95.3135742187528,96.3927343749944,96.9621484374942,66.2059423828165,37.2113281250011,52.1719970703079,-2.26929885864238
"5095",-2.9681423950198,2.93933685302761,-1.61705673217788,3.30785034179717,0.771725997924874,-1.45168273925794,2.51591003417991,12.5581738281261,33.782119140628,63.1509521484412,72.812685546875,81.844658203125,92.03509765625,90.5633691406276,91.1678710937447,91.4316308593696,62.6807861328163,31.2927441406259,49.5909130859332,-1.72465057373032
"5096",-3.03116119384793,2.91614593505885,-1.4154757690431,2.98047485351589,0.569792594909719,-0.777177810669015,2.0282011413576,12.2679309082042,32.5122583007842,61.7301855468787,71.564169921875,81.531689453125,92.10974609375,91.1804492187526,94.2063671874945,94.5464746093694,73.1768359375044,35.0325756835948,54.5602197265577,-1.9648229980467
"5097",-3.01440338134792,2.8387265014651,-1.59016906738295,2.97031402587917,0.784896621704172,-0.155345153808608,2.72310424804712,12.0940454101573,33.1928784179717,59.8511718750035,69.051513671875,77.270654296875,86.248642578125,84.6141113281274,82.9006347656202,83.949921874995,59.9794775390661,30.6988769531259,48.5338671874958,-1.99237976074201
"5098",-3.10196289062528,2.72959197998071,-1.65857955932632,2.55548736572288,0.801771850586009,0.160872421264663,3.32433441162139,13.5978125000012,33.9671752929718,59.6679394531285,69.2218212890625,78.019423828125,87.8914453125,85.3472558593775,85.576562499995,86.4750585937449,64.5135595703164,31.1448999023447,50.1051416015581,-2.33212036132792
"5099",-3.10442810058621,2.66178619384789,-1.69340728759781,2.48145156860374,0.684864044189514,0.225413131713887,3.58991424560579,13.4360180664074,33.661806640628,60.0893798828161,69.923076171875,77.7758203125,87.715166015625,85.0230468750025,87.7520507812449,88.6529101562447,70.1800000000042,28.9239208984383,52.6314062499954,-2.28755996704082
"5100",-3.14319763183622,3.17124420166044,-0.510789299011276,4.98942199707076,4.09096679687536,6.22519409179743,11.3968676757823,22.3020532226582,44.342373046879,73.6611914062544,80.176796875,82.903505859375,89.027490234375,84.3641406250024,81.5045654296827,81.6050146484327,56.1589941406284,37.0623974609386,53.2962841796828,-2.08339172363263
"5101",-3.11144897460965,3.3200210571292,0.043287520408634,6.10935119628961,5.92543579101615,8.61779846191483,14.1988098144544,24.1845654296897,45.7064843750041,73.0804101562543,77.3455224609375,77.234091796875,82.877978515625,78.1393457031273,70.4082275390584,70.9809863281208,43.6705322265651,36.8456005859386,49.0121777343707,-2.57919525146462
"5102",-3.12022064209012,3.34489105224639,0.2269516181946,6.16747375488336,5.5615332031255,8.44973205566482,13.4905468750012,23.4287207031271,43.8020117187539,70.1735156250042,73.840869140625,71.810927734375,78.297265625,72.8807763671896,61.2606054687464,62.9625732421838,39.5378906250024,33.6351879882822,43.8948437499962,-2.43596099853494
"5103",-3.07517639160184,3.48209716796906,0.411676559448279,5.82878662109427,5.59841674804738,8.83381469726641,14.6456506347669,23.9307250976584,43.5568457031289,69.3000097656291,71.7920068359375,69.8029296875,77.101806640625,71.1282812500021,57.3613671874966,60.1047753906214,38.7875952148461,31.1207373046884,41.5114843749964,-2.84246887207006
"5104",-3.09841552734403,3.62626464843782,0.416570663452186,5.6771649169927,5.04289337158248,8.49214843750076,14.1132482910169,24.0120068359396,42.9675683593788,69.5981835937541,73.0355517578125,72.6424462890625,79.0033984375,73.5363476562521,60.9744433593714,62.9015869140588,41.33177246094,31.7558105468759,43.2478222656212,-2.84190429687475
"5105",-3.10294921875028,3.44207519531281,0.137467021942151,5.19130249023484,4.35055938720742,7.76019592285225,13.5214758300793,23.8369702148459,42.4327734375038,66.6235156250039,70.801025390625,70.0906982421875,76.4803271484375,71.6628564453146,60.6919042968714,63.0924267578088,41.63220214844,29.9342382812509,43.0602978515587,-3.3544076538083
"5106",-3.25175140380888,3.35851104736358,-0.119368343353282,4.81642120361371,3.47765197753937,7.12062500000063,12.720477294923,22.5019360351583,41.3692822265662,66.2753125000039,71.5972265625,71.7591162109375,78.724482421875,74.2250732421897,68.830068359371,70.1462548828083,47.5707177734403,30.9268212890634,48.2253662109333,-3.29453918457002
"5107",-3.32077209472686,3.58098358154329,0.285457572937037,5.16667968750046,4.02786956787145,7.13191528320376,13.596208496095,22.611425781252,41.4783789062537,64.8129443359413,70.135693359375,69.45900390625,77.6089111328125,73.0841015625021,69.2456787109334,70.7772851562458,49.4410693359405,31.4696142578134,49.6186572265582,-3.58268371582
"5108",-3.24165313720732,3.43344543457062,0.172762680053726,4.60690368652385,3.48420837402375,6.09708984375054,13.6420153808606,22.7302294921895,40.1921093750036,64.0900488281288,70.4804296875,70.49544921875,78.74916015625,73.8330761718771,68.441718749996,70.2665234374958,48.1778076171904,30.2189404296884,51.1745605468705,-3.64468933105437
"5109",-3.26759704589873,3.69174743652377,0.340172805786163,5.00796966552779,4.61948791503947,7.35536987304753,15.3506884765639,24.3386962890647,41.7635205078162,65.4098632812539,71.7806787109375,70.88998046875,78.834541015625,73.5118115234396,67.2133203124961,68.9555371093709,47.1218798828153,32.1316528320322,52.5596777343704,-3.60870361328094
"5110",-3.38924713134796,3.55873199462922,0.479375762939496,5.14149291992233,4.93770141601607,7.10690612793032,15.9802600097671,24.2423339843772,41.6860791015662,64.4129345703163,70.9322265625,70.5429931640625,78.181142578125,72.8209375000021,65.3437695312462,67.1623779296835,43.4990966796901,30.8778906250009,52.6974072265579,-3.84792602539029
"5111",-3.39207305908233,3.46891326904328,0.534107818603563,5.34957031250048,5.12129394531296,7.22387573242252,16.3654174804702,24.753278808596,41.8925390625037,65.1799609375039,72.4157666015625,73.358310546875,79.8766357421875,74.8536669921897,68.6595361328085,69.9763574218708,47.6139013671904,33.2752758789072,54.4502783203077,-3.83652160644498
"5112",-3.44899627685578,3.56118652343782,0.389523773193394,5.03820709228561,4.90727661132856,6.74402099609435,15.6761840820326,23.9852978515646,41.7318945312537,63.9974511718788,71.10578125,72.515439453125,78.12640625,72.8036279296896,65.7442773437462,67.1672021484335,45.0402343750027,32.8430004882822,53.0907128906204,-4.21227386474573
"5113",-3.50841613769563,3.56692962646516,0.361478424072298,5.28240234375047,4.9277886962895,7.48873657226629,15.6548046875014,24.0931127929709,40.8752758789099,65.1857031250039,72.796748046875,73.8913232421875,79.646396484375,75.1149365234397,70.1978124999959,71.1340917968708,49.975898437503,34.088925781251,54.9404980468702,-3.92465576171841
"5114",-3.47032470703156,3.64674957275423,0.542189178466845,5.6359570312505,5.53478698730518,8.68605957031328,16.1635607910171,23.7506542968771,39.7264819335973,61.4800390625036,69.8388818359375,70.30306640625,75.7214990234375,70.8843701171896,63.9115771484338,64.3810546874962,44.7159912109402,31.0757714843759,51.0780371093705,-3.7886209106442
"5115",-3.5055731201175,3.48895446777375,0.468446311950725,5.50640991210987,5.08531372070358,8.18817382812573,15.1829833984389,23.4080395507833,39.604145507816,60.7198339843786,69.63291015625,69.4084765625,74.1483349609375,69.419648437502,61.5435937499964,61.3952832031214,39.5707666015649,29.8489013671884,49.9539355468706,-3.5736065673825
"5116",-3.79935852050815,3.5511590576175,0.096601905822763,5.09734405517624,4.76199859619183,7.99780700683665,13.2000708007824,23.0600805664083,40.0206933593786,61.3318652343786,71.9541845703125,73.1446533203125,78.08748046875,73.1922412109396,68.123818359371,67.4346826171835,46.1247998046903,31.6438183593759,52.9758496093704,-3.82918762206998
"5117",-3.81703369140659,3.16430877685575,-0.067456164360052,4.27651672363319,3.74215698242221,6.56121337890684,12.0458679199229,23.1267431640646,39.8603271484411,61.0422558593786,71.566767578125,73.4391015625,78.119638671875,72.8410156250021,68.580634765621,67.8185205078085,47.2549365234403,30.8596923828134,52.1110156249954,-3.81049926757779
"5118",-3.68558563232455,3.21547149658232,-0.053047475814824,4.05493347168005,3.00895843505886,6.17554199218805,10.5840478515634,21.6195947265644,37.7443554687534,56.8166259765659,66.8834228515625,68.9803857421875,73.7555419921875,69.872568359377,66.8621582031211,66.6153564453085,46.0312988281278,29.1681640625009,50.8319921874956,-3.96168945312465
"5119",-3.80950714111362,3.18724884033232,0.064602885246283,4.02492065429723,3.17720336914091,6.60897155761778,10.5559106445322,22.5036206054708,39.8537304687536,60.2392578125036,70.483828125,72.4921240234375,76.5465087890625,71.6515917968771,69.6774316406209,68.338124999996,49.961162109378,32.3119335937509,52.8496289062454,-4.59480285644491
"5120",-3.80153625488315,3.16180175781278,0.16239265441896,4.65178222656291,3.64535949707064,7.78160644531319,10.5419555664072,22.7353393554708,38.9000317382847,58.3823925781285,68.689609375,68.4974462890625,74.95416015625,69.653017578127,68.223164062496,67.1967333984335,48.3663867187529,30.5764648437509,50.7228662109331,-4.1618756103512
"5121",-3.86296630859409,3.22718658447294,-0.123773078918468,4.13808563232459,3.5654983520511,7.11005249023501,11.0317687988291,22.218232421877,38.5656860351597,57.0397656250034,67.036982421875,66.783427734375,74.198623046875,67.5745117187519,65.3439941406212,64.7175195312462,44.3288525390652,28.5956933593758,48.1441796874958,-4.4196014404293
"5122",-3.82462615966831,3.03092285156277,-0.261892986297631,3.79584960937534,2.91643676757838,6.69084777832091,10.6752770996103,22.5670288085958,38.1329785156284,58.604926757816,66.816328125,65.9195458984375,74.6892529296875,67.8969091796895,65.9597460937461,66.671591796871,44.2131494140651,27.9405175781258,48.2309326171833,-4.4545184326168
"5123",-3.84463531494175,3.12395019531278,0.088535728454598,4.43793273925821,3.77178161621127,8.23226196289136,12.0557165527355,23.6501806640646,37.9034130859409,57.0565380859409,64.31525390625,63.16849609375,73.2317333984375,65.1320019531269,60.1063867187465,61.4300976562464,40.3737133789087,29.2035937500009,47.0420361328084,-4.28618713378869
"5124",-3.86009124755894,3.16764587402372,-0.020007667541506,4.47837646484415,3.58344970703157,8.17192504882885,12.3991064453136,24.0179931640646,37.4229589843783,56.6951513671909,64.6775732421875,62.5185888671875,73.264033203125,65.7345312500019,62.1678222656214,63.5006738281212,41.9786621093775,29.8688330078134,46.9455810546834,-4.46152313232383
"5125",-3.70807312011752,3.28667938232451,0.086180391311653,4.93408721923872,3.64960876464876,8.70409667968828,12.4955871582042,23.6056689453146,37.4144653320346,56.8503613281284,64.614384765625,62.534345703125,73.468310546875,65.9339062500019,60.6767675781214,62.0531835937463,41.27005371094,30.6354248046884,47.9077050781208,-4.52812438964804
"5126",-3.83665405273472,3.14028961181669,0.058428936004644,4.68230895996136,2.79909820556666,8.54853393554764,13.65922607422,24.7123950195335,39.304575195316,58.8330468750035,66.905439453125,62.39365234375,75.15537109375,66.9815820312519,60.522592773434,61.6708349609338,41.89159667969,34.0065966796885,49.9150195312456,-4.08656616210902
"5127",-3.82432769775425,3.06720520019559,-0.102757329940805,5.12317016601608,3.21589111328154,8.33508972168043,12.8087170410168,22.7108447265645,36.6831396484408,54.9806835937533,62.385712890625,54.996005859375,68.38197265625,62.5688574218768,48.3396044921847,52.4524999999969,33.0797216796895,28.4750463867196,43.1656835937462,-4.02207214355434
"5128",-3.80253356933628,3.25948944091826,0.070334959030158,5.98580017089897,4.53832397460978,10.1389135742197,16.3292285156265,25.6364697265648,39.4787377929723,58.315864257816,64.01396484375,53.095869140625,66.64353515625,60.5425244140643,40.8890624999976,46.8960888671847,32.5347802734394,29.2438183593759,42.5760937499963,-3.17698242187472
"5129",-3.67963867187533,3.22670349121123,0.426026878356972,6.40899414062557,5.0419799804692,10.0913702392587,16.529077148439,24.4340014648459,37.9765869140659,54.7655957031282,59.9986181640625,49.740478515625,63.90005859375,58.7723437500017,36.0703466796854,43.9573486328099,30.8665161132831,27.2477880859383,39.8794726562465,-3.1297399902341
"5130",-3.68708923339877,3.24960937500029,0.390371360778843,6.11430786132867,5.4782208251958,10.0352667236337,17.6472998046891,25.650046386721,39.7476757812535,56.0066699218783,60.0378076171875,49.0374169921875,63.8658056640625,57.6305273437517,33.9287939453105,42.689116210935,30.2731420898456,25.5365234375007,36.3245043945281,-2.91057983398412
"5131",-3.76047790527377,2.9795794677737,-0.365908355712923,4.50888916015665,3.4361898803714,6.97341979980531,15.1518237304701,23.7755151367209,38.3079052734409,57.1243945312534,62.8966259765625,51.9353466796875,66.2658203125,58.2813378906267,30.748073730467,40.5773071289038,28.0902050781267,22.9561181640632,34.3157275390595,-2.53563812255837
"5132",-3.58171264648469,3.00633270263699,-0.166279277801529,5.16211669921921,4.79210632324261,8.82093750000079,17.8038500976578,26.6569580078149,40.5366918945349,60.0002929687535,67.5415234375,60.10654296875,72.68904296875,64.7834814453144,40.7498974609351,47.9054443359347,34.3828759765646,27.4980908203133,37.0720751953093,-2.55812316894509
"5133",-3.70527374267611,2.65808013916039,-1.20236907958995,2.82165008544947,1.07036735534677,4.40015045166055,13.0919604492199,24.3152929687522,39.4545605468785,61.1641015625036,71.0204150390625,63.2701806640625,73.8602392578125,62.0762695312518,26.5658911132797,33.8513110351542,24.5504492187515,19.4470727539068,27.1110961914039,-2.50062820434548
"5134",-3.58219970703157,2.89027038574245,-1.07431327819834,3.24668975830107,1.21215873718272,5.38594055175829,13.6815844726575,23.2502319335958,41.3779833984412,64.1625537109413,75.71806640625,72.2176416015625,82.934658203125,73.4621289062521,44.1074755859349,49.1303076171846,30.5550878906268,25.1662866210945,36.5650878906218,-3.39048034667939
"5135",-3.70368164062533,2.87816955566432,-0.683077468872131,3.99452941894567,1.32875366210949,5.60627746582081,13.8102099609387,22.854150390627,42.3825585937538,66.4598046875039,79.525185546875,79.4542041015625,89.2521875,82.0033886718774,76.7991015624955,77.8160253906204,54.7938281250033,34.9500439453135,55.8702587890576,-3.3766146850583
"5136",-3.44485565185578,3.38844757080108,0.287789268493678,6.29075744628962,4.16803161621131,8.84753906250079,17.131547851564,26.8925122070337,44.2146826171914,64.3662353515663,76.8072216796875,73.388818359375,84.715283203125,76.8357910156272,71.3958740234333,71.9090722656207,51.6676318359406,34.472578125001,53.9852441406203,-3.46354248046845
"5137",-3.44358154296906,3.45715850830109,0.491466064453169,6.54811462402402,4.81768615722699,9.01586547851643,16.7215759277359,25.7866894531273,42.0341796875038,59.3140136718785,72.070302734375,65.9282763671875,78.8788037109375,71.2597949218771,64.1926171874963,63.7828369140587,45.2210937500027,30.9731909179697,49.6196874999957,-5.23248046874954
"5138",-3.37124816894561,3.32209503173858,0.22818359375002,5.44390502929736,4.11857940673865,7.73153503418038,14.6780957031263,24.2145654296897,41.6602294921912,59.7666992187535,73.1352392578125,66.866962890625,79.0341162109375,70.487343750002,51.0699755859345,52.5137939453094,36.4011083984397,26.763498535157,42.3937597656213,-3.21610748290987
"5139",-3.51072052001985,2.71024414062524,-1.26834518432628,2.2109292602541,0.4187603759766,2.854108886719,11.5695715332042,22.7546948242208,42.1735156250038,64.1830371093788,79.26908203125,77.578759765625,87.70701171875,82.4948339843774,79.1076220703079,76.7461962890579,51.6765039062531,31.4723095703134,54.8188623046827,-3.82337158203092
"5140",-3.5095086669925,2.43547851562522,-1.66311325073257,0.840283966064528,-0.835573272705153,-0.160072479248061,8.7090441894539,21.1788867187519,39.2966992187535,62.3284521484412,77.503271484375,76.937705078125,87.754287109375,83.5722656250024,84.0329882812451,82.7827636718701,62.2452832031287,29.8676098632821,58.3986328124949,-4.6730499267574
"5141",-3.59608001709017,2.45046142578147,-1.75588012695328,0.858765869140702,-0.924535675048911,-1.46648452758802,7.71640747070381,19.0503454589861,37.6090820312534,61.1238378906286,76.6855810546875,77.1634130859375,88.73384765625,84.5815234375024,85.56747070312,84.32110351562,64.0483837890663,30.8312158203134,58.4726660156199,-4.85018127441364
"5142",-3.68271545410189,2.56144348144554,-1.90362487792986,0.58609127044683,-1.56743515014662,-2.90566162109401,6.22163879394587,17.1773522949234,36.5874462890658,60.5547509765661,76.685302734375,78.1879052734375,90.393271484375,86.6052246093775,88.7261035156198,87.5556933593698,67.498544921879,30.5261669921884,58.6285742187449,-4.6558218383785
"5143",-3.49384796142609,2.57725555419945,-1.46124816894544,1.69052352905289,-0.200476188659686,0.195596504211443,10.5999707031259,21.8004833984394,41.1048535156287,67.007871093754,81.4749267578125,81.791279296875,92.58427734375,88.2424902343776,88.2922558593698,87.5541992187448,66.112871093754,36.8609008789073,58.3851855468699,-4.93845153808551
"5144",-3.61097656250032,2.20625793457051,-1.64439285278335,1.09476119995127,-0.796709060669016,-1.29376464843762,7.83189086914132,19.774758300783,36.6417968750033,61.8467285156287,76.904755859375,77.71595703125,89.453857421875,84.2139062500024,83.8338574218701,82.9315820312451,59.9295019531286,32.2201049804697,52.8908544921829,-4.77013092040974
"5145",-3.6028601074222,2.23746444702168,-1.75554489135758,0.957607040405359,-0.979416122436611,-1.44872879028333,7.56704589843817,20.8308178710956,38.9174316406285,64.7026562500038,78.975966796875,79.9978515625,89.468486328125,84.5688671875024,83.9303320312451,83.497734374995,59.4000390625036,37.2933764648448,54.1311230468703,-4.48577453613242
"5146",-3.65016906738314,2.26576583862325,-1.44670730590833,2.01662796020526,-0.156834163665785,0.143969230651868,8.92301025390705,22.2025268554707,40.5572851562536,64.7062646484413,79.2894873046875,80.340185546875,89.184130859375,83.9340429687524,82.6634570312452,82.6173437499951,62.1905419921912,39.9517358398449,54.9255078124952,-4.76971862792927
"5147",-3.62750640869173,2.67118682861352,-0.30673530578616,4.67447021484417,3.52958892822297,4.94281677246138,11.8674841308604,25.6033154296898,43.9349169921914,66.9684716796915,79.2795751953125,78.136103515625,86.338642578125,79.3174072265648,76.2863476562455,76.414936523433,57.8298437500035,38.1145288085949,52.6289501953079,-5.18656799316361
"5148",-3.58300170898469,2.74620208740259,0.132960395813,5.2333099365239,4.72637298584026,5.85548156738334,10.0641082763681,24.4444726562522,41.1311669921912,62.5200927734412,72.9747314453125,69.3172607421875,77.903291015625,70.643466796877,61.6931152343714,62.8496923828088,43.5345556640651,32.2542602539072,44.3867480468711,-4.85537841796833
"5149",-3.62988250732454,2.56105743408226,-0.212218093872089,4.28906585693398,3.67375305175814,4.6132830810551,9.71872314453212,25.1965136718772,41.4645312500037,64.5833398437538,74.8562939453125,71.0848388671875,78.895,71.4639062500021,60.0980664062465,63.8202441406212,41.215395507815,31.5255322265634,45.467392578121,-5.09578552246049
"5150",-3.52399017334016,2.73160278320337,0.339387741088897,5.66524658203176,5.73848632812551,6.71383666992248,10.7737646484385,26.5224145507836,40.8839111328161,62.5825878906287,71.6312646484375,67.9148046875,76.1820654296875,68.715751953127,62.0365429687464,64.7597119140587,44.9885644531277,34.4872583007823,47.0333886718709,-5.96266174316354
"5151",-3.74825164794955,2.28977081298849,0.28899204254153,5.65108154296925,5.81647766113333,6.93648376464906,10.9774060058604,26.3132714843773,41.2461474609412,64.3815185546913,73.4031298828125,70.0272021484375,77.661123046875,69.853144531252,60.9407324218714,62.2891308593713,42.7704296875026,33.816601562501,47.6419531249958,-6.18455566406196
"5152",-3.5587796020511,2.55523178100609,0.365539169311556,5.74925720214895,5.87445739746146,7.53294738769598,10.1804028320322,26.8232373046899,42.4601611328163,65.7057910156289,74.400703125,71.4463427734375,78.1637890625,71.2446289062521,61.6807519531214,63.2670751953087,42.158286132815,31.7433959960947,48.1117382812458,-5.31713378906204
"5153",-3.44998413085968,2.48028274536155,0.373582191467318,5.77415954589895,5.89086486816459,8.42510375976638,11.7136303710948,27.2446826171899,43.2616552734414,66.4875000000039,75.0464599609375,72.1334765625,77.3921533203125,70.7461669921895,63.6901611328088,63.1708398437463,44.4869433593777,33.308740234376,49.0881591796832,-5.42562927246046
"5154",-3.46254852294953,2.38822433471701,0.353840255737336,5.87310668945365,5.64699401855519,9.12930541992269,9.8027795410165,27.7303930664087,43.5654931640664,67.165419921879,75.545029296875,73.611591796875,78.692392578125,72.4283056640646,66.7075341796836,66.4000048828086,45.6885644531277,33.5206005859385,51.5853613281205,-5.12461120605424
"5155",-3.45607238769562,2.46703018188499,0.594390220642143,6.21594909668024,5.00569976806685,8.56685607910233,10.6798168945322,26.8511621093774,41.4976464843787,65.4408789062539,73.910556640625,72.031845703125,77.1022265625,71.9340039062521,69.7702099609334,68.7107470703084,49.427060546878,34.215458984376,51.109038085933,-5.95542724609323
"5156",-3.62661926269564,2.40559249877951,0.378650512695346,5.29587402343797,3.61091369628938,7.33048278808659,9.19263488769613,27.2668676757837,43.3238183593789,67.9954150390665,78.0475732421875,75.9867041015625,81.865947265625,76.9227246093772,76.0809179687456,74.2370507812456,55.5146191406283,37.0657861328136,55.2804980468702,-5.84354675292918
"5157",-3.6417614746097,2.36124084472677,0.015292100906373,5.05666656494186,3.85699737548863,6.6081817626959,7.30034240722721,25.3123168945335,41.9172363281287,65.6048730468789,74.688544921875,72.03904296875,78.117392578125,73.4068945312521,73.0313574218707,72.1326806640582,54.3174462890657,36.4070483398448,53.2629101562454,-6.12743408203071
"5158",-3.8214410400394,2.13111755371113,-0.172321434021011,4.45582763671915,2.78769561767603,5.10766448974655,6.74625610351623,23.6583764648459,39.5249291992223,63.1290820312537,71.4232763671875,67.179013671875,75.1071533203125,70.339882812502,68.097314453121,67.287958984371,48.5268310546904,33.3357373046885,49.9927294921831,-5.88302673339792
"5159",-3.55905029296907,2.38397720336935,0.135662660598767,4.97962646484419,3.18497894287138,5.7123699951177,9.68369506836024,26.3119677734399,42.2485253906288,66.6744335937539,74.518076171875,69.580771484375,77.49228515625,72.4527539062521,66.1546044921836,66.4360693359336,47.7837792968779,35.5401708984385,48.0266162109333,-5.53975463867139
"5160",-3.62138854980501,2.2238183593752,0.095767974853524,4.91101196289106,3.38370147705108,6.44379882812557,10.5159863281259,25.8488671875023,42.5150683593788,68.195654296879,76.8172119140625,73.1278125,79.50052734375,74.5085742187522,67.1898388671836,66.5381445312461,47.8139013671904,36.8220947265636,48.9424707031207,-5.20381530761673
"5161",-3.52975097656282,2.48278717041038,0.41196495056156,5.60783447265675,4.39327667236367,7.50671691894598,12.4318359375011,27.5600073242212,44.8652978515665,69.6177832031291,75.651748046875,70.881865234375,77.6207958984375,72.2211669921896,60.0494238281215,60.2872167968714,45.3767089843777,35.3571020507823,45.578281249996,-4.61736145019491
"5162",-3.63240966796907,2.43177551269553,0.33774341583255,4.98071655273482,2.91398437500026,6.56600585937558,10.8052990722666,25.2342822265648,40.8476855468786,67.898984375004,74.0686328125,69.5728466796875,77.0359912109375,71.4516308593771,58.2333837890591,59.376645507809,42.9170410156276,33.1771142578135,44.5076708984336,-4.40584960937462
"5163",-3.55704162597688,2.60907470703148,0.301870460510281,4.51705047607462,2.16557205200215,5.82088867187552,9.15747924804769,23.1386499023458,39.304086914066,65.4568652343789,72.6622265625,70.4422900390625,78.0066162109375,72.9950585937521,66.5063769531211,66.2206542968711,49.437382812503,35.026298828126,46.5374755859334,-4.61028198242147
"5164",-3.65221160888704,2.4380796813967,-0.196932678222674,3.76268371582065,1.87904556274431,4.40860351562539,7.90463500976633,21.7975463867207,37.5294580078158,64.0585253906288,72.431064453125,72.87310546875,78.65021484375,73.8377880859396,68.466503906246,67.501474609371,49.1384912109404,33.5716235351572,48.0956201171833,-4.32132598876915
"5165",-3.55088134765657,2.57755126953148,0.063593750000006,3.97415405273473,2.51898590087913,6.06418334960992,10.0904870605478,23.6103637695334,38.3770190429722,63.1425781250037,70.789013671875,69.6702685546875,77.92072265625,72.0646044921896,68.3006298828085,67.047255859371,50.094306640628,35.2339331054698,48.0844921874958,-4.58391052246054
"5166",-3.57274108886751,2.70731384277368,0.20482826232912,4.8133093261723,3.83607421875034,8.36873168945387,12.832645263673,25.4087133789085,40.4923803710974,64.5523828125038,70.50814453125,67.86744140625,76.4539306640625,69.2584619140645,62.0799951171839,61.3903222656214,46.0841406250028,33.930986328126,45.1128808593711,-4.61870819091757
"5167",-3.72674163818393,2.58670288085961,0.341167945861847,4.84466857910199,4.07058624267615,8.41097045898512,14.901304931642,26.8220996093774,41.1989355468787,65.3361328125039,71.03642578125,65.65025390625,74.4225146484375,64.1319140625018,49.8273388671846,51.8303662109344,39.0976489257836,29.5577465820321,38.0867041015592,-3.887491149902
"5168",-3.71360931396518,2.42884552001975,0.141148710250867,4.76838134765668,4.09079223632849,8.32360534668043,14.524548339845,25.8795996093773,40.3527832031286,64.0499658203163,70.2402685546875,65.98509765625,75.2828076171875,67.1818066406269,56.4602490234342,57.3325390624966,43.5336279296901,31.4431054687509,43.1594091796837,-4.57488342285116
"5169",-3.58852020263704,2.35158966064474,-0.03194097042084,4.67327453613323,4.26355407714882,8.38111328125075,15.1927416992201,26.3451342773461,40.9327636718787,64.9664160156288,70.859267578125,66.43029296875,75.575966796875,67.3373242187519,56.5892285156217,56.1092871093717,42.117602539065,32.1228784179697,43.5608691406212,-3.9166400146481
"5170",-3.63534881591829,2.38650665283224,0.113846626281748,5.04845336914108,4.46586151123087,8.80021362304766,16.9955761718765,27.884536132815,40.5705688476599,63.6686718750038,67.6150390625,56.825908203125,66.122734375,53.9317480468766,36.1981469726541,40.1850048828101,32.0168066406269,23.7046435546882,34.4562060546845,-3.18361083984347
"5171",-3.78194641113315,2.19346649169941,-0.310537738800077,4.3604815673832,3.69575103759799,7.85147827148507,15.2732055664076,26.0642431640648,39.0038867187535,62.2908837890662,65.856904296875,55.4410009765625,66.5413671875,55.8290576171891,41.1175585937476,45.8878613281223,34.6625097656271,24.5686865234382,36.5023559570281,-3.6348336791989
"5172",-3.71755310058627,2.19564727783223,-0.123674898147594,4.51090759277384,3.6910632324222,7.71617675781319,14.8597314453138,26.1192211914086,39.0350781250035,62.0474902343787,67.0213720703125,58.4113671875,67.95216796875,57.7254687500017,41.5712646484351,46.2588525390598,34.5610595703146,24.0537475585945,39.2662036132778,-3.86205413818326
"5173",-3.80842529296909,2.28552520751973,-0.200862712860125,4.43258575439493,2.75819702148462,6.66330200195372,13.3821655273449,24.8574755859397,38.5134912109409,62.0247119140662,68.49662109375,64.80140625,75.1342578125,68.3362158203145,57.2326171874967,59.0611621093715,43.2567187500026,30.5564575195321,49.4833300781207,-4.23672729492151
"5174",-3.9100952148441,2.16726455688496,-0.169345340728775,4.67053222656292,2.7669653320315,7.36331115722722,14.6813806152357,26.6429858398461,40.6736987304724,63.7520410156288,70.46869140625,66.7190576171875,77.2491357421875,69.502343750002,56.9675146484342,58.9297363281215,42.7598291015651,31.2163647460947,52.1322216796829,-3.94222381591762
"5175",-3.9830673217777,2.17600158691426,-0.29865964889529,4.37553924560586,1.84490478515641,6.13722351074273,12.9079797363293,25.1434423828147,38.7443139648472,60.8648974609411,67.6487060546875,64.89060546875,75.75837890625,67.7322900390645,57.6269238281216,59.7146679687465,43.8905126953151,31.1859985351572,52.6470654296829,-4.89178314208942
"5176",-3.9359838867191,2.14277832031269,-0.152211875915541,4.217857666016,1.40449035644544,5.28834533691453,13.1881005859387,25.4553662109398,38.5010058593784,61.6453369140662,69.597724609375,67.80724609375,78.6929736328125,71.4601562500021,64.3831005859337,65.9906347656211,48.1471923828154,32.3965502929697,56.6323046874951,-4.73042968749959
"5177",-3.88886535644566,2.59289367675804,0.210086975097675,4.83837188720746,2.57185363769554,6.21995483398493,15.1405078125014,27.3118847656274,40.8721582031286,61.6213476562537,69.5222509765625,68.12958984375,78.5660546875,71.0313037109396,60.8024072265589,61.6721923828088,44.3945800781277,30.9964892578134,52.5729882812454,-4.00454559326137
"5178",-3.79991302490268,2.55965805053734,0.082534046173103,4.50218231201212,2.11545028686542,5.22997314453172,15.9927734375014,27.98663574219,41.5547851562537,63.8568652343788,71.1959521484375,69.884482421875,76.3562890625,68.913203125002,59.7735742187465,61.1214941406214,43.4540332031276,30.4105419921884,52.5900976562454,-4.29239471435509
"5179",-3.82968444824253,2.47001251220725,0.294763813018825,3.98728820800817,0.663017120361387,0.897293319702228,9.68320068359461,21.3226000976582,31.7103271484403,57.6394482421909,66.2865869140625,64.279697265625,71.764140625,63.7271435546893,50.782919921872,53.8358105468718,34.8150927734396,24.144982910157,44.3502587890586,-4.5454052734371
"5187",-2.23826019287129,5.00249237060592,0.708750686645571,6.65015991210997,3.4809246826175,4.94305175781294,12.8309094238293,24.0650634765646,42.1826660156288,78.9060156250047,77.8602783203125,83.951259765625,91.5259375,89.1870117187526,90.1320898437447,89.1193847656197,67.336220703129,47.0606787109389,59.0179101562448,-2.94994384765599
"5188",-2.10378219604511,5.23048950195359,0.926522750854575,6.80552673339905,3.86965911865269,5.76723999023489,14.0496533203138,25.9144677734398,44.1688085937539,80.5432812500048,79.652451171875,83.506787109375,90.570283203125,86.2408691406275,86.6990820312449,86.6300683593699,65.3294628906289,42.7364746093763,57.40053710937,-2.79933258056616
"5189",-2.24567626953145,5.48493225097705,0.82002250671394,6.93442443847718,4.33894470214882,5.88780090332084,14.2037304687513,26.0170922851586,43.2385107421914,78.3562304687546,78.561796875,84.7441015625,94.362705078125,89.5740429687526,89.0917968749948,88.5180664062448,68.3948486328166,49.0915625000014,58.1587304687449,-3.1700476074216
"5190",-2.14261901855488,5.63147644043019,1.35447402954114,8.33709472656324,6.32027343750056,8.75226013183672,15.5344958496108,26.1003222656273,42.6951074218788,76.1304199218795,74.7891796875,77.048603515625,86.584189453125,79.5188183593773,75.3516699218706,74.6556298828081,54.0631054687532,43.4122460937513,53.2487841796829,-3.39153015136689
"5191",-2.14652038574238,5.68842590332082,1.2291872406007,8.59820068359452,6.13549682617242,8.70894409179765,15.1452905273451,24.4871411132834,39.654799804691,68.9638232421916,66.9647119140625,67.2978173828125,76.8542626953125,69.440166015627,63.3285351562463,64.1383593749962,45.0650439453152,36.9550000000011,46.5514501953084,-3.17535430908175
"5192",-2.41594772338889,5.35169006347704,0.808678512573314,8.05596313476634,5.7410174560552,7.96427978515696,13.5455273437512,24.4815380859397,39.623354492191,68.7949414062541,67.0982470703125,67.042763671875,76.4997265625,69.117158203127,62.8570703124963,63.8702343749962,43.2870117187526,35.7514477539073,46.4124511718709,-3.28523254394503
"5193",-2.43817871093772,5.15310913085983,0.713090667724673,7.9950653076179,5.89780456543021,7.22520324707096,12.3287524414073,22.9694970703145,38.4195117187534,68.116865234379,65.84916015625,67.653154296875,76.411025390625,69.525087890627,62.5052734374963,64.4015185546837,42.2697167968775,35.4937744140635,45.706748046871,-3.0571456909177
"5194",-2.40398590087912,5.31453369140672,0.567815361023,8.00651367187571,6.22273071289118,8.02930297851634,13.6071875000012,24.0957348632834,40.4923046875036,71.6097753906292,68.9544140625,71.481826171875,78.2001513671875,71.5929199218771,61.2934814453089,63.3657763671837,41.0479882812525,36.4868359375011,47.0635302734334,-2.98291229248021
"5195",-2.34951293945333,5.01602050781295,0.601376495361382,7.77281982421944,6.05350769043023,7.94786132812571,12.5322656250011,24.7027001953147,42.1098925781288,73.9027685546919,73.0725244140625,76.010927734375,82.43146484375,75.8352148437522,69.4322607421834,70.6681640624958,48.2057861328154,40.2538818359387,50.8314062499956,-3.50043762207001
"5196",-2.44102767944358,4.77701477050824,0.431565322876015,7.20787597656314,5.03110137939498,6.67426208496153,10.662871093751,22.7900805664083,39.8298388671911,71.9920849609418,71.406552734375,74.0408203125,81.867880859375,75.1657714843772,65.2835937499962,66.3719335937461,43.1128173828151,38.4736962890636,47.4209960937459,-2.72727386474586
"5197",-2.44033905029319,4.48399047851603,0.478646507263226,7.22567443847721,5.21673950195359,7.08540344238344,11.9594006347667,24.4579589843772,42.3113378906288,74.2046484375044,75.158623046875,79.2589794921875,86.5177734375,79.8661718750023,75.4677343749956,76.147875976558,54.4718750000033,42.7593750000012,51.961459960933,-3.64929870605437
"5198",-2.55698150634788,4.15313537597693,0.214172401428242,6.85494384765686,5.03946502685592,7.09081359863344,11.9231079101573,24.1204736328147,44.1563818359414,76.0617578125045,79.0861083984375,83.76302734375,92.0779296875,86.2045019531275,82.9466503906201,83.4701367187451,61.8525439453162,46.3087646484389,54.7101757812452,-3.68552124023405
"5199",-2.68133148193383,3.91238830566441,0.0152196931839,6.17927062988336,4.20036407470741,5.26178955078172,10.5958581542978,21.8141015625019,41.7945458984412,73.6428857421919,77.1732568359375,81.33107421875,90.712646484375,84.8858398437525,80.1703369140578,80.8378466796827,55.1694335937533,46.0728515625013,52.5692333984329,-3.35984619140596
"5200",-2.67529052734399,3.73588378906283,-0.054929313659673,6.24981079101618,4.33340942382851,5.60536010742238,11.6009741210948,23.0087939453146,43.0576220703163,74.3150781250044,78.1767578125,81.5755517578125,88.74291015625,82.8336230468774,70.6582861328084,69.7743164062459,37.7770654296898,37.9054736328136,44.4402343749961,-1.59885955810533
"5201",-2.58521942138695,3.81440704345737,0.122968120574962,6.11489196777398,4.05554901123083,5.27734375000047,10.2760046386728,21.3411083984394,41.3703759765662,73.0319482421918,78.2666455078125,82.74552734375,90.77623046875,85.9482324218775,73.5531787109332,74.5020019531206,44.0222070312526,37.8243457031261,46.102958984371,-1.34898101806629
"5202",-2.56205963134789,3.67646606445345,-0.220253238677998,5.22712707519578,2.5000263977053,3.34157104492217,8.62658447265702,20.1753723144549,43.1756933593788,74.6183984375044,81.712041015625,88.479521484375,97.234384765625,94.5295898437527,87.7626269531199,86.7541894531199,47.5834326171903,38.8330200195324,49.4206347656207,-1.10724899291983
"5203",-2.75693389892603,3.28070526123076,-0.839021377563551,3.9586044311527,1.35708984375012,0.663345489502012,4.29221710205116,15.317066650392,38.3037988281284,68.197705078129,76.003310546875,82.369365234375,91.79306640625,88.7972167968776,79.0246972656204,80.3036572265577,40.9207153320337,28.9702880859383,42.5945751953088,-0.839510803222583
"5204",-2.7430947875979,3.16665313720731,-1.13521286010752,2.86727416992213,0.505016632080123,-1.61411804199233,1.18073616027843,10.3015429687509,30.9772045898465,59.8899316406285,69.6997119140625,79.330869140625,89.762978515625,87.9965332031276,80.3423925781203,79.9988574218703,38.1579638671898,25.9568701171883,37.2523046874967,-0.900996398925703
"5205",-2.72304412841821,3.04637115478543,-1.19195510864268,2.75629608154322,0.428800926208534,-1.71443435668961,0.445925407409708,8.30634765625074,27.0360668945337,51.4767529296905,61.2460009765625,70.27138671875,82.36677734375,82.4952929687524,78.7953710937454,80.3108935546827,48.1158398437529,26.4804589843758,37.5435546874967,-1.33838211059559
"5206",-2.79333648681666,3.00899383544949,-1.09218032836924,2.92545593261745,0.714632339477603,-0.627320709228572,2.5770870971682,11.7829272460948,32.5643652343779,61.9158251953162,70.49908203125,79.560830078125,89.995986328125,89.3302050781276,91.0662499999947,91.9788769531196,68.9911621093791,36.9891992187511,49.1952636718707,-1.44405868530261
"5207",-2.65423706054711,2.93063598632839,-1.1498535156251,2.61399383544945,0.696819992065492,-0.801564788818431,1.82393737792985,12.0751440429698,32.1735839843779,59.9142968750036,68.192265625,77.5260986328125,89.425439453125,87.7324023437525,90.9307617187447,92.2613281249945,71.1136523437543,36.5996337890636,52.3477929687454,-1.84841979980453
"5208",-2.85298889160182,3.15469299316434,-0.678734130859436,3.51251281738313,2.23160873413106,2.86474914550807,7.37802734375066,18.7153515625017,39.4531250000035,69.6896582031291,76.856474609375,83.358837890625,92.88552734375,89.2512207031276,89.3680761718698,89.0119140624947,61.3690576171912,38.2527026367199,54.4841796874952,-1.46784210205065
"5209",-2.71824859619165,3.68648010253939,0.364650955200228,6.15546203613336,5.84120788574271,8.05200988769603,12.0870410156261,22.464238281252,43.2595019531289,72.2274414062543,75.886962890625,76.48650390625,83.83744140625,78.3771484375023,68.587070312496,69.8361865234334,41.9000488281275,35.5250903320323,46.342294921871,-1.64163787841782
"5210",-2.7042242431643,3.5546731567386,0.574934005737356,6.13344848632867,5.34365234375048,8.03500976562572,12.9924096679699,21.909423828127,41.5936035156287,66.9677490234415,68.2743408203125,64.3148046875,72.0533349609375,65.9984765625019,48.3168164062472,53.1851806640593,33.4822485351582,27.6865039062508,35.4312646484344,-1.75349609374985
"5211",-2.68760070800805,3.79210083007846,0.790110626220774,6.03896484375054,5.04616699218795,7.92884826660227,13.69932373047,22.247636718752,42.9537304687538,69.3128027343791,71.6837841796875,68.9945947265625,76.785361328125,71.3471289062521,54.4651220703093,57.8920800781216,35.9540454101584,29.3659814453134,37.4532275390592,-1.99199249267561
"5212",-2.8326489257815,3.94785034179723,0.848964538574294,5.96699279785209,4.72048065185589,8.3954370117195,14.43750732422,23.0234814453146,43.6967187500039,68.8675830078166,72.0880712890625,71.2268994140625,78.7444921875,73.5120019531271,59.647924804684,61.9332958984338,38.5581396484398,29.5373974609384,39.8865844726528,-2.18683578491192
"5213",-2.87066894531276,3.72357421875033,0.71395545959479,5.55952026367237,4.43268249511758,7.93596252441477,14.054528808595,23.4761962890646,43.3862158203164,69.5409277343791,74.0159375,75.0277197265625,81.4636572265625,76.4479931640647,66.7909716796836,68.5012548828084,44.7491845703152,32.7522802734385,43.9310449218712,-2.58278015136696
"5214",-2.80574798584009,3.66927001953158,0.587698898315482,5.20312377929734,3.3290298461917,6.79924316406311,12.7078637695324,22.0030029296895,40.1895971679723,64.3023046875038,66.5984375,63.5650390625,72.554501953125,68.500439453127,52.5924853515594,57.9007373046841,36.2351855468772,26.0541796875008,38.6242724609341,-2.27630035400371
"5215",-3.00052062988308,3.82047637939487,0.78382827758796,5.1581536865239,4.2524914550785,7.39267700195378,13.9365466308606,22.6457104492208,40.7010766601599,65.1461572265664,67.7831201171875,65.4672802734375,74.2851318359375,69.356455078127,56.1636816406217,59.8862841796839,37.5330615234397,27.0736181640633,42.5953710937463,-2.45791213989236
"5216",-2.90270141601588,3.85376586914097,0.756133728027411,5.18510437011765,4.14833068847693,6.91572082519593,14.7441430664076,23.4916625976583,40.5003173828161,65.8663232421914,69.026904296875,68.461640625,77.2410546875,71.3461376953146,61.4391992187464,63.8084472656212,40.1668212890649,30.4567822265634,46.046982421871,-2.39158203124979
"5217",-2.95123748779323,3.80453460693393,0.598271598815971,5.03866516113326,4.1534109497074,6.72797729492247,14.15153076172,22.8079443359395,38.0281665039096,60.7748242187536,63.77728515625,62.31205078125,72.416572265625,67.2356542968769,54.6510205078093,58.257543945309,35.2256201171896,26.829582519532,44.0995605468711,-2.47238616943338
"5218",-3.07757415771512,3.53924285888704,0.245087184906028,4.30846893310585,3.64659179687533,6.32256591796931,14.8454150390638,24.6210253906272,41.6391210937537,65.4401855468789,69.466474609375,70.16849609375,77.7927294921875,73.1153515625021,61.7191650390589,64.5412011718712,38.1078613281273,30.1072802734384,48.4677539062458,-2.75159423828101
"5219",-3.24011169433623,3.57049072265657,0.531793975830126,4.80262603759808,3.97199493408239,6.31950561523494,14.6944213867201,23.1457519531271,39.8166552734411,63.9126513671913,68.627587890625,69.8694287109375,77.12865234375,72.2323437500021,64.7875146484337,66.768857421871,43.4192822265651,31.8510986328134,51.4909082031205,-3.43823699951142
"5220",-3.22695922851591,3.7665972900394,0.501028289794966,4.72618743896527,3.98178283691442,6.39083435058651,14.8038989257826,23.6388378906271,40.9717089843787,64.8151171875038,69.651689453125,71.6372900390625,78.39771484375,73.6548291015646,68.163876953121,69.2220556640584,45.2062939453152,33.666572265626,52.9620898437454,-3.60007568359344
"5221",-3.27456176757842,4.03027069091833,0.702744522094789,5.54621704101612,4.91479125976606,8.04047973632884,14.9344238281263,23.5568554687521,40.9141455078161,63.6211718750038,68.865322265625,70.487158203125,76.77693359375,72.5387939453146,67.4542480468711,68.5994921874959,46.7088574218778,33.1545678710947,52.3979638671829,-3.53043457031219
"5222",-3.39858825683624,3.71623840332064,0.671797485351622,5.58298095703175,4.69112060546917,8.88827209472736,15.5473999023451,24.6328100585959,42.1799609375038,64.8470019531289,70.5198828125,72.35296875,77.27908203125,72.5468798828146,66.3932519531211,66.968613281246,47.6041796875028,33.779150390626,52.5421972656204,-3.76996459960904
"5223",-3.32458404541045,3.84714172363316,0.705454101562563,5.7173797607427,5.24874267578172,8.85342651367266,15.5589941406264,24.9496997070335,42.9115722656288,65.1856738281289,71.763740234375,74.015810546875,77.9527978515625,73.1622753906271,67.533203124996,67.5837451171835,46.0208740234402,33.2783813476572,53.8719775390578,-3.42244262695283
"5224",-3.49762176513703,3.67186309814486,0.626480979919489,5.547583007813,5.2099945068364,8.37261779785231,15.262447509767,24.5228393554709,42.4137890625038,63.3221240234413,70.8394970703125,72.3325244140625,77.4587744140625,71.8939843750021,64.9721533203087,64.8495263671837,44.8147216796902,32.2352832031259,52.6963525390579,-3.70309844970671
"5225",-3.51512878418,3.4436898803714,0.363107109069857,5.04387878418014,4.79964813232465,7.8423242187507,13.5212145996106,24.2697949218772,40.9028515625036,62.1921728515662,69.49705078125,71.457890625,76.0259765625,71.1342919921896,66.7032324218711,66.4463037109336,47.4342089843778,31.7169824218759,52.0965673828079,-3.89251983642544
"5226",-3.4414340209964,3.41139862060577,0.499766883850142,4.84139312744184,4.31768096923867,7.36083618164128,11.8225073242198,23.5915771484396,39.7581176757848,60.2070898437536,67.42150390625,70.2502099609375,75.0231787109375,69.9598974609395,65.8475585937462,65.9605566406211,48.1881933593779,31.5239428710947,51.9540624999955,-3.98805664062465
"5227",-3.61976013183626,3.34953826904327,0.390376129150425,4.43467468261758,3.6823361206058,6.95952209472718,10.6368957519541,22.7652294921895,38.5613574218784,57.9331347656284,65.3341455078125,67.363984375,72.2377978515625,67.0149316406269,62.8448339843713,62.1388769531213,43.5447070312526,30.3840893554696,49.4024804687457,-4.36176940917931
"5228",-3.48407104492219,3.44205291748078,0.271781654357934,4.40880004882852,3.53140411376985,7.78932678222726,10.8679748535166,23.0534008789083,39.9363574218786,58.9044433593785,67.163671875,69.4878759765625,73.7257373046875,68.378945312502,66.4317578124961,65.7050781249961,48.5070214843779,31.7307250976572,50.0702441406206,-4.43283660888633
"5229",-3.47326751709015,3.62759552001986,0.265030288696313,4.58429016113322,3.97028961181676,7.90317932128977,10.8974389648447,22.7753979492208,38.3100195312534,57.1109667968784,64.979130859375,65.93681640625,72.9366796875,66.4377343750019,63.7887890624963,64.2478027343712,45.0542285156277,29.8162109375009,48.2850097656208,-4.42889923095664
"5230",-3.50200073242219,3.60003601074251,0.115554523468028,4.50350036621134,3.73987060546908,8.30399230957105,12.2262719726573,24.4423559570334,40.0669995117223,61.0167724609411,68.6510986328125,69.6360302734375,75.05265625,68.7766650390645,66.4831005859336,67.1524560546835,46.4252148437528,30.7494873046884,50.3742529296831,-4.01798065185512
"5231",-3.54915649414094,3.49858764648469,0.410235443115271,4.4456460571293,3.69835296630892,8.69143066406328,12.4385351562511,23.3671142578146,38.5720947265659,57.6012158203159,65.583388671875,65.69126953125,73.5902978515625,66.9561132812519,64.3587451171837,65.8565624999961,42.8399951171901,28.4802441406258,48.6848486328082,-4.21736938476526
"5232",-3.52939758300813,3.44188293457062,0.161091613769546,4.50532897949259,3.40510864257843,8.47367248535232,12.4533654785167,23.7825878906271,39.4741137695348,58.7466699218785,66.5241748046875,65.081259765625,73.980380859375,66.5104980468769,63.5538867187463,65.0157128906211,44.1029199218776,30.3201855468759,49.0581152343707,-4.39211059570274
"5233",-3.58970520019563,3.41712219238312,0.286220397949244,4.87280944824262,3.47864074707062,8.62405944824296,13.4109130859387,24.0718432617209,39.2057617187535,59.4277050781285,66.0217333984375,63.6743359375,73.6283837890625,66.0304052734394,60.9704589843714,63.6711376953087,43.3431933593776,30.9877050781259,49.4712988281207,-4.28006896972619
"5234",-3.58981628418001,3.33900817871123,0.363185462951693,5.21839904785203,3.90222198486363,9.15807739257894,14.8707641601576,25.0999438476585,40.1652490234411,60.0456054687535,66.0739453125,61.5614453125,72.0054296875,64.2867041015644,52.3137841796844,55.9428955078092,37.8821337890648,31.0240258789072,48.1417187499958,-3.55132354736297
"5235",-3.40459838867218,3.53176025390656,0.533921852111864,5.99059936523491,5.51990478515674,10.4075085449228,15.9557604980483,24.8744482421897,39.7782519531285,58.9428027343785,65.403671875,59.5045703125,69.685927734375,62.7867138671893,48.8362109374971,53.6301953124968,36.5873876953147,30.4421484375009,46.5551123046834,-3.2186526489255
"5236",-3.53868041992219,3.33404479980498,0.326600494384795,5.95377563476616,4.78750030517621,9.9572442626962,17.028198242189,26.7253759765649,41.4010351562537,61.5222167968786,64.666083984375,52.37728515625,66.0662060546875,60.6437304687518,36.1362207031229,46.3252441406223,32.1100610351582,28.7078588867196,42.6041113281213,-2.60670166015602
"5237",-3.60659362793001,3.47138214111359,0.411729507446326,6.2884613037115,5.16859436035202,10.3015100097665,16.8659069824234,25.786560058596,41.6113671875037,59.5855468750035,61.803525390625,50.918349609375,64.9697265625,59.8621191406267,36.9756005859353,45.7561328124973,31.6429785156269,28.3040209960946,41.8554345703088,-2.68608886718726
"5238",-3.53414916992219,3.4063183593753,0.41337104797367,6.42959289550839,5.79931579589895,10.7965588378916,17.8316882324235,26.4558251953149,40.3968115234411,54.1693994140657,55.37796875,42.698603515625,56.02083984375,53.012485351564,34.1743505859355,42.634174804685,31.2585595703144,25.7375683593758,37.9047924804654,-2.44048583984354
"5239",-3.55203430175813,3.43749633789093,0.409123458862341,6.53094299316465,5.90638122558646,10.2273767089853,18.4196044921891,26.9496142578149,41.8412695312537,58.728813476566,61.834560546875,51.9945166015625,65.333896484375,59.4113281250017,36.7099267578104,45.0300781249973,32.0680249023457,26.8016748046883,38.7895458984341,-2.62317382812477
"5240",-3.56325866699251,3.10049041748074,0.067422471046454,5.58880493164112,5.26791015625047,9.83787109375088,18.3858593750016,27.2851904296899,42.8596044921913,62.2743994140662,69.157841796875,60.5209130859375,71.7775830078125,62.3483349609393,34.064169921873,42.80197753906,30.7440039062518,25.4612792968757,34.8964599609345,-2.36961364746073
"5241",-3.42363983154327,3.18863708496122,-0.101775741577158,5.2187884521489,3.96931671142613,9.03322143554768,17.1492797851578,27.2333715820337,43.4534667968789,64.4527636718788,72.857724609375,65.830625,76.352548828125,67.536464843752,36.6095947265604,43.8357031249974,31.7193164062519,25.7783569335945,34.781025390622,-2.25919357299785
"5242",-3.54515258789094,3.23270019531279,-0.092375335693368,5.56935913085987,4.44929016113321,9.64265991211023,18.9084240722673,28.0817285156275,46.3021679687541,67.140859375004,76.747177734375,70.3086376953125,80.6571435546875,70.6667919921895,46.7579833984348,52.6478857421844,37.5888720703147,31.7812402343759,41.9103173828088,-3.15829711914035
"5243",-3.55137634277375,3.45520599365265,0.350923767089875,6.31930541992244,5.02344024658248,9.8087658691415,18.8480200195329,26.7276196289086,45.269589843754,65.0048339843788,76.307578125,72.941796875,84.508232421875,76.5571533203147,72.4612792968708,73.8241406249956,53.3297753906282,38.5575097656261,54.2807421874953,-5.09426391601518
"5244",-3.59858825683626,2.98397521972683,-0.269299201965356,4.66244262695354,2.46722045898459,6.86395751953186,15.6396704101576,26.1432812500023,44.878583984379,66.795146484379,79.264365234375,77.1903125,89.39583984375,81.6612841796899,80.8924999999953,81.5907421874952,62.2392578125037,39.8334277343762,60.2169433593697,-5.1849047851558
"5245",-3.54367797851594,2.98544250488308,-0.271847152709985,4.48376556396524,2.65164642334008,6.15095703125055,14.365661621095,25.1014843750022,42.7981396484413,64.5107812500038,77.4303466796875,74.604306640625,86.266767578125,78.2059277343773,68.565839843746,68.6488867187459,45.4483886718777,32.0682324218759,50.9190673828081,-4.25959381103478
"5246",-3.54838531494172,2.86388732910182,-0.701064453125062,3.35943725585968,1.0952505493165,4.19344146728553,12.4542016601574,23.2064331054708,42.5132958984413,65.9443554687539,80.0356494140625,80.113046875,91.51751953125,84.8908203125025,83.3892578124951,81.8127197265577,58.1187500000035,32.6218505859385,57.67647460937,-4.05918884277308
"5247",-3.64667938232454,2.67549499511743,-0.936720733642662,2.83185333251978,0.929865264892661,3.54296447753938,11.5529968261729,22.4470336914083,41.2478222656287,62.6851220703162,77.198955078125,76.710908203125,88.142685546875,82.2656347656274,83.4609374999951,82.5115722656201,62.4698144531287,35.5073193359385,59.9066992187448,-4.46810211181602
"5248",-3.63720214843782,2.37273849487326,-1.65831161499038,1.06589401245127,-1.22672508239757,-1.00276962280282,6.84368041992249,19.0475000000017,38.686704101566,60.8691455078161,76.0695654296875,77.496142578125,90.101240234375,85.1661132812525,86.8639160156199,87.0402343749948,67.9599951171916,32.3174023437509,60.7325585937447,-5.73159606933544
"5249",-3.70097961425814,2.38246688842795,-1.53184600830092,1.4248654174806,-0.31699321746829,0.417497558593787,9.32001403808677,21.0284863281269,39.0818554687535,63.8107031250038,78.449150390625,78.35296875,90.543369140625,85.0322656250025,86.447519531245,86.1658203124949,68.0947119140666,34.821269531251,60.0158447265573,-5.13821289062455
"5250",-3.71100280761752,2.61487274169945,-1.13344955444346,2.48794647216819,1.09622268676768,3.40617797851593,13.8617614746106,25.1511376953147,45.3828662109415,69.4831054687541,83.257783203125,82.603837890625,94.651865234375,88.2993164062526,88.9883886718698,88.7019921874948,68.4614746093791,38.8303564453136,60.5329345703072,-4.78128021240193
"5251",-3.77546203613315,2.55620193481468,-1.23710006713878,2.35645263671896,0.777519912719796,2.56908325195335,11.9060253906261,23.7665380859396,42.0677587890662,65.3833642578164,80.3761376953125,79.345439453125,91.45595703125,84.2937304687524,76.9516796874955,77.6186132812454,55.6187695312533,34.9465380859385,51.618950195308,-4.64279266357381
"5252",-3.69228912353549,2.3395184326174,-1.19218330383311,2.36230758667013,0.798214416503977,1.62191345214858,10.192413330079,22.433867187502,40.1132836914098,62.6128759765662,77.0631640625,76.37390625,88.64328125,82.3493261718774,80.2174658203078,79.6634179687453,57.0152880859409,34.8907983398448,51.878793945308,-4.84036346435505
"5253",-3.66364807128939,2.49575469970725,-0.858822555542069,2.92246307373073,1.48028503417982,2.39459442138693,11.1149462890635,23.7195019531271,40.9088720703161,63.2907812500037,76.90681640625,74.997919921875,85.6855078125,78.0005810546898,75.7811816406206,76.131694335933,53.2261035156282,32.4919970703135,52.0806347656204,-4.95228057861285
"5254",-3.75735168457065,2.56874114990257,-0.324620094299345,4.34137939453164,3.48039062500031,5.47842529296924,13.6884765625012,26.4561572265649,42.6391406250038,62.2757617187537,74.740947265625,71.628759765625,81.07736328125,73.2012060546896,70.9250390624959,71.4749609374958,50.769804687503,35.2353002929698,50.2437499999956,-5.28141784667923
"5255",-3.78667663574253,2.71001464843774,0.002750725746155,5.02479309082076,3.87723846435581,5.8420886230474,13.6495544433606,27.563071289065,42.7511132812538,61.1867187500036,73.2978125,70.824833984375,79.77306640625,71.0050976562521,67.2209570312461,67.7271044921835,49.456767578128,34.8367626953135,48.5000781249958,-5.29036010742141
"5256",-3.7360324096683,2.6850640869143,0.162536830902114,4.88246765136762,4.10439758300818,5.05838928222701,9.07839233398519,23.4194042968771,36.9446728515658,52.1611962890656,63.965400390625,57.46267578125,68.130224609375,60.2737500000017,49.8206249999971,53.8128662109343,36.5460107421897,25.7559814453133,38.7607861328091,-5.3449761962886
"5257",-3.74597473144565,2.57805969238304,-0.118085403442393,4.87967529296918,4.34939300537148,6.07946105957085,9.9923077392587,26.4175000000024,38.8767016601597,57.7876660156284,68.386796875,62.60158203125,71.4648046875,63.5788769531268,50.523349609372,54.9364257812467,37.2817382812522,27.6478247070321,40.7314550781214,-5.00886840820269
"5258",-3.75197509765658,2.45778137207053,-0.071214399337775,4.47287658691446,4.70811004638714,6.12414001464898,11.3598388671885,27.875043945315,40.8001245117224,60.6780908203161,70.8605224609375,64.9931494140625,73.560419921875,65.3127099609394,52.3854541015594,56.3047509765592,37.868728027346,29.0449218750009,42.3935888671838,-4.7559405517574
"5259",-3.70303192138705,2.40145462036154,0.294318923950222,5.43787170410205,6.02269470214897,8.20330200195386,12.8541723632824,28.7986889648463,41.9202148437537,62.2595507812537,72.8716748046875,66.75693359375,74.791533203125,67.1645068359394,57.1543017578092,60.5507910156214,42.18401855469,31.0785839843759,46.3711230468709,-4.41801025390586
"5260",-3.86513732910191,2.28457122802755,0.070111017227179,5.2876037597661,5.90924987793021,8.73410034179765,12.4578076171886,27.3720434570337,41.2646777343787,61.8790380859412,72.040068359375,66.6166845703125,73.1654345703125,65.0127441406269,51.6321044921845,54.8367626953092,37.8893310546898,27.9369970703133,45.441630859371,-4.42740295410118
"5261",-3.87649230957066,2.13500976562519,0.106283836364756,5.36755249023485,5.67629699707082,9.49366699218835,11.120458984376,26.5641137695336,40.3726953125036,60.9061474609411,71.3997998046875,66.8021240234375,73.758447265625,65.7653906250019,56.5841210937467,58.235668945309,40.1960058593774,27.9918725585946,47.7209130859333,-5.10546783447221
"5262",-3.69398864746127,2.17840850830098,0.215750007629414,5.49993530273487,5.8448571777349,10.4844409179697,11.1472717285166,27.8453930664087,42.6809326171913,62.4001806640662,71.76162109375,66.361796875,73.30603515625,65.8801367187519,58.6187011718716,60.2225683593714,43.5102392578151,29.5016918945321,48.6968945312457,-4.85016113281208
"5263",-3.7395611572269,2.2100878906252,0.59509803771978,6.28242553710994,6.85801635742249,11.055537109376,12.3823486328136,28.7499853515651,42.8961474609413,63.0733496093787,72.2039306640625,68.8669775390625,74.8665625,67.562070312502,64.7046191406212,64.7455468749962,48.0642285156279,30.1990332031259,50.6415624999956,-5.31931823730422
"5264",-3.69798858642611,2.49840972900413,0.509107742309616,5.91718750000053,5.92865478515678,9.99886352539152,12.1536389160167,29.6429272460964,43.8726904296914,66.5705859375039,75.693525390625,73.2700634765625,79.9919482421875,71.8787695312521,68.3369482421835,67.9570458984335,51.2218896484406,32.6953295898447,53.3704882812453,-5.08820068359331
"5265",-3.80247161865268,2.22878372192403,0.264137859344506,5.05083374023483,4.89483062744184,7.8095458984382,9.03909179687581,28.0558496093775,42.0018457031287,64.6908837890663,73.7120654296875,69.7628076171875,77.003369140625,69.891494140627,66.2956787109336,66.1994238281211,49.6968115234405,30.3124780273446,50.9983789062455,-5.14118225097611
"5266",-3.8416119384769,2.20405059814473,0.354289512634309,5.01446655273482,4.3860772705082,7.53627197265692,9.5029858398446,28.08556152344,42.2640771484413,66.2611474609414,74.582783203125,70.407978515625,78.19376953125,71.1131250000021,67.1404980468711,66.3796679687461,50.1604541015655,31.9992333984384,53.1450439453079,-4.83910400390583
"5267",-3.65458618164095,2.16830566406269,0.090145378112801,4.56578002929728,3.93596343994176,6.90601928710999,9.28505981445395,27.8365991210962,41.3931738281287,65.2780908203164,73.02236328125,67.921591796875,75.6020947265625,69.261933593752,62.7126025390588,63.1958984374963,48.6527685546904,31.5476049804697,48.4871630859333,-4.96388916015582
"5268",-3.55112213134797,2.36845825195334,0.09295063972474,5.1467816162114,4.69902191162151,7.59051818847724,10.0329205322275,27.0618847656274,40.4436694335974,62.8879199218787,69.168544921875,61.3374755859375,69.291748046875,62.9837841796893,46.5508496093723,50.805214843747,40.9483471679712,27.8543579101571,40.625102539059,-4.25620239257775
"5269",-3.61536956787142,2.47670501709006,0.196307582855242,5.31341125488329,4.83148376464887,7.98313110351634,10.5093518066416,27.6171386718775,40.7119189453161,63.3192382812538,69.9504248046875,65.45978515625,72.301484375,65.7505175781269,57.7781787109341,58.659252929684,45.7236523437527,30.6654736328134,45.8657373046835,-4.55998474121054
"5270",-3.55994018554719,2.43060317993186,0.199800243377703,5.33058410644579,4.89919921875044,8.60451293945389,11.7869531250011,28.40519042969,40.9629199218787,64.7534130859413,70.26853515625,64.369609375,71.41603515625,63.8670996093769,49.7031591796846,51.8574804687469,42.3331445312525,29.3226708984384,42.4368994140588,-3.73182800292936
"5271",-3.56657867431672,2.69124114990258,0.132895298004162,5.2370111083989,4.45517028808634,7.94213623046946,10.981972656251,26.6414721679711,40.1135571289098,62.4602978515662,67.933720703125,62.116064453125,70.1670703125,62.5318359375018,50.0873144531221,52.8939648437469,41.85241699219,27.7340454101571,39.3607202148403,-3.97503479003871
"5272",-3.67936920166048,2.75259857177759,0.211230258941669,5.25331420898484,5.0757153320317,8.22215698242261,12.1589514160167,26.6785302734399,40.7271582031286,64.1373242187538,70.186025390625,65.9659326171875,73.687353515625,65.5072949218769,53.1135156249969,54.3728027343718,42.9783691406276,29.3008251953134,41.0672314453089,-3.73912963867155
"5273",-3.6254104614261,2.63950439453148,0.236317825317404,5.18242065429734,5.09216491699264,8.77068237304766,13.7707922363294,28.6038793945338,43.0318310546913,67.724736328129,73.351787109375,70.0696435546875,77.1119140625,68.816718750002,60.5902636718715,60.0620703124964,46.9210937500028,32.4285937500009,46.1271435546835,-3.23942687988253
"5274",-3.71428405761752,2.73411499023462,0.326323928833037,5.64496948242238,5.52047607421924,9.39174438476646,14.3470983886732,28.3609179687525,42.5604052734413,66.2949609375039,71.2577294921875,68.18859375,75.1214990234375,66.4043310546894,56.2388330078092,56.5848876953091,45.0618164062527,31.1005151367197,43.9475683593712,-3.11498596191379
"5275",-3.81701904296909,2.45433837890647,0.254262695312523,5.02214477539107,4.88331146240278,8.16898681640698,13.95768310547,27.4503320312524,41.1998388671912,66.4379882812539,71.7990673828125,66.566396484375,74.3178125,65.3596044921894,50.5433203124971,53.4225781249968,42.02507324219,29.9731298828134,41.6467529296839,-2.74736450195289
"5276",-3.67370239257845,2.62879302978539,0.458788948059123,5.52332214355518,5.14062561035202,8.60327880859452,13.6527038574231,26.2700708007836,39.3098022460973,64.2106494140663,70.141650390625,66.334462890625,75.15205078125,67.1521093750019,57.1997363281217,58.896977539059,45.0426220703152,30.7703442382821,45.0722753906211,-2.94010528564427
"5277",-3.64097717285189,2.68448486328149,0.208970794677753,5.36940734863329,5.39519409179736,8.84960083007891,15.319830322267,28.03259277344,40.9728662109412,65.9518750000039,71.3097216796875,68.199140625,76.299189453125,67.958349609377,57.2396044921841,58.5471777343715,46.0331054687528,31.8600415039072,46.0463720703085,-2.91168518066381
"5278",-3.57899261474641,2.54275909423851,0.162612934112563,5.11362121582077,5.20208679199265,9.03412475586018,15.6084387207045,27.782250976565,40.4563671875036,63.9035009765663,68.526064453125,63.09357421875,72.730634765625,64.2449902343769,54.2758398437468,57.3929101562466,45.1014550781277,29.7188989257821,44.6200097656211,-3.15993072509738
"5279",-3.72474060058627,2.44403717041037,0.153317050933852,5.03799316406295,4.9341949462895,8.76758728027422,15.8063452148452,28.1470507812525,42.4196435546913,66.5789794921914,72.0790673828125,68.39888671875,77.362861328125,69.5452099609395,60.5375683593715,63.1670703124963,49.965126953128,33.4533642578135,50.4841796874956,-3.56932830810516
"5280",-3.67633239746127,2.56641601562523,0.237081527709982,5.50062683105518,5.40529052734423,9.64868530273523,16.7812084960952,28.6188745117213,42.3877734375038,65.0673046875038,70.562919921875,65.966923828125,75.3262158203125,67.636445312502,57.9142675781216,60.7988232421839,47.4155322265653,32.3024560546884,50.2037890624956,-3.7315686035153
"5281",-3.73605438232455,2.5336560058596,0.383270149230991,5.40794006347704,4.51672668457072,8.79110412597735,15.5826049804701,27.9184375000025,41.9383056640662,64.4665039062538,70.7068505859375,67.2562255859375,76.5642724609375,68.532792968752,59.1911914062465,61.6959374999963,46.2404199218778,32.0849829101572,52.1972460937454,-3.78725463867154
"5282",-3.72347076416049,2.46840560913108,0.344828186035187,5.47790710449268,3.8256646728519,7.99802612304759,14.6418322753919,26.9296240234399,40.9144897460974,63.2217773437538,69.9640869140625,65.829033203125,75.454609375,67.4946044921895,56.6837011718717,59.9913232421839,44.8819726562527,30.3336840820321,52.1728222656204,-3.59659790039031
"5283",-3.72411804199252,2.5126240539553,0.35426280975345,4.90487396240278,2.93573425292995,6.98217712402406,13.99553466797,25.9612207031273,40.6053515625036,61.5983789062536,67.8466015625,63.565009765625,74.04310546875,66.5197363281269,57.1149804687467,59.9268896484339,44.2777392578151,29.0395019531258,51.475756835933,-3.62512725830047
"5284",-3.6890158081058,2.64875244140649,0.539868965148974,4.83816467285199,3.28920715332061,6.9115399169928,14.6081201171888,27.6252636718775,41.1537744140662,62.7902929687537,69.502607421875,67.6127734375,77.9469970703125,69.1671044921895,62.5000683593713,64.2369970703087,49.0138574218779,31.4402563476572,55.2826904296827,-4.28648101806603
"5285",-3.4531723022464,2.92555847167995,0.784032897949289,5.19343505859421,3.85022186279331,7.15683471679751,15.9826110839858,29.8655664062527,42.3373876953163,65.2047949218789,71.59609375,71.364677734375,80.702080078125,72.5915332031271,66.1193652343711,66.6147998046836,51.1100244140656,34.049804687501,57.329726562495,-4.57863525390585
"5286",-3.5734182739261,2.841970214844,0.581445236206107,4.74858886718792,3.11322662353543,5.3656799316411,15.6545642089858,27.9676879882837,40.0889941406286,61.5214257812536,66.804130859375,64.81724609375,75.441044921875,66.3157226562519,58.0732177734341,59.3692578124965,43.4027392578151,29.1660546875009,51.7654980468705,-5.64697509765576
"5287",-3.37239929199249,3.17802795410185,1.30486404418957,5.88009277343802,3.30312255859404,4.36509979248086,13.9591223144544,26.0059716796898,35.2614575195344,59.5461621093785,65.8897216796875,63.694228515625,74.11154296875,65.6749072265644,55.7712890624967,58.0834033203091,40.7216357421899,27.5624731445321,48.7961083984332,-5.39601379394484
"5296",-2.16920364379902,5.05394470214889,0.8473156738282,7.16894042968814,4.40338500976602,6.87992675781311,13.7204199218762,23.9564990234396,40.6382324218786,72.7181494140668,71.20478515625,75.3689892578125,82.35044921875,79.2591748046898,75.5362304687456,74.7776123046831,50.6603466796905,40.7515380859387,51.923774414058,-3.67464111328093
"5297",-2.03254058837909,5.13893798828171,0.936472702026451,7.60505554199286,4.84847351074262,7.57378601074286,14.0933032226575,23.9140551757834,40.9437109375037,75.600766601567,73.915244140625,76.2751171875,83.003564453125,79.8582763671898,78.9862207031204,78.8608398437453,56.4085156250034,39.7698510742199,53.6048779296828,-3.03806152343723
"5298",-2.06205993652362,5.07487731933639,0.807976989746166,6.99226928711,4.24309814453163,5.18089111328171,11.6925708007823,22.5252685546895,36.8782934570345,69.0874853515666,68.440166015625,71.559541015625,80.4759375,76.6299951171897,74.0700146484332,73.6914453124956,52.1032617187531,37.4256494140636,50.0393701171831,-3.65301605224577
"5299",-1.98136657714861,5.09401428222702,0.775523834228585,7.22859741211002,4.53892028808634,5.60173095703175,10.9757275390635,21.0041040039081,35.6833886718782,65.4373437500039,63.261689453125,64.729970703125,74.2402001953125,69.169013671877,64.6422607421837,65.0864355468711,40.9098901367212,33.312128906251,45.272304687496,-3.68103942871062
"5300",-2.06497955322284,5.2172259521489,0.936167831420982,7.84960144043039,5.71142089843801,7.32444946289128,12.7900830078136,22.6430395507833,36.3015161132845,65.4321044921914,62.8763427734375,63.3266845703125,73.3410986328125,66.3277246093769,58.3550195312466,59.2262890624965,38.4179199218773,32.2840576171884,43.4980908203087,-3.58714630126922
"5301",-2.07009506225604,5.21366333007859,0.906526641845784,8.04315673828197,5.98563171386772,7.41906799316472,13.3489941406262,24.0021166992209,38.1029052734409,65.9214843750039,64.10103515625,65.8645654296875,75.748505859375,68.786474609377,62.2601708984339,63.4203466796837,40.9870703125025,33.129951171876,45.429140624996,-3.57676879882781
"5302",-2.12314666748066,5.1453656005864,0.777310104370187,8.18951049804761,6.40802490234432,8.10596740722729,13.4043627929699,23.7760302734396,39.9616088867223,68.9619628906291,67.6648291015625,69.6503369140625,77.1618310546875,70.465732421877,59.0026562499966,59.501977539059,39.8813281250024,33.5286547851572,43.4212548828087,-3.17417816162082
"5303",-2.18633392334004,5.0678784179692,0.636617279052791,7.92258544921946,6.46511657714901,8.2637506103523,13.4538720703137,24.4858105468772,40.5714013671911,70.2958349609417,68.38474609375,69.5756201171875,75.834619140625,68.897451171877,52.7982958984344,54.4914208984343,32.821074218752,31.6763500976572,38.8540649414029,-2.29002563476543
"5304",-2.17441345214863,5.03640441894576,0.565818061828664,7.77378417968819,6.10174316406304,8.26528503418042,13.7128454589856,25.160563964846,42.3418750000038,72.0199755859418,71.338427734375,75.3525341796875,81.6275439453125,75.0649658203147,66.6191308593711,68.5692187499959,45.5187988281277,36.4495898437511,48.5959521484333,-2.97503204345677
"5305",-2.25851852417012,4.83556396484418,0.747610015869207,7.89655578613352,6.67019836425841,9.2557751464852,14.270349121095,26.3840527343774,43.6148046875039,73.3404296875043,73.3176220703125,76.0230908203125,82.449384765625,75.3018164062522,61.2702441406214,62.3605859374963,40.0357592773461,35.704843750001,42.8037207031213,-2.4135089111326
"5306",-2.29416107177755,4.66971832275432,0.618279113769586,7.7323077392585,6.13583007812555,9.13642822265706,13.70752685547,25.8146875000023,44.3884912109415,73.7261865234419,74.1412744140625,77.5209912109375,84.34236328125,76.9151757812522,71.2314257812458,71.7866796874957,50.658681640628,40.1498828125012,49.6871582031207,-3.22811950683566
"5307",-2.35282287597677,4.26448913574257,0.61572704315191,7.73965087890694,5.91214416503959,8.78739013671953,13.6542504882825,25.172780761721,44.1663671875039,72.8622900390668,74.16708984375,77.7944140625,84.27224609375,77.7715136718773,72.0085644531208,73.3405664062457,52.0908837890656,40.1380517578137,50.5011474609331,-3.67023010253874
"5308",-2.35307983398459,4.166607666016,0.463584518432659,7.06510070800844,5.39554321289111,7.01871582031313,12.2981115722667,23.0469360351583,41.5206250000037,71.0538330078167,71.485478515625,73.1260791015625,80.595361328125,72.9600341796896,54.0988964843718,55.6302929687467,35.9941406250022,33.4595776367197,39.1520947265591,-2.68499999999977
"5309",-2.39839553833029,4.00055938720739,0.48623458862309,7.23099975586002,5.82953125000052,7.54376037597724,12.3261328125011,23.5905590820334,42.4439160156288,71.7413037109418,73.4522900390625,75.3037548828125,82.03111328125,75.6614355468772,61.1886962890589,62.3285937499963,38.6880664062523,36.2770239257823,41.9833984374963,-2.44685394287088
"5310",-2.36458786010763,3.95384613037145,0.700963363647523,7.27263061523502,5.10132629394577,7.56794616699286,13.1577355957043,24.4275366210959,42.7544433593788,72.0010253906293,74.54806640625,76.408115234375,83.518681640625,77.5138916015648,57.8760839843716,58.1930175781215,34.8728857421896,33.049306640626,38.7303540039029,-1.75151504516586
"5311",-2.33543975830099,3.94571502685582,0.646792144775448,7.11064147949282,4.76355377197308,7.720574340821,12.823143310548,25.0487500000022,45.108515625004,74.7701220703169,79.173173828125,81.8422802734375,88.5854296875,83.3642871093774,72.2121289062458,71.5993261718708,44.5926025390652,37.5380615234386,45.3918798828085,-1.95856857299788
"5312",-2.49172012329124,3.67643615722689,0.223151035308858,5.77408447265676,3.77496185302768,6.16241210937555,11.1041748046885,22.4532470703145,44.8089794921915,74.0144335937544,79.967216796875,82.68048828125,89.74646484375,84.2596484375024,71.5010400390583,71.8051513671832,42.8210449218776,34.3214379882823,44.3226123046836,-1.19920471191396
"5313",-2.44290466308616,3.46601348876984,-0.202737159729022,5.01890899658248,2.75261169433618,4.47495849609415,8.61377075195389,20.4778454589862,44.4049072265665,73.8111132812544,81.4099072265625,86.2836328125,94.70345703125,89.7666796875026,83.2379882812451,83.76979492187,49.7590185546905,36.0733813476573,50.4505029296831,-0.763895874023371
"5314",-2.61835540771508,3.13632568359403,-0.971085357666102,2.97498046875027,0.808165817260814,-0.844273910522536,1.12676361083994,10.1109735107431,30.0008984375027,56.1187109375033,67.2249169921875,76.929658203125,90.00037109375,88.7939062500026,90.8469824218697,91.9085253906195,69.8082275390667,31.1844677734384,49.3657714843707,-1.33759292602527
"5315",-2.64231750488305,3.12093658447293,-1.11081550598154,2.59628845214867,0.598564453125053,-1.54753936767592,0.172802124023453,8.44103210449294,27.0450146484399,51.4223193359405,61.243291015625,70.43455078125,84.6163671875,83.6846875000024,86.8542578124949,89.2974804687447,67.294716796879,25.5662084960945,45.1606738281211,-1.36510437011707
"5316",-2.52543777465843,3.0587072753909,-1.00945625305185,2.66345916748071,0.866449356079179,-0.237504844665549,2.23098037719747,12.4880053710949,33.3206274414092,61.7937890625037,71.183046875,80.242294921875,90.7932421875,89.2437207031276,92.9426953124946,95.2214843749944,77.6323681640671,35.461552734376,55.2238574218702,-1.41717834472644
"5317",-2.57718078613304,3.17179962158231,-0.848589706420974,3.1298205566409,1.46781082153333,1.6302514648439,4.01248291015661,15.5919995117201,36.1705029296907,65.9334570312539,74.5264599609375,82.109658203125,91.839521484375,88.8790527343776,91.6936230468696,92.8693066406195,74.8594921875045,32.0291870117197,57.2551416015575,-1.31021804809559
"5318",-2.46309738159202,3.6684738159183,0.204399223327655,5.37315368652392,4.33136322021523,6.65751281738341,10.0506658935556,20.2080895996112,40.2317138671911,69.6299169921916,75.0494775390625,77.28626953125,86.606796875,81.2537744140648,80.6926269531203,82.2610742187451,59.057280273441,34.7579931640635,53.0178808593704,-1.32513473510731
"5319",-2.48064239501975,3.65114929199251,0.641273803710995,5.86704589843802,4.77092590332074,7.41181396484441,12.470291748048,21.7632104492207,41.6986425781287,68.8766064453166,72.0413671875,71.9526171875,79.769921875,74.8756738281272,68.5547802734335,71.1108789062458,46.8083203125028,34.1013427734385,44.8968603515586,-1.87207244873031
"5320",-2.54157608032249,3.87481567382847,0.661648712158262,5.74886718750051,4.38714935302774,7.10447998046938,12.9770520019543,22.3739404296895,43.6266259765664,71.5359619140667,74.897802734375,74.6769091796875,82.92013671875,77.4627832031272,70.6898291015584,71.7038183593707,46.6584472656278,32.9161376953135,44.7769335937461,-1.68076232910142
"5321",-2.62926879882836,3.9258032226566,0.728730163574284,5.50931274414112,4.20692138671913,7.4526312255866,13.5503564453137,22.910458984377,42.6923876953163,69.3609765625041,73.2421142578125,72.755966796875,79.635087890625,73.9292919921896,63.2939453124963,65.0944726562461,41.8709765625025,29.6922412109384,41.4714257812464,-1.61113311767564
"5322",-2.73940704345728,3.96970489501989,0.726241989135807,5.33909484863329,4.04171844482458,7.22373962402408,13.5963537597668,23.7897436523459,42.2995947265663,68.5662597656291,72.08587890625,71.209453125,78.015966796875,72.6346582031271,62.1542333984339,64.7525537109337,42.340102539065,29.6665136718759,41.5510742187464,-1.85608703613265
"5323",-2.70483734130883,3.91175994873082,0.685528488159241,4.86678894043012,3.42378082275421,6.75139343261779,13.1384802246105,22.6093920898458,40.6975830078161,66.2143457031289,70.226494140625,69.88810546875,78.3386572265625,73.4660839843771,67.2304003906211,68.264345703121,44.3129687500026,29.1877539062509,42.8784374999963,-2.2726205444334
"5324",-2.83627655029322,3.80904663085972,0.716671142578189,4.54595733642619,3.38487365722687,6.00164733886772,12.7929333496105,22.0088110351582,39.8576757812536,64.5113623046913,68.564033203125,67.383935546875,76.127578125,70.8010644531271,60.9037988281214,63.3718749999962,38.1499951171898,25.975451660157,41.7272265624964,-2.60071777343727
"5325",-2.80214294433619,3.82519531250034,0.575460815429739,4.31099334716835,3.30719055175811,5.80259643554739,12.810584716798,22.148281250002,38.915268554691,60.5106884765661,63.0724169921875,59.8062890625,70.548388671875,65.7485595703144,52.4322460937469,57.2476953124966,34.5381811523458,23.8324023437507,39.5190039062466,-2.35747909545878
"5326",-2.8893450927737,3.76127288818393,0.508120269775436,3.93614654541051,2.97655273437526,5.21561706543015,12.4754833984386,21.7939086914082,38.5179394531284,61.6119677734412,65.7405029296875,64.2229443359375,75.038544921875,69.177460937502,56.6234619140592,60.0342675781214,34.9194335937521,23.3595678710944,40.6960693359339,-2.47141372680642
"5327",-3.08552764892606,3.55983276367219,0.250196533203147,3.73118835449252,2.93655090332057,4.98899902343794,12.8334277343761,23.1029199218771,40.1854125976598,63.2701025390663,67.938779296875,67.311201171875,77.10291015625,71.6707812500021,62.2145996093714,66.1332812499961,37.8261572265648,25.2194433593757,44.9148632812461,-3.33394104003877
"5328",-3.18422546386747,3.57307312011751,0.605990066528374,4.39467529296914,4.0574993896488,6.51088989257871,14.4991748046888,23.6909838867209,40.7207519531286,64.5632861328163,69.435419921875,71.191201171875,78.2825390625,72.7505126953146,65.2666943359337,66.796249999996,41.082211914065,28.4199853515633,47.0208691406209,-3.75116424560514
"5329",-3.27644866943389,3.88337341308628,0.862487182617265,4.78837524414105,4.13568908691443,6.49131591796933,15.1660644531264,24.5501953125022,41.2901562500037,65.6532128906289,70.06513671875,71.5892236328125,77.830029296875,71.6073388671896,62.7418603515588,64.0288769531212,38.2895996093773,29.1457885742196,46.6079931640584,-3.42896514892548
"5330",-3.35312591552764,3.79581420898471,0.595077323913627,4.23950103759803,3.53363861084016,6.23861511230524,13.9807409667981,22.8906665039083,38.6359960937534,63.5089746093788,69.197119140625,71.373671875,78.5840185546875,73.3398486328146,68.655136718746,70.1997656249958,46.0926367187528,29.4775537109384,48.9378906249957,-3.64713745117156
"5331",-3.20493041992216,3.76471984863315,0.593899688720756,4.47059356689493,3.54295837402375,7.3718695068366,14.3426660156263,23.9093408203146,39.484243164066,63.5333105468788,69.440126953125,71.6081689453125,77.50404296875,71.8873632812521,67.1133105468711,68.2804931640585,44.9680957031277,28.9519775390633,49.6927050781207,-3.66056823730437
"5332",-3.25571472167998,3.82507659912143,0.870615081787187,4.85283691406293,4.4992578125004,7.48405822753973,15.1671264648451,24.0999975585959,40.7840405273474,64.0758300781288,69.9445166015625,71.8131787109375,76.1438916015625,70.215546875002,64.7740917968712,65.7371874999961,43.3186816406276,28.5364819335946,48.7593457031207,-3.70493255615202
"5333",-3.50593139648469,3.72518005371127,0.753700714111395,4.77083129882855,4.34825134277383,7.38245239257878,14.7422790527357,24.0407739257834,41.2424560546912,62.5531933593787,69.2047509765625,70.4752490234375,74.2547802734375,68.3988330078145,62.1869238281214,62.7837597656213,43.8009033203151,28.2035839843758,48.7205761718707,-3.69331787109343
"5334",-3.62100341796907,3.57995422363313,0.419139785766639,4.54743591308634,4.08615325927771,7.72420043945381,15.5599047851576,25.3999853515648,42.5413867187538,65.0026757812538,72.5440380859375,74.241064453125,78.685703125,72.8419335937521,69.3941406249959,69.6271093749959,50.082861328128,30.0349829101571,53.0355664062454,-3.52272918701141
"5335",-3.50470581054719,3.54887023925813,0.4859658813477,4.54438049316447,4.05394165039099,7.81992980957101,13.2423278808606,23.4432861328146,39.522895507816,60.5873535156286,68.980126953125,70.51966796875,75.5714892578125,69.150058593752,66.3714062499961,66.7645312499961,48.0106250000029,28.3026367187508,50.3189941406206,-3.98400054931606
"5336",-3.49850372314484,3.51753631591828,0.234986305236837,4.02979827880895,3.10568572998075,6.71765319824279,11.9854614257823,23.0945288085958,38.9366406250035,60.9239355468786,69.2541015625,71.2492236328125,76.201279296875,69.5851123046895,64.5465722656212,64.6166992187462,43.6862402343776,27.6490258789071,48.7017431640582,-3.67013519287077
"5337",-3.55871307373079,3.45736755371125,0.07067905426026,3.5588333129886,2.69837921142602,6.4190295410162,11.299423828126,22.4592456054708,38.3968164062534,61.7017773437537,70.204658203125,71.254697265625,77.089541015625,70.539609375002,69.4718359374959,69.9525683593708,51.9641113281281,31.7218115234384,51.7685058593705,-4.1005963134762
"5338",-3.63092010498079,3.51978027343781,-0.019120633602144,3.67722747802767,3.01681610107449,6.51390380859433,12.5546899414074,22.5497192382833,39.1234277343785,61.3447363281286,70.18048828125,70.88041015625,76.396435546875,69.5700732421895,68.1016748046835,68.8799999999959,49.6206201171905,31.1293603515634,48.8895214843707,-4.30182678222619
"5339",-3.70852874755892,3.41831298828156,-0.023358311653139,3.80688995361362,3.27780731201201,6.22159667968806,12.7414819335949,23.0260986328146,39.086411132816,62.7736035156287,71.158046875,72.056748046875,78.47416015625,70.4490380859395,69.7554980468709,71.2276464843708,52.0269238281281,30.8330981445322,50.7842431640581,-3.68150329589812
"5340",-3.72776123046908,3.30220611572295,0.154987583160414,3.70875976562533,3.30684204101592,6.77506652832092,14.2637658691419,24.2601318359397,39.203540039066,63.7402050781288,72.2017138671875,71.143310546875,78.66638671875,70.3596630859395,68.799453124996,70.8224462890583,49.913203125003,30.8652343750009,50.6379980468706,-3.9578182983395
"5341",-3.65991882324251,3.50904602050813,0.31251977920535,4.30528076171913,3.70451110839877,7.78565673828194,15.7972314453139,26.2565625000023,41.9277148437537,67.6559814453165,75.913994140625,74.610302734375,83.550595703125,75.0411962890647,74.4533007812456,75.7240917968705,55.0412597656283,34.025595703126,54.5986718749952,-3.83677490234341
"5342",-3.75306640625034,3.46441772460968,0.464051284790081,4.95615539550825,4.48292419433634,8.45799621582107,15.8300329589858,24.958864746096,39.7165600585973,59.2631933593785,68.65798828125,63.763232421875,73.938251953125,65.1774902343769,59.826938476559,62.6129980468713,42.48938964844,29.8401000976571,47.1263232421834,-3.55895050048797
"5343",-3.84053344726597,3.43828704834015,0.326881942749053,5.21896362304734,4.86993774414106,9.0198242187508,18.2746984863298,26.7035375976586,40.8401928710974,62.0814746093787,70.949111328125,64.05609375,74.4930419921875,64.8175634765644,52.7777783203094,55.5388867187467,37.664050292971,30.2517968750009,45.9319384765585,-2.72067565917945
"5344",-3.68498016357455,3.50109924316437,0.496550865173384,6.21410217285212,6.20549316406305,11.2468432617198,20.5054052734393,28.4396191406275,43.1526757812538,62.3690185546912,70.3297509765625,60.8659521484375,71.787890625,61.8814208984393,45.3003759765598,51.8453271484344,37.7049145507835,29.5873486328134,43.6580810546837,-2.17895156860332
"5345",-3.81761535644565,3.15219116210966,-0.278499927520777,4.27177612304726,3.45286834716828,7.89714721679758,14.9337768554701,23.8061425781271,39.4936132812535,64.1640380859413,74.329833984375,66.9990478515625,78.8325732421875,67.706474609377,49.1384619140596,54.6460253906218,35.6869995117209,29.8429492187509,45.915332031246,-2.10747558593732
"5346",-3.64976806640658,3.50578460693391,0.531105766296434,5.75854064941458,5.50039978027393,10.5719934082041,15.7244250488295,26.7068212890649,40.8845532226599,63.3355712890663,71.17859375,59.890947265625,74.416865234375,63.8078906250019,45.3540283203099,51.6010546874969,37.3023242187522,30.0070166015634,44.8533789062461,-1.98598922729475
"5347",-3.60837707519563,3.45166290283234,0.562022247314503,6.05016052246148,6.15125976562555,11.4574975585948,18.2734643554704,30.0429345703152,45.6864501953166,65.2503417968789,73.257490234375,59.26115234375,73.788984375,63.0165527343768,42.1733105468725,49.5267138671846,37.5685107421897,30.4038818359384,43.4860888671837,-2.16510131835919
"5348",-3.54662994384797,3.41694213867218,0.406653442382849,5.76777282714895,5.39156066894579,9.35684936523521,15.9293371582045,26.9872265625024,40.6628076171911,60.1574023437536,69.517412109375,58.70927734375,73.7170166015625,63.1789648437518,45.4045019531223,51.9499999999969,36.0754199218772,28.1742187500008,43.3302099609337,-2.48148468017556
"5349",-3.55825286865266,3.06793457031277,0.051653175354009,4.78029907226605,3.84435546875034,7.13972412109439,14.1557641601575,25.0515747070335,39.665297851566,61.4322070312536,72.491064453125,63.7768505859375,78.165263671875,67.1927880859394,47.6203662109347,53.5854687499968,34.8204492187521,27.3063256835946,41.1777636718714,-2.18708175659161
"5350",-3.35679382324249,3.37109924316436,0.418650970459022,6.28707885742244,5.74514038085989,9.9757159423837,18.0771240234391,29.3566284179714,42.4571484375038,63.3050244140662,73.2590234375,65.553056640625,78.516455078125,67.122412109377,51.1381201171845,55.1601660156217,40.1655590820337,31.6753906250009,45.0780810546836,-2.28971298217753
"5351",-3.39683380126983,3.37534271240265,0.389341201782261,6.24366271972712,5.34180603027391,9.25105957031333,16.3986315917983,26.5166967773461,40.4210058593786,58.4136132812535,69.946708984375,63.396796875,76.6804150390625,65.9439160156269,57.7653271484341,60.4347851562464,43.2529345703151,30.7243334960946,47.1070019531209,-2.91588439941381
"5352",-3.33918579101592,3.46039154052765,0.492619590759321,6.18577758789118,5.02479797363326,9.32607177734458,16.4178784179702,26.7869970703149,42.9139453125038,60.8931835937536,73.277861328125,68.5325390625,81.196533203125,71.0693798828146,69.225146484371,71.4794335937458,53.5551416015657,34.7365869140635,55.3498388671827,-4.16681854248011
"5353",-3.36839324951202,3.28957031250029,0.200200119018573,5.55005126953175,4.17808349609412,8.89748168945392,16.9039184570328,27.5163378906275,44.436083984379,64.4473828125038,77.0809619140625,72.666181640625,85.454326171875,75.1366992187522,72.9082324218707,74.5769482421831,55.8717285156283,37.5013452148448,57.2026611328075,-3.93385711669888
"5354",-3.43263946533234,3.05607574462918,-0.640587158203182,3.37233520507842,2.0211764526369,3.73087249755893,10.2529040527353,21.4826513671894,38.3986010742222,59.8535742187535,75.7317236328125,72.99666015625,87.153623046875,77.8892724609398,76.4149902343705,76.676440429683,57.3660595703159,32.6017724609384,57.4264013671825,-3.05567993164036
"5355",-3.55478302001985,3.02975494384793,-0.691837387085023,3.12708984375028,1.14403114318858,4.05531768798864,11.7337438964854,23.5880566406271,43.5606542968789,66.858583984379,81.5468359375,79.9930615234375,92.524140625,84.3069628906274,87.2061621093699,86.8418164062448,68.9740820312541,34.854150390626,66.2022460937442,-4.284583740234
"5356",-3.67876403808626,2.74902221679712,-0.920025405883871,2.39869125366232,0.624880371093806,3.07494323730496,9.89551757812588,21.5927294921894,40.3649267578161,63.4547167968788,79.7599365234375,78.5151025390625,92.0110546875,84.1668750000024,87.7450878906199,87.6026171874948,69.9157128906292,31.3284326171884,65.0005859374943,-3.72136901855436
"5357",-3.65896636962923,2.67344085693383,-1.3453552246095,1.28468536376965,-0.947899780273522,-0.608468399047906,6.47563964843808,18.2228051757829,37.2689208984408,60.1990966796911,77.127158203125,76.963330078125,90.950244140625,83.7967089843774,87.7789648437449,88.5107812499947,71.9617089843793,31.5733251953134,63.075336914057,-3.96514556884731
"5358",-3.58443664550813,2.7426943969729,-0.920216064453207,2.22408248901387,0.871804351806718,2.1406802368166,10.0648760986337,22.6008325195333,40.2122851562536,61.8735546875037,76.770966796875,73.37494140625,86.271328125,79.0149951171898,80.0194482421828,80.1469384765578,59.153061523441,31.3199951171884,57.8062255859325,-4.59132598876913
"5359",-3.61726501464876,3.13157318115262,0.001982574462891,4.62961975097697,3.73161010742221,6.20936645507868,15.6570104980483,27.3349291992212,43.9116601562539,64.9139550781289,78.0931201171875,72.753154296875,85.5366015625,77.0596972656272,74.6591748046831,74.5402246093706,50.9188134765655,33.419658203126,53.4862011718703,-3.76202880859342
"5360",-3.40194732666046,3.51191467285188,0.765401611328193,6.36298339843807,5.61532653808644,7.92239013671946,16.0897253417983,26.7203588867211,40.7513720703161,60.1907275390661,73.99494140625,66.74291015625,79.2725146484375,69.409228515627,58.6759570312466,60.0271630859339,42.42735839844,30.0899511718759,44.4889843749961,-3.75017120361295
"5361",-3.43867614746124,3.1929669189456,0.480589904785199,5.44701538085986,4.76666046142621,7.11736938476626,15.9828710937514,28.4911328125025,43.9548535156289,63.3854687500038,77.006083984375,71.855341796875,82.0507421875,73.0642871093771,65.8376220703087,65.9484472656211,45.8374658203152,32.707822265626,48.7916845703082,-3.92572631835903
"5362",-3.51217498779328,3.23099884033232,0.744858245849676,5.76651306152395,5.2796936035161,7.21638854980533,15.4318212890639,28.2536425781275,43.7872558593789,61.3103466796911,74.66654296875,67.973525390625,78.9577294921875,69.398310546877,62.0997363281214,63.3587255859337,44.9573046875027,32.1346655273447,46.055302734371,-4.10454376220667
"5363",-3.51870300293,3.0486257934573,0.681632919311584,5.84863769531302,5.3173889160161,6.70516967773497,14.0227880859388,26.2848950195336,39.673540039066,55.2499609375033,70.2116064453125,64.5396630859375,75.5313623046875,66.6347070312519,64.4214746093712,65.8243701171836,46.4960986328153,31.0726806640634,47.7802929687458,-5.01993438720659
"5364",-3.57403045654329,2.88501922607448,0.126735486984264,4.69742614746136,3.38588134765655,4.94738739013716,11.0407653808604,26.0699218750023,39.5681542968785,56.2060253906283,71.537529296875,66.5214453125,75.41904296875,66.3044042968769,57.1270507812467,59.0834472656215,39.3517749023461,28.4947021484383,44.0401904296837,-3.92847900390591
"5365",-3.51798553466828,2.80531921386744,0.51718238830571,4.85698608398481,4.29921295166054,5.78477050781302,10.0403662109384,24.2998071289084,37.9869726562534,55.1607470703158,70.257646484375,63.90697265625,73.9705810546875,64.8629101562519,53.3073681640594,56.3871533203092,37.9312841796898,26.8768237304695,44.0804443359336,-4.35971771240196
"5366",-3.61681213378938,2.68147094726586,0.275052795410181,4.49623657226603,3.93338745117223,4.95396667480513,9.00263916015705,24.0826171875021,36.9583935546908,55.5078759765658,69.812724609375,62.8025634765625,72.467900390625,62.7535986328143,50.0458496093721,54.8716601562468,36.2935791015647,25.2355322265632,42.9011718749963,-4.35347595214806
"5367",-3.43456726074249,2.78500000000025,0.514158401489304,5.03028320312545,4.58201416015666,5.67585632324269,10.6676037597666,25.4455371093773,37.3495654296908,54.4719433593782,67.558212890625,60.105771484375,69.538359375,61.1321337890643,49.3893847656221,54.9521630859342,36.1569628906272,25.149006347657,43.1524853515587,-4.66232788085897
"5368",-3.56480621337922,2.57566894531273,0.521343460083054,4.82889221191449,4.67241790771526,6.41486206054745,12.1850268554698,26.8572729492211,39.664350585941,60.1910058593786,73.0420654296875,67.674970703125,75.5306201171875,66.6308154296894,55.9894482421842,59.5439160156215,38.9423535156273,26.479436035157,47.8659521484333,-4.75757873535115
"5369",-3.49843170166047,2.52832626342796,0.587513656616263,5.16232421875046,5.16380065918015,7.85920043945383,12.9234741210949,27.3152416992212,40.9783154296912,61.7443261718787,73.482001953125,69.1325927734375,76.2507666015625,68.108691406252,59.100483398434,61.3498046874964,41.8715625000025,26.9634765625008,49.0905859374957,-5.1736791992183
"5370",-3.58006713867219,2.31795623779318,0.214780635833759,4.67664428710979,4.24103759765663,7.49653442382879,11.765585937501,26.4731762695336,39.600961914066,61.8044921875037,73.5058984375,67.542958984375,75.900732421875,66.7569824218769,50.1668066406221,53.9200195312468,36.3512207031272,23.8189135742194,45.5147802734335,-4.62878479003866
"5371",-3.37681213378936,2.45539337158225,0.831130294799879,5.623491210938,5.3421447753911,9.57769714355554,14.0807055664075,28.6923461914088,42.0366845703162,63.9764208984413,75.73244140625,72.4541259765625,80.287021484375,71.4834570312521,65.3337597656212,66.854550781246,47.9772167968779,27.4646093750008,52.3859765624954,-5.36683471679641
"5372",-3.3349365234378,2.46390243530295,0.629096145629939,5.42206054687548,4.76766998291058,8.28574584961011,11.6451000976573,26.1711474609398,38.797612304691,61.0815332031286,72.5505126953125,68.3056982421875,77.772216796875,69.463505859377,64.7061328124962,65.5275097656211,46.4752587890653,25.8928369140633,50.8075488281206,-5.83712768554637
"5373",-3.24732910156279,2.49369720459007,0.713078155517642,5.57613708496144,4.50055053710978,7.704890747071,11.700205078126,27.2775122070337,40.4924853515661,63.2432910156287,73.473759765625,67.0975390625,76.253408203125,67.799492187502,55.7688183593717,57.6517333984341,40.98927246094,25.0066503906257,46.6697851562459,-5.34629760742141
"5374",-3.31906677246123,2.58170257568382,0.618330955505426,5.22979858398484,4.13887145996131,6.341366577149,9.34993774414146,24.4378320312522,38.4282836914097,60.4207568359411,71.3002392578125,66.127177734375,75.7709912109375,68.2830517578145,63.1110058593713,63.9082958984337,44.0069921875026,24.3187207031257,48.5448876953083,-5.15916198730424
"5375",-3.28115142822295,2.61940277099633,0.70818771362311,5.51222412109424,4.13354309082068,7.20807128906314,10.8945776367197,26.4196899414086,41.1372460937537,64.9774609375038,73.962138671875,66.6497607421875,76.3208056640625,68.5066357421895,56.4448876953092,58.6657812499965,42.9126757812526,25.6738159179695,46.2417626953085,-4.31714172363244
"5376",-3.16365631103544,2.54516708374046,0.702637176513735,5.76238403320364,4.33506408691445,7.26133422851627,12.2579602050792,28.367661132815,41.9378027343787,67.1862060546915,75.5536865234375,69.96595703125,78.827177734375,71.7601025390646,65.2487597656212,66.983593749996,51.2164453125031,30.3310302734384,51.2487402343705,-4.77073608398396
"5377",-3.05760559082059,2.8513485717776,0.82059867858894,5.83779724121146,4.36952148437539,6.75570190429748,11.4913659667979,26.0686181640648,40.0092919921911,65.8857714843789,73.0959814453125,66.1197900390625,76.0262353515625,68.3898681640645,56.4853124999967,59.465034179684,44.6103027343777,27.158762207032,45.5786279296835,-4.17127441406214
"5378",-3.18458618164091,2.73643707275415,0.504815483093307,5.31688781738329,3.68828308105502,5.11990539550827,9.45159667968834,23.2167822265646,35.9856787109407,61.0417968750036,67.916279296875,61.7834912109375,71.056396484375,64.8072460937519,55.8891015624967,58.4680078124965,42.9563623046901,25.3231933593757,43.9126220703087,-4.63348114013631
"5379",-3.06405242919949,2.92183380126979,0.730554580688542,5.29831359863329,3.21637451171904,5.20540710449265,10.5823779296884,24.4759423828147,36.7472216796908,62.3772998046912,68.944814453125,64.193681640625,73.5163427734375,66.4236962890644,58.8801757812466,61.2456249999964,44.5178222656277,26.5560498046883,44.2608056640586,-4.17375640869104
"5380",-3.11386962890653,2.99992858886745,0.330084762573272,4.98007751464888,3.0477566528323,5.54241271972706,10.5574145507822,24.5956103515647,36.9944628906283,63.6484814453163,70.231552734375,67.42509765625,75.716435546875,68.871562500002,62.9970410156213,64.2913623046837,46.6964013671903,28.7679663085946,44.9785693359336,-3.99971618652309
"5381",-3.12260253906278,3.27134948730498,0.805699234008861,6.0244195556646,4.88449493408247,7.22349609375064,12.705750732423,26.3609643554711,39.8191381835973,66.0671386718789,71.8447314453125,68.825048828125,76.905107421875,69.039130859377,63.6133886718713,63.9857714843712,47.8217480468779,29.7315332031259,44.7304980468711,-3.72971374511686
"5382",-3.02263763427761,3.2709747314456,0.789713973999094,5.97467651367241,5.13033264160202,7.88579223632883,12.2322607421886,25.5296484375023,37.6566455078159,62.7008642578162,68.6442138671875,64.499716796875,73.8010888671875,65.4048730468769,60.709379882809,61.9776464843713,46.3410742187528,27.5133740234383,43.7239843749962,-3.52343872070282
"5383",-2.94886291503933,3.10742553710965,0.79263412475593,5.92126525878959,4.99667358398482,7.83819763183664,12.4534045410167,25.9785253906273,39.4754199218785,64.5745996093788,70.028251953125,65.636328125,74.6532275390625,65.7092675781269,55.0727392578093,57.9033642578091,43.2156738281276,27.6827001953133,41.1788818359339,-3.12412536621067
"5384",-3.06989776611355,2.92631713867214,0.491870231628462,5.25028442382859,4.18201049804725,6.29488403320369,10.6489929199228,23.3335083007833,35.9453613281282,60.4121875000036,66.782451171875,60.14951171875,71.191337890625,63.6287939453143,51.412402343747,55.4968066406217,39.7805371093774,24.3596435546882,36.9582421874968,-3.24004028320284
"5385",-3.13983428955106,2.91301666259792,0.544268646240283,5.52586242675831,4.98490814209029,7.72397705078194,12.9483471679699,26.2274145507836,38.6130273437534,64.4883496093788,70.7572607421875,65.78865234375,74.93732421875,66.6858496093769,51.8878857421845,55.1517822265592,39.9325463867211,26.6970214843758,38.6368920898404,-2.70837127685523
"5386",-3.12133666992215,2.79242736816431,0.351754798889192,5.27815124511766,5.02946472168014,7.13139343261782,12.7669628906261,25.377849121096,37.8896093750034,64.4390332031288,70.2753466796875,67.33224609375,76.8854833984375,69.175888671877,61.5527929687464,63.9879443359337,48.1527685546904,29.6500927734384,44.0262695312462,-3.72230926513639
"5387",-3.17015075683622,2.76050231933618,0.205317554473895,4.89387237548872,4.04342315673864,6.04807617187554,12.3596044921886,24.3513525390647,37.3009423828158,64.8240771484413,70.326220703125,67.012783203125,77.4069873046875,69.824658203127,60.6863769531215,63.0795117187463,45.2536767578152,29.5419165039071,45.0860546874961,-3.84955627441373
"5388",-3.20473754882841,2.63998352050805,0.294061508178737,4.77741058349652,4.01915710449255,5.88674560546928,12.7740051269543,25.1618554687522,38.2394970703159,64.8860839843788,69.7128369140625,66.4115478515625,77.04806640625,69.5229443359395,60.8998925781214,63.7925488281212,47.6497167968778,29.6181054687509,45.3798388671835,-4.20691558837854
"5389",-3.23491607666044,2.75176818847681,0.334847602844268,5.20404968261765,4.10154876709021,6.13835021972711,12.9398632812512,24.5675439453147,37.6870996093784,64.6097021484413,69.881123046875,66.8826416015625,77.680166015625,70.264248046877,62.1672558593714,65.1805322265586,48.4578662109404,29.4313671875009,47.5623437499958,-4.05889526367152
"5390",-3.20465332031279,2.8720663452151,0.721569061279361,5.59183715820362,4.28758178710976,6.38149108886776,13.5392309570325,24.9030224609397,38.8055541992222,65.0570947265663,70.229541015625,65.989912109375,77.568896484375,69.785986328127,59.0534179687465,61.5253222656213,42.9939160156276,29.1651367187509,47.8438427734333,-3.39376861572236
"5391",-3.22590606689482,2.90062316894557,0.896699600219807,5.6505273437505,4.22594024658241,6.3931408691412,13.3382434082043,24.8215576171897,38.6762304687535,63.0776464843787,68.8410302734375,63.78953125,75.4683935546875,66.9047802734394,53.4729785156219,57.5211425781216,42.4783105468775,27.9402246093758,46.7836962890584,-3.53456481933563
"5392",-3.17933197021513,3.06247375488309,1.13057479858409,5.94722290039116,4.09412902832068,6.42533447265682,13.3515698242199,24.8849145507835,39.4355981445348,62.8193554687537,67.90453125,62.610556640625,74.421787109375,66.3698632812519,56.4407714843717,59.658706054684,43.5055078125026,28.1842041015633,49.1092626953082,-3.65241485595671
"5393",-3.07258880615262,3.21980316162138,1.13920364379893,5.78511596679739,3.62148193359407,6.40753112793026,13.7379394531262,24.9709277343772,38.5711694335972,62.1944580078162,67.9949560546875,63.390087890625,75.40197265625,67.5320068359395,59.034458007809,61.8472802734338,44.8690185546902,27.5138085937508,51.5243652343705,-3.89832824706997
"5394",-3.00367858886746,3.21066284179716,1.16901062011729,5.58508056640675,3.73803222656283,6.63349609375059,14.3144262695325,26.3405468750023,38.8611132812535,64.7952783203163,69.6754296875,66.8670703125,79.00712890625,69.7506201171895,61.1310449218714,63.2570263671837,47.9059765625029,29.5604833984384,52.0104492187455,-4.42970672607383
"5395",-3.03221740722683,3.31202819824248,1.03400665283212,5.3162951660161,3.19389373779325,5.0684628295903,14.2383154296888,25.7000122070335,38.848911132816,64.4550390625038,67.96583984375,63.325869140625,75.41935546875,65.8264013671894,49.0585009765596,53.3998193359343,38.077341308596,25.6903515625008,46.2055615234335,-3.97457214355434
"5396",-2.94671020507839,3.51925994873078,1.46111099243177,5.83611145019583,2.65387939453149,2.42112411499045,10.9355249023447,22.4311499023458,32.0173535156279,63.2888183593788,68.3094921875,62.71904296875,77.4567431640625,69.276484375002,49.1235156249971,53.8603662109343,34.308222656252,23.7291284179694,42.7701025390588,-4.3137097167965
"5406",-2.22241088867207,4.98789916992232,0.594197387695365,6.4088781738287,3.36683197021514,4.54194274902384,11.5644677734385,19.0235253906267,33.1130590820342,61.9489404296912,60.386083984375,61.504921875,70.8720458984375,66.5995312500019,60.289907226559,61.2175878906214,33.2117553710957,28.4235449218758,42.1761865234338,-3.19707031249972
"5407",-2.20277145385762,4.86869812011762,-0.143764781951917,5.13471923828171,1.98906829834002,1.1284423828126,7.30581848144596,14.8009106445326,29.8696289062527,62.2504150390662,62.8506689453125,66.6109619140625,76.92291015625,73.7394677734396,73.3348486328082,73.4662060546831,48.7533837890654,30.4813671875009,47.9528613281208,-2.98302185058568
"5408",-1.97475967407244,5.14212890625046,0.640889663696346,6.09520629882867,3.35930908203155,3.41290313720734,11.0269287109385,19.5431787109392,34.4016430664093,65.3772314453164,66.128193359375,68.3744873046875,78.3123193359375,73.9266796875021,72.3695068359333,72.4666015624957,49.0828710937529,33.990947265626,49.6290820312457,-3.27896636962862
"5409",-1.92005661010759,5.13619628906296,0.588936500549369,6.49969482421933,3.79049682617221,4.35882598876992,11.509013671876,19.7321972656268,34.7495092773469,63.6562011718788,63.722705078125,64.343408203125,73.116982421875,67.971542968752,61.0552441406214,62.1935156249963,38.3558496093773,31.1845751953134,45.546718749996,-3.24618408203097
"5410",-2.04663986206073,5.28538940429735,0.824514389038159,7.05684143066469,4.73476348876995,5.59136962890675,12.3741748046886,20.9044995117206,35.7574365234407,64.0400976562538,63.624287109375,64.0138720703125,73.323759765625,67.386708984377,61.8641845703089,62.9615429687463,38.8124365234398,31.6691162109384,46.8636425781209,-3.26901824951143
"5411",-2.19553359985371,5.24869750976609,0.839698104858473,7.25778381347721,5.08786529541061,6.40849426269588,13.0084155273449,21.6890673828144,36.2240551757845,62.7335156250037,62.2203125,61.955341796875,71.318134765625,65.2847753906269,58.0061035156216,60.4109472656214,37.7338134765648,30.3692285156259,45.3252392578085,-2.92979797363256
"5412",-2.17497695922871,5.06745117187545,0.628717651367244,7.16219360351626,5.30747314453172,6.64576538085997,13.3830786132824,22.6290747070333,37.6564648437534,64.8119873046913,66.0758837890625,66.6519140625,75.632490234375,69.178359375002,60.314028320309,61.9970263671838,39.8676806640649,32.3057958984384,45.266328124996,-2.58547058105446
"5413",-2.13813354492207,5.15301513671921,0.430280342102089,6.69610168457091,4.6598699951176,5.2942932128911,12.2740856933605,21.2623852539081,37.5680419921908,65.1244824218789,66.589765625,67.8382080078125,77.565771484375,71.1096972656271,62.7988476562463,64.6155371093712,37.953464355471,30.6270141601571,44.2862109374961,-2.16096679687481
"5414",-2.28488861084005,5.03526062011764,0.551700363159229,6.96880004882875,5.17734558105515,6.91223266601624,13.8567480468762,23.2562597656271,39.4692285156285,68.5482373046916,69.69646484375,70.6291064453125,78.61296875,72.6345166015646,65.9902880859336,67.5328857421835,42.0062695312525,34.1920361328135,48.7192333984332,-2.43369079589823
"5415",-2.26451583862325,4.88497161865278,0.817169189453198,7.10328857421938,5.54279479980518,7.86968017578195,14.7224438476576,24.0273046875021,40.6369458007849,69.3846093750041,71.3676953125,72.045390625,81.04853515625,74.8996191406272,71.6432324218708,73.2239746093707,49.7352197265655,36.3993701171886,51.7752343749955,-2.88947601318334
"5416",-2.28097045898458,4.83702819824262,0.528548660278367,7.00086425781312,5.36574279785204,7.47779663086004,14.0748718261731,23.6463281250021,41.0327343750037,69.1625683593791,72.34732421875,73.831435546875,83.230908203125,77.0612646484397,75.0930957031206,77.1194824218704,55.1142724609408,38.1431054687511,52.9668847656204,-2.87884094238256
"5417",-2.28559997558614,4.52865173339884,0.5468424224854,6.77102905273498,5.10938812255905,7.14164672851626,13.2853942871106,23.4886376953146,41.4035498046912,70.4424267578167,73.889375,75.4377880859375,84.691220703125,79.0714990234398,77.3151367187455,79.1491894531203,55.1992089843783,38.4175366210949,54.3609374999953,-2.70013977050758
"5418",-2.40761428833029,4.41929931640664,0.331240692138701,6.3931701660162,4.59663085937541,5.93972412109428,11.8768164062511,21.4307519531269,40.0942578125036,69.9792333984416,74.493916015625,76.1939501953125,85.42759765625,80.1372216796898,77.2007031249955,78.4716894531203,53.1320458984407,37.1924414062511,52.7533398437454,-2.29023681640605
"5419",-2.26516906738301,4.1825402832035,0.237646560668966,6.07678833007867,4.16997924804725,5.38264770507861,11.2745617675791,20.9190795898456,40.9165087890661,70.8694189453167,75.0391357421875,76.128681640625,84.8745703125,79.9986816406273,76.8663574218705,77.7090136718704,49.485429687503,38.4586108398449,53.4246191406203,-2.00256347656233
"5420",-2.36065887451193,4.13591278076209,0.372027740478549,6.46308044433651,4.58591369628947,6.83366333007873,12.1309436035167,22.9772900390645,43.0555615234413,71.2568359375042,75.448232421875,75.938046875,85.57548828125,80.7716064453148,75.8185742187456,77.0906445312454,45.8437060546902,37.0817407226573,52.144545898433,-1.57725646972643
"5421",-2.22815368652364,4.2608102416996,0.472744026184124,6.54891357421933,4.82194122314496,7.28903259277409,12.7789990234386,23.9468212890646,44.9946630859415,73.5304296875044,78.41365234375,79.46486328125,88.4702734375,83.6759277343774,80.5931445312453,81.1553222656202,49.516171875003,39.4354931640637,53.5366406249953,-1.42491928100573
"5422",-2.24989929199239,4.1738308715824,0.646323394775448,6.28254150390681,4.89740173339887,7.10416137695376,11.9028527832042,23.1235620117208,44.5288232421915,72.3689111328168,78.679951171875,80.35607421875,89.065107421875,83.8618750000024,78.7711962890579,80.4672851562452,47.1759667968778,38.6775146484386,51.4233398437455,-0.934568634033122
"5423",-2.38443878173849,3.9258764648441,0.219177799224873,5.48628540039111,3.61286621093782,5.52786254882862,9.66551757812586,21.0501416015644,42.3494384765663,71.1953710937542,79.07951171875,82.02970703125,90.525380859375,85.2059667968775,81.3579980468703,81.4483789062452,45.0156152343777,35.8074731445323,50.0546386718706,-0.536158943176223
"5424",-2.35740005493185,3.86262878418003,0.037297725677494,4.68673278808636,3.05349334716824,3.40832946777374,7.02519653320375,18.0344738769547,38.1365087890659,64.5461523437538,73.278974609375,78.223681640625,89.209013671875,85.7891210937525,81.2707958984327,82.7155566406201,40.1250146484399,30.3114843750009,44.2998925781211,-0.098642854690543
"5425",-2.45611770629905,3.36120727539093,-0.816485824585034,2.82094268798853,0.962024536132898,-1.74936981201188,-0.851587219238357,9.66103271484461,27.5624218750025,52.1376074218781,63.945498046875,73.4126806640625,88.3335546875,87.6494824218775,92.1062109374946,93.5508691406195,60.3053613281286,28.0155126953133,42.8027099609338,-0.577484512329051
"5426",-2.3911036682131,3.2343292236331,-1.03625267028818,2.16666900634785,0.681665878295959,-3.11916381835965,-2.40228820800803,7.3904974365241,23.7898925781271,45.8946582031277,58.325048828125,67.81197265625,84.314755859375,84.3717578125024,92.0918847656196,95.4727734374943,78.2378320312547,35.091083984376,45.9377978515585,-1.35583709716785
"5427",-2.36814865112326,3.34093017578155,-0.707120208740297,2.6397662353518,1.13454528808604,-0.902891998291096,1.12220291137705,13.1706018066418,33.198144531253,61.5112548828161,74.1394873046875,81.90900390625,95.059306640625,92.3336035156277,98.6957714843692,100.598759765619,84.5553808593801,39.6386230468762,56.9530810546825,-1.1959048461913
"5428",-2.2581933593752,3.8316510009769,-0.226081886291524,3.74568756103549,2.44850006103538,2.39119476318381,6.39416748046932,18.4231604003923,39.9223437500036,69.8700927734416,80.524912109375,85.18990234375,96.312607421875,92.5438378906277,97.5276562499943,99.3771582031191,82.2419335937549,35.238808593751,60.2584521484322,-1.398995361328
"5429",-2.22854339599629,4.14321838378943,0.683780822753967,5.55136840820362,5.0782153320317,7.09883789062563,13.1898266601574,23.0724121093771,44.247109375004,71.2776513671917,78.792080078125,78.505927734375,88.148857421875,82.2550292968774,82.8993164062452,84.85627929687,65.2034375000039,38.5634277343761,52.4414746093704,-1.94986923217756
"5430",-2.32666320800802,4.42093353271524,0.970931625366298,6.0151568603521,4.9647647094731,7.71541076660225,14.3890258789075,24.2834692382834,44.7371923828165,70.4536230468792,76.8880224609375,75.879541015625,84.43900390625,78.6432519531273,77.308686523433,78.4270117187453,55.7028515625033,36.5022485351573,48.6173876953083,-2.17991912841778
"5431",-2.57178344726585,4.37887725830117,0.923144378662192,5.6195410156255,4.90922943115278,7.11225219726626,14.5543249511732,23.4993139648458,44.0982324218789,69.0388867187541,74.6823388671875,72.47806640625,79.6586328125,73.5455615234396,65.5204101562462,66.810527343746,42.6899072265651,29.9101000976571,42.3422265624963,-1.60617263793931
"5432",-2.49675201416038,4.52740631103556,1.27885681152355,5.84416687011771,4.95294647216841,7.56035217285224,14.6860009765638,24.2216406250022,43.3077490234414,67.700039062504,73.8137939453125,72.1562109375,79.8539453125,74.2422460937522,70.8712353515584,72.1202832031207,50.5263037109405,32.7469775390635,45.1624511718711,-2.13429748535138
"5433",-2.38198181152365,4.54633239746134,1.44706405639661,5.93993957519584,4.8000070190434,8.04767822265697,15.8737133789077,25.7626586914085,43.7356982421914,68.5727636718791,74.277626953125,71.71927734375,80.187421875,74.0216699218771,69.1118017578085,70.2293945312458,47.9094921875029,31.8792260742197,45.2233984374961,-1.82188262939437
"5434",-2.45101440429709,4.54748413085978,1.58459930419936,5.68444030761769,5.15827514648483,8.12929504394604,16.2550903320327,25.2277661132835,42.6841357421913,65.4765185546914,70.268916015625,66.16208984375,74.968447265625,69.062968750002,59.3189550781215,62.1746679687463,40.993969726565,27.9162915039071,41.3693261718714,-1.76603973388656
"5435",-2.39496490478537,4.55341857910197,1.37216491699231,5.17497314453171,4.61133087158244,7.3324243164069,16.0976074218764,25.542204589846,42.2317089843788,65.0206640625039,69.696826171875,64.773818359375,74.624638671875,67.900390625002,55.6633984374967,58.6676367187465,36.0496679687522,26.0242187500008,40.003969726559,-1.77618362426742
"5436",-2.38988876342795,4.5195800781254,1.49553314208998,5.07966796875045,4.80748962402387,7.48667541503973,16.961020507814,26.7107324218774,43.3325146484414,67.3490087890665,72.3857177734375,69.166318359375,77.786162109375,71.0020458984396,61.4138671874964,64.2106054687462,41.3107617187525,28.2288037109383,43.7976367187462,-2.27021774291972
"5437",-2.48349060058616,4.31053466796913,1.46424804687513,5.24654602050828,4.90782501220747,7.69716186523506,18.4100402832048,28.2771777343775,45.4267382812541,71.0844335937542,76.671318359375,75.9271435546875,83.3160546875,76.6290820312522,72.5309912109333,74.3468749999956,49.3332910156279,33.0426318359385,50.4733105468706,-2.34138565063456
"5438",-2.70673156738305,4.15017761230506,1.47420074462904,5.29569824218797,5.34503723144579,8.2346246337898,17.7451904296891,26.2715942382836,42.6029101562538,67.9754541015665,73.9005419921875,72.9440087890625,79.558544921875,72.7913623046896,64.4659423828087,66.0842431640586,42.063540039065,30.8902856445322,47.4742822265584,-2.08778900146466
"5439",-2.66646179199242,4.56031738281291,1.62887359619155,6.17926330566461,5.8666979980474,8.36455566406325,18.1467199707047,26.2333447265648,41.8930517578162,67.610947265629,73.172275390625,71.3948095703125,78.17642578125,71.2405126953146,62.4116015624964,64.1463037109337,40.7002246093774,30.4892797851571,46.7681445312459,-2.4466192626951
"5440",-2.76413269042993,4.46034576416055,1.45286911010755,5.75041076660208,5.10017333984421,8.9965185546883,16.8953613281265,25.7970483398461,41.7009814453162,67.278203125004,73.671123046875,73.3698681640625,78.7722802734375,72.4737792968771,64.2204687499962,63.5459472656212,38.2252001953148,29.7395996093759,45.1242968749961,-2.4127684020994
"5441",-2.70846923828149,4.41978515625039,1.42964706420911,5.63641235351613,4.65709136962932,9.43240112304772,16.8287280273452,25.0735742187522,40.9152978515662,65.6988916015664,71.42763671875,71.728623046875,77.1772607421875,70.5455859375021,63.4706445312463,64.0896484374962,38.9763330078148,30.0083642578134,46.4497753906209,-2.80440856933569
"5442",-2.70485961914087,4.38868774414102,1.51258880615248,5.66677490234426,4.89778137207075,9.04211669921956,16.4342065429702,24.6910986328147,40.5131616210974,65.0055273437539,71.97375,72.7363671875,77.8040869140625,71.3126367187521,68.256054687496,69.4937060546834,47.8496533203154,31.2746801757822,49.7669042968707,-3.45528259277314
"5443",-2.9163876342776,4.26497375488319,1.41116348266614,5.48586853027393,4.71979125976605,8.79657104492266,16.3276757812515,25.397653808596,42.6453564453163,67.631601562504,74.795595703125,75.786494140625,80.3437109375,73.9776562500021,71.4997167968708,72.3814453124957,52.1252001953156,32.896650390626,53.4292285156203,-3.77989349365201
"5444",-2.92704925537135,4.21568542480506,1.1555566406251,5.21942871093797,4.25736816406288,8.01830932617259,14.2093066406263,23.4976733398458,39.8758935546911,63.3677343750037,71.4714794921875,71.8531982421875,77.0503857421875,70.8034960937521,69.017910156246,69.9321484374959,50.137412109378,29.5853417968759,50.0886279296831,-3.67552062988249
"5445",-2.91892547607448,4.17113464355506,1.11271545410166,4.98546264648482,4.24618499755897,8.16853210449292,14.6910522460951,23.8423876953146,38.8070703125035,62.7847998046912,71.4077880859375,71.2224072265625,75.9136083984375,69.7574755859395,68.650908203121,69.5417773437459,51.2645214843781,29.9558154296884,50.7972119140581,-3.6795178222653
"5446",-2.95662750244167,4.40512390136758,1.21247428894054,5.81371398925833,5.15389770507858,8.99439086914143,15.8526831054702,24.1315942382834,38.3989355468784,60.0132617187536,69.6389990234375,68.6323681640625,73.797919921875,66.3946679687519,63.5087792968713,64.3971679687462,44.1168310546901,27.8898437500008,47.9243896484333,-3.74441436767545
"5447",-2.98333068847683,4.34023376464882,1.15174530029307,5.39896484375048,4.3854473876957,8.32668640136793,15.7866040039077,24.7162939453147,39.306196289066,62.2536621093787,71.5727734375,70.477294921875,75.5566845703125,68.287958984377,66.8588623046836,67.361230468746,47.9159765625029,31.2846679687509,49.4276367187457,-3.55764617919891
"5448",-2.99351287841823,4.25277374267616,1.32686920166027,5.77031127929739,4.98402709960982,8.1230993652351,16.5805407714859,24.8747607421897,40.3030273437536,62.2761083984412,71.835654296875,69.820048828125,75.049951171875,67.324482421877,65.2546582031212,66.2844091796836,46.7768066406278,30.7458276367196,48.2448535156208,-3.56521392822235
"5449",-3.00943298339871,4.19688934326209,1.0504133605958,5.5011505126958,4.99290649414107,7.88439575195383,16.5203479003921,25.0046923828147,40.2464624023473,61.7259082031287,71.70048828125,68.4845361328125,75.526015625,66.6579101562519,63.8957177734338,65.2177734374961,46.2886132812528,30.6585131835946,47.1205273437459,-3.16421783447238
"5450",-3.10626464843778,4.15489624023475,1.10304321289072,5.43657836914111,4.85033813476606,8.42162780761794,16.4081250000015,24.8460644531272,39.550805664066,60.9002246093786,71.0776171875,66.5978271484375,74.217197265625,65.3713769531269,61.5668652343714,63.8497460937462,44.0944531250026,29.5333837890634,46.6582666015584,-3.57461822509734
"5451",-2.99837402343777,4.26441284179726,1.366141357422,6.13947814941461,5.25726135253953,9.43754394531334,17.4478527832047,26.0310498046898,41.5272851562537,64.0279003906288,73.931689453125,70.7437548828125,79.9194287109375,70.360830078127,69.5726806640584,71.5943164062458,52.0137792968781,34.3171826171885,51.539116210933,-3.37677062988252
"5452",-3.14110382080106,4.12709808349646,1.0118837738038,5.90827758789115,5.12617675781296,8.90292846679767,16.752866210939,25.3533715820335,41.3325390625037,61.5522705078161,71.995341796875,67.591767578125,76.5945458984375,67.2026855468769,63.6485644531213,66.0793310546836,47.5342968750028,31.6908813476572,49.1265039062457,-3.28010345458956
"5453",-3.05356536865262,4.09330535888708,1.23331138610851,6.19695312500055,5.1761859130864,9.48305236816491,17.8641259765641,25.5559790039085,40.5152075195349,60.4918554687536,70.921494140625,62.950634765625,74.596630859375,64.0416796875019,51.943300781247,55.0891650390592,37.631853027346,29.4912890625009,43.4526806640587,-2.62687561035133
"5454",-3.04595855712918,3.98894653320348,1.3113706970216,6.79838134765686,6.22018432617243,10.6073486328134,19.1413342285173,26.4676123046899,39.8571777343786,58.620786132816,68.7664501953125,59.3413671875,71.2839990234375,62.0292187500018,50.1937060546846,55.5321972656217,37.8258154296898,29.1895312500009,44.5044287109336,-2.15591430664044
"5455",-3.03717926025418,3.82847991943393,1.2156071472169,6.63833984375059,5.52696105957081,10.5324755859384,18.5033984375017,26.2181103515648,39.8254370117223,61.0300390625036,71.3564453125,62.5426904296875,75.889267578125,64.4464404296894,48.6178759765597,54.2200439453093,37.447985839846,29.1821411132821,44.8102099609336,-2.0916604614256
"5456",-2.98704803466824,4.06251953125036,1.54415298461928,7.48365295410223,6.62877502441465,11.6231408691417,18.342171630861,28.3755078125025,41.8711083984412,63.0767773437537,72.830615234375,60.73484375,75.039375,62.4370312500018,42.115073242185,49.7035156249971,37.2869726562522,29.1505566406259,43.4315283203087,-1.74702163696274
"5457",-3.00478027343777,4.10558776855505,1.53743103027357,7.5207434082038,6.70408935546935,11.0364013671885,16.7598791503921,27.0302514648462,40.3017089843786,60.8220507812536,71.99603515625,60.9241259765625,75.14224609375,62.9357177734393,45.2585009765599,51.9037792968719,37.0445849609397,28.5202978515633,44.4170898437461,-2.07096923828107
"5458",-2.92359527587917,4.08868286132849,1.34897705078137,7.5862609863288,6.10868103027398,10.2928149414072,16.7964819335952,26.3815332031274,40.4919116210974,59.1383691406285,70.1364404296875,58.79005859375,73.4976806640625,61.2786425781268,45.0615966796849,51.9952783203094,36.9897070312522,27.5848339843758,43.0555224609337,-2.18933700561504
"5459",-2.83327331542994,3.91869171142613,1.29695526123059,7.08529235839907,5.62956115722706,10.3708044433603,18.4369335937516,27.583891601565,42.3275390625038,61.6065966796912,72.91703125,62.23490234375,76.311474609375,63.6092431640643,46.6711230468723,53.6161083984343,38.3728735351585,28.4579150390633,43.5853662109337,-2.37825393676737
"5460",-2.87925598144557,3.74134155273471,0.990546112060635,6.79393188476623,5.2740979003911,9.48482238769616,16.9250561523453,26.2212817382836,40.2886425781286,58.9687304687535,69.8436865234375,59.936298828125,75.440185546875,63.1459960937518,49.3400878906221,55.1648242187467,38.6800878906273,27.0060986328133,43.5054541015587,-2.76753204345679
"5461",-2.82202209472681,3.83922882080112,1.34128738403332,7.23487243652408,5.63508666992238,10.5229833984384,18.3705004882829,27.4011206054712,42.0578076171913,62.5493261718787,74.2242626953125,68.31265625,81.0434326171875,68.764492187502,63.0219970703088,64.5947412109337,45.2402441406277,31.1728247070322,50.8318603515581,-2.62758209228493
"5462",-2.78524322509791,3.95232269287145,1.40499176025403,7.15170166015689,5.79641967773489,10.7811364746103,18.4221801757829,28.0110058593775,43.8334326171914,64.1943945312538,76.0687890625,69.70416015625,82.6216015625,70.5378466796895,67.750820312496,70.1625097656208,52.2380517578156,35.142695312501,53.1801953124954,-3.32103942871065
"5463",-2.81751281738306,3.89856292724644,1.19785842895519,6.9134637451178,5.04992614746139,9.81123352050869,17.9525781250016,28.18913574219,45.4925146484416,66.844501953129,79.01482421875,74.59642578125,87.065634765625,75.3880566406272,73.5312597656207,75.8818749999955,58.387309570316,37.5595849609386,57.0646337890575,-4.17510101318323
"5464",-2.79685241699244,4.02798095703161,1.14849189758311,6.51916687011777,4.61529663085979,9.17193664550863,17.3922351074234,27.8720996093775,44.7006689453165,67.6989404296915,80.9503125,77.2412890625,88.93546875,78.1065771484398,76.9004296874955,77.5315966796829,58.3684472656285,36.2732470703136,59.5957617187448,-3.65840637206999
"5465",-2.78535491943384,4.0344979858402,1.28279129028332,7.06411499023501,5.57765197753956,10.2735058593759,18.7802148437517,28.2259667968775,44.691552734379,66.879882812504,79.6320166015625,75.21328125,86.481318359375,75.0738769531272,73.1689257812457,73.8584374999956,55.1082470703158,36.0054687500011,57.3437451171825,-3.54594299316375
"5466",-2.83713836669947,4.02621948242223,1.49537536621107,7.24864929199283,5.46902465820361,9.63853210449305,18.2643322753923,26.1680078125023,41.7883789062537,61.9349951171912,76.103740234375,69.443134765625,81.4407861328125,71.3223925781271,70.9529443359334,72.3250439453082,54.4885693359408,32.1050024414072,55.7237499999951,-3.5937823486325
"5467",-2.95448059082058,3.58652893066438,0.608702316284234,5.17596435546921,3.73649841308627,6.93732543945374,17.805003662111,26.6060620117211,44.4433447265665,68.9244335937541,83.530576171875,80.205712890625,87.67697265625,78.5190917968773,79.0191406249954,81.0435937499952,62.2839697265662,34.6098388671885,60.1792041015572,-3.7391223144528
"5468",-3.05656890869168,3.31333099365264,-0.220171012878438,3.07250976562527,1.02998245239267,2.00640945434588,11.9866223144542,22.5964794921895,40.3954638671911,66.4049804687539,82.66814453125,81.0041455078125,91.546142578125,83.7125585937524,85.30286132812,86.2702050781199,64.9858740234414,34.551777343751,59.8767773437448,-3.80278686523404
"5469",-3.00114898681667,3.5247430419925,0.433127593994179,4.92827636718794,3.30287445068389,5.78145629882864,16.4252453613296,27.3606274414087,43.9300683593789,70.3494482421917,83.877529296875,81.315654296875,90.6687890625,81.7412304687524,80.4587499999953,81.6758691406202,56.5312695312534,35.7007202148448,56.855058593745,-3.45069030761689
"5470",-2.98916381835964,3.68481994628939,0.577957992553762,5.37645874023485,3.87238739013706,5.60286682128956,15.2762341308607,25.9573706054711,41.9212304687537,67.379033203129,80.7063818359375,77.36068359375,87.32578125,76.8651562500022,70.9131054687459,71.4215966796833,45.5194091796902,32.1167236328134,49.8788183593706,-2.97051879882786
"5471",-2.90761901855495,3.81963378906284,1.48506011962904,7.13086059570376,5.98175537109428,8.56513427734451,19.0743762207048,29.6805639648464,42.8054589843788,66.1108593750039,78.69890625,73.13830078125,82.7527734375,71.8735351562521,60.188383789059,62.4654199218713,44.3231347656276,33.4864208984385,45.6258740234335,-3.30438873290987
"5472",-2.90567535400417,3.76472991943393,1.65289855957046,7.23246582031314,6.20968688964899,8.15312561035229,17.5646362304703,29.1245043945339,41.1116113281287,63.2208593750037,75.7149658203125,71.1239697265625,80.3374853515625,70.404687500002,63.7814697265588,66.5534765624961,47.2579833984403,33.5416162109385,47.2874365234334,-3.83906219482388
"5473",-3.00081298828152,3.66161468505892,1.62387863159194,7.00408569336,5.99847412109429,7.36293884277409,16.4585717773452,27.2290966796899,39.286206054691,58.724018554691,72.460224609375,68.317783203125,77.3836962890625,67.938867187502,61.8274804687464,64.9258593749962,44.4900732421902,31.5366503906259,45.613701171871,-4.17400817871057
"5474",-3.11500823974637,3.48806579589875,1.3209085083009,6.31613098144588,4.6087289428715,5.79317993164114,14.7489489746107,26.8040087890649,38.6555297851597,58.5698144531285,72.6943505859375,68.31015625,78.1092333984375,67.653144531252,56.9563623046842,60.8411621093714,41.2184082031275,29.9494555664071,42.7567285156213,-3.70415191650358
"5475",-2.97416320800808,3.46174713134796,1.38268722534192,6.30860107421931,4.96450988769576,6.68747192382872,14.6078222656263,25.4879248046898,37.6524194335971,58.2895458984409,72.7459375,68.59611328125,77.103671875,66.6734667968769,55.5570507812468,59.9722265624964,40.9042626953149,30.0752221679696,45.890830078121,-3.97334930419887
"5476",-3.09935089111356,3.2553237915042,1.0371141052247,5.66161254882863,4.42201538085977,4.69905883789105,12.9684130859387,24.1790576171897,36.2835449218782,55.4169091796908,69.55126953125,62.9614208984375,74.084619140625,64.5995996093769,52.4822753906219,58.8634667968715,37.1798974609397,25.922131347657,43.9131005859337,-4.40890350341758
"5477",-2.86118988037135,3.14151000976591,1.36575500488293,6.10985778808648,5.16473815918015,6.21801208496149,15.7561352539077,27.3598583984399,39.368989257816,61.1205175781286,74.4295361328125,67.5105126953125,75.7464306640625,66.0016015625019,45.1694726562474,53.4016210937468,35.7537866210959,27.7310937500008,44.2981542968711,-4.59334899902304
"5478",-2.96204284667995,3.06922790527371,1.29579666137707,6.59604003906309,5.84743591308646,6.0627008056646,15.7225634765639,25.9779223632836,38.1266821289097,59.393413085941,73.78087890625,68.7791259765625,77.629423828125,68.240253906252,58.3814111328091,62.4603124999963,41.1540429687525,29.7700415039071,49.0383886718707,-4.84114044189411
"5479",-2.89427154541041,2.98776428222683,1.39584136962903,6.91282348632874,6.58264770507871,8.5520697021492,18.1220385742204,28.8384790039088,42.7726464843788,66.1015332031289,77.60083984375,72.0728955078125,80.4512451171875,70.672822265627,61.1403027343714,63.9483642578087,44.5920800781277,31.1150048828134,52.6582910156204,-4.58391754150351
"5480",-2.91851257324245,2.99595245361355,1.19499130249034,5.82122863769583,4.98903259277388,7.55619506836005,14.3331359863294,25.0268408203147,38.1631640625034,58.1769335937534,70.5889990234375,62.4609375,74.5879345703125,65.2213330078144,55.1849511718718,60.0320312499964,40.9744433593775,25.6323339843757,48.4001806640583,-4.99038452148394
"5481",-2.91749877929713,2.71800415039087,1.37783355712903,6.41859924316463,5.38197021484423,9.40233642578209,15.6259106445326,26.8449633789086,41.4836132812537,64.0690039062538,74.0375537109375,67.95115234375,77.7164599609375,68.970332031252,61.2951025390589,64.0457714843712,46.1245800781278,28.5166967773446,51.236870117183,-4.77833190917927
"5482",-2.77046081542994,2.94182434082057,1.52053726196303,6.88153564453186,5.75273803710989,9.26196289062583,15.051304931642,26.8705419921899,40.0515966796911,62.3337841796912,72.31859375,66.2902587890625,76.71513671875,68.1875048828145,61.2330419921839,64.5836425781212,46.4951318359403,27.3381225585945,50.0721142578081,-5.03599365234331
"5483",-2.72419097900415,3.12730743408231,1.65227355957046,7.13759521484439,5.52441040039112,8.74746520996172,15.2656250000014,27.3797729492212,40.6519116210974,64.1387402343788,73.794931640625,68.71998046875,77.938818359375,70.4355908203145,65.3639746093712,67.129765624996,47.8303125000029,28.6828759765633,52.1229687499954,-5.02263305664019
"5484",-2.86325866699244,2.90677764892604,1.60937866210952,7.04395263671938,5.17739746093796,7.86802978515695,14.6001599121107,27.6160424804712,40.8838037109411,66.7390722656289,75.937294921875,70.9660498046875,80.7159765625,71.9820410156271,62.0027343749964,65.0134228515586,45.2722949218777,27.8503125000008,50.5147705078081,-3.90108673095669
"5485",-2.75395996093775,3.04675933837918,1.68640228271499,7.20759582519596,5.63789916992238,8.42937133789138,14.8065698242201,27.2828491210962,40.1881494140661,65.2235937500039,74.073857421875,66.33658203125,76.389013671875,67.928330078127,54.3120214843718,58.647690429684,43.6669140625026,26.843879394532,46.5257763671834,-3.82481781005826
"5486",-2.6271359252932,2.99704711914089,1.82549896240251,7.43033447265691,6.66226623535216,9.2403161621102,17.0497973632828,30.2016992187527,43.9045166015664,68.5940039062541,76.515517578125,69.111728515625,77.699990234375,69.9706689453145,60.3463671874965,63.3312939453087,49.7696044921905,31.1213769531259,49.3130615234332,-4.79519409179646
"5487",-2.50548919677757,3.1626266479495,1.59294326782241,6.81353942871155,5.32180664062547,7.57567687988349,13.9814978027356,26.3720141601586,38.9002709960972,64.4035351562538,71.792529296875,64.665771484375,73.6754443359375,66.6620800781269,57.5077099609341,61.1451660156214,45.9470654296902,28.1116650390633,47.4023486328084,-4.77258789062458
"5488",-2.79816772460963,3.0630725097659,1.41701950073255,6.60366271972715,5.1590814208989,7.07922485351626,14.2413879394544,27.3363964843774,40.3902148437536,67.0922216796915,74.538740234375,69.9561669921875,78.641103515625,71.7964062500021,65.9793115234336,67.602617187496,50.743310546878,31.5498242187509,50.8211523437456,-4.967479858398
"5489",-2.6201828002932,3.34925506591827,1.39911514282239,6.61697753906309,4.55371765136759,6.93869873046937,13.52076904297,26.2895019531273,39.4891308593785,64.8152490234413,71.28443359375,67.03306640625,75.734912109375,68.129003906252,61.4372460937464,63.8292578124962,48.5648242187529,29.5666406250009,48.0603320312458,-5.15345214843705
"5490",-2.78567687988306,3.46803802490265,1.31904876708996,6.82215454101623,4.98194824218794,8.11161743164135,14.5601416015638,27.4549511718774,40.2201831054723,65.1810400390664,71.081962890625,66.8609814453125,75.654267578125,68.0423583984395,58.918764648434,61.6684472656213,46.0933105468778,28.7290893554696,44.2512548828086,-4.31768615722619
"5491",-2.64018859863305,3.5418133544925,1.34010086059582,6.44024353027401,4.850811157227,7.67234741211006,13.6684167480481,26.0897021484398,39.2070214843785,65.3381835937539,71.542421875,68.165478515625,76.5455322265625,68.233691406252,60.1687695312465,61.5503515624964,45.1893505859402,28.9418554687508,42.9749902343712,-3.96027709960903
"5492",-2.83940643310572,3.58832519531282,1.29110351562511,6.32021484375056,4.88300537109419,7.77978027343819,13.3444946289074,26.5963061523461,39.0921191406285,65.4298095703164,71.335283203125,67.458759765625,76.261318359375,67.574716796877,56.0889648437467,58.914536132809,43.9671484375026,28.3032348632821,41.0785888671839,-3.60922302246062
"5493",-2.772155761719,3.55892639160188,1.56149398803725,6.63932128906309,5.82670898437552,8.25702270507886,14.5905883789076,26.6856616210961,39.8315991210973,64.6038623046913,70.0044287109375,66.6521337890625,76.468564453125,67.393007812502,60.6832910156215,62.9880615234338,45.9964404296903,28.8918945312508,43.3295556640587,-4.17576751708948
"5494",-2.88209045410182,3.2592266845706,1.18685997009288,6.09996398925836,4.68863372802776,6.94444458007874,12.9569775390637,26.5090405273461,39.4958398437535,64.5446240234413,70.87369140625,65.837548828125,75.636181640625,67.419521484377,54.0845263671843,56.8176513671841,40.7613305664087,27.0154467773445,39.4770141601528,-3.58663452148406
"5495",-2.94616119384792,3.36536193847686,1.32067459106457,6.41773193359432,5.5663085937505,7.82201354980539,13.8477111816419,25.8114721679711,38.728803710941,63.4362500000038,70.0869921875,64.96603515625,73.9992724609375,65.5240722656269,52.9573339843719,56.4362451171842,42.0521875000025,27.5050878906258,39.3982592773403,-3.67982086181609
"5496",-2.96058166503933,3.11381561279325,0.876462707519609,5.99967712402397,4.93575195312544,6.86197692871155,13.6986181640637,25.6826879882835,39.428852539066,65.6542480468789,72.260673828125,68.1513134765625,76.588564453125,68.195478515627,49.7131201171846,55.3639746093717,40.1538110351587,26.7806616210945,39.2823193359341,-3.43415924072236
"5497",-3.00019714355496,3.04157287597683,0.843090286254958,6.14032226562555,5.60563232421925,8.12574890136791,15.3705273437514,26.6067065429711,39.651469726566,63.4730761718788,68.5690234375,63.95478515625,73.379833984375,64.9578808593769,52.7158740234344,56.3360253906217,41.515708007815,28.0083789062508,40.6034960937465,-4.17727905273401
"5498",-2.98650390625027,3.03301696777371,0.908712539672933,5.85068847656302,4.9013140869145,7.0312585449225,14.3325781250013,25.9503173828148,40.1336401367223,64.7215234375038,70.5273828125,66.5416015625,76.836171875,68.7915771484395,59.9118261718715,62.5385156249963,46.0028955078153,30.8729101562509,46.2233740234335,-3.76323730468717
"5499",-3.17373260498075,2.92921691894557,0.661021804809629,5.5064630126958,4.05913482666052,6.22556152343805,13.038299560548,24.5904956054709,38.1455126953159,60.8232128906286,67.5101904296875,62.8945166015625,74.988955078125,66.7595214843769,57.1479150390592,61.4549414062464,44.7426220703152,28.6937036132821,45.9484130859335,-4.28856964111291
"5500",-3.18204528808622,2.91573303222682,0.932312316894614,5.58695556640675,3.86133117675816,6.15494689941461,13.4582824707043,24.9539892578147,39.3874438476598,63.2463671875037,69.18494140625,63.943720703125,74.405322265625,66.0940039062519,51.4648388671845,57.1686132812466,40.8517626953149,27.0378027343758,45.0458300781211,-3.67842163085905
"5501",-3.25125000000029,3.08116546630887,0.922366561889731,5.86781372070365,3.67831848144564,5.82936096191458,13.4199499511731,24.2169726562522,38.5887255859409,61.7704687500037,67.8237890625,62.984033203125,73.33388671875,65.5932763671894,51.757275390622,56.9513964843716,40.2068652343774,28.6742016601571,46.4099853515584,-3.4181039428708
"5502",-3.26579040527373,3.01088134765652,1.05888092041025,5.32780212402391,2.93401580810573,5.15051818847702,12.9034289550793,23.9353344726584,39.3777612304723,61.8985595703162,67.2957275390625,61.715634765625,73.6406640625,65.7420849609394,53.2102441406219,57.6442822265591,40.0993627929711,26.9246044921883,46.6631347656209,-3.52214324951141
"5503",-3.16877258300809,3.21072937011747,1.22862350463878,5.71046997070363,2.93089355468776,5.13900573730515,12.9846337890637,24.7175976562522,38.4687646484409,62.2545507812537,67.7597216796875,64.2665478515625,75.5631494140625,67.1865576171895,57.0393457031217,60.8735839843714,42.5402050781275,28.6332690429696,50.6490673828081,-3.80616241455045
"5504",-3.11525482177762,3.19299346923857,1.32448837280285,5.92029968261772,3.66163024902376,5.66526489257863,15.1892614746107,26.5959130859399,39.6103027343785,64.2221777343788,69.7772021484375,67.66287109375,78.61451171875,69.870849609377,59.465883789059,61.6525048828088,45.0839697265652,30.4610302734384,51.356450195308,-4.18852661132776
"5505",-3.00224822998074,3.29687805175811,1.37125549316418,5.57030151367237,2.94715911865261,4.18901428222694,14.8215039062513,26.4356689453149,39.444516601566,65.1703808593789,69.72998046875,64.4148681640625,74.003193359375,64.2807177734394,43.6688574218724,48.6652197265596,34.9374291992208,24.4871142578132,44.2619042968711,-3.5998483276364
"5506",-2.89311645507838,3.59355194091829,1.86996887207048,6.57212341308652,3.54153564453157,4.10015991210974,13.5656872558606,24.4829321289084,33.6679711914093,62.0680468750037,67.06443359375,60.6998681640625,70.8074609375,62.5483300781268,38.568791503904,45.8510205078098,32.822558593752,23.2879394531257,40.045288085934,-3.55374359130828
"5517",-1.83212097167985,5.24208251953172,0.60061302185064,6.43703430175839,3.73225830078158,5.12934448242233,12.7683447265636,19.2571142578142,33.329863281253,59.5242871093785,59.4562841796875,58.87216796875,66.716904296875,62.5881542968768,56.3312597656217,57.6582812499966,30.7462573242206,29.3814111328134,40.8728906249964,-2.79758911132788
"5518",-1.80207382202165,5.39401977539111,0.511638259887741,6.00434936523491,3.07125915527371,4.30148803710976,12.5912084960949,19.505344238283,33.970644531253,63.8930566406288,65.0046875,67.459150390625,76.8219140625,72.0554150390646,70.0858935546834,69.6955517578084,42.5182324218775,32.4778759765634,47.0103173828084,-2.90040405273412
"5519",-1.70040756225601,5.42914245605517,0.693711547851624,5.93336242675834,3.36946533203155,3.9789755249027,12.4176965332042,18.7209667968767,34.7861425781281,65.2830468750039,66.8516015625,68.457880859375,77.9323583984375,72.3095605468771,70.4970117187459,70.9411523437458,46.7642187500028,33.1226977539072,49.1879296874957,-2.75078491210913
"5520",-1.58247680664077,5.54027160644581,1.09236129760752,6.72238525390685,4.7227346801762,6.21967590332087,13.8026513671887,20.7513281250019,34.8230175781281,62.3439550781287,63.0103173828125,62.5987841796875,71.5156298828125,65.2909082031269,58.0468066406216,59.7910937499965,35.9681616210959,30.0059130859384,43.5250195312462,-2.09405578613263
"5521",-1.67545639038101,5.59469116210987,0.988392791748135,6.69049682617247,4.65646545410198,5.95209228515678,13.1806408691418,20.8529321289081,35.4963330078157,63.5566406250038,65.6881640625,64.63140625,72.643818359375,66.5481640625019,60.335346679684,61.5569140624963,36.8533813476585,30.6296093750009,46.4786230468709,-2.21261947631817
"5522",-1.68822906494156,5.66532958984426,0.905363082885823,6.73774536132873,5.04401428222701,6.31783752441463,14.1201940917981,22.3024780273457,36.6340966796908,63.9630175781288,66.696923828125,65.537275390625,74.251298828125,67.711240234377,60.5350976562465,62.8162011718713,39.3218945312524,31.5915869140634,47.2732324218709,-2.06246231079083
"5523",-1.73336151123062,5.43813049316455,0.897388381958088,6.51836181640683,5.00003387451216,5.90759277343803,12.5674047851574,22.1413208007832,36.6909960937533,64.7847753906288,68.0706689453125,67.1061328125,75.7652099609375,69.416142578127,62.4882421874964,64.3829882812462,40.2224365234399,31.3794921875009,46.6545947265584,-1.83643157958968
"5524",-1.8196836853029,5.2803479003911,0.690625000000062,6.50619018554745,4.68074707031292,5.8354138183599,13.4579846191418,21.9723706054707,39.097690429691,68.026318359379,72.31974609375,71.1430908203125,78.766484375,73.1646923828146,67.778935546871,68.8597216796834,44.4709082031277,33.1735888671885,48.8714550781207,-1.88964340209944
"5525",-1.85434753417985,5.18981201171921,0.597434921264702,6.37576232910213,4.87332702636762,5.71465087890676,12.9483300781262,22.3581201171895,39.9579638671911,69.6233105468791,74.0906396484375,73.6282177734375,82.5705078125,76.2351464843772,72.3553027343708,73.4310058593707,48.5050390625029,35.0950146484385,51.4951953124955,-2.16558135986309
"5526",-1.92926498413103,5.10909729003952,0.811606826782299,6.61641235351622,5.18718261718796,7.00152587890688,13.1558813476574,23.7780078125021,41.0671044921912,69.0972363281291,73.479375,73.0946826171875,82.26103515625,76.3642968750022,74.5020654296831,76.3838378906205,53.6679199218782,36.4322534179698,53.0110986328079,-2.4152618408201
"5527",-1.87696777343767,4.8925753784184,0.453571510314982,6.00475769043022,4.34054595947304,5.66216430664113,11.0859741210947,21.4308496093769,39.7200000000035,69.3409814453166,74.836005859375,75.2841015625,84.91529296875,79.3460400390648,77.8712988281204,79.7716601562453,55.7142089843783,37.8166430664074,53.5808398437453,-2.28369293212871
"5528",-1.99047912597674,4.90124877929731,0.629647979736384,6.57858398437559,5.14387329101608,6.78054077148498,12.3937841796886,23.2192187500021,41.9797509765662,70.3504101562542,75.2465185546875,76.2384033203125,85.55828125,79.8530273437523,77.556684570308,79.4008203124953,51.9586132812531,38.3152197265636,52.7851513671829,-2.24794876098613
"5529",-1.92164138793963,4.68945800781292,0.470064239501995,6.17198364257868,4.6737454223637,6.06699951171929,12.6108349609386,22.5315551757833,41.5691308593787,70.6769335937542,75.1374853515625,74.7962939453125,83.0786328125,78.0457177734398,74.1710302734332,76.522563476558,47.7897753906279,36.6390063476573,51.898999023433,-2.18817596435528
"5530",-1.91235122680681,4.57091796875041,0.654559631347715,6.48998413085995,4.94176300048872,6.86652587890686,12.8556945800793,22.7221240234395,43.0434277343788,72.3299462890668,76.9097265625,77.205400390625,85.831396484375,80.2929296875023,78.3409326171829,79.6517333984328,51.5256054687531,39.0834960937511,54.6761425781202,-2.11032699584942
"5531",-1.88014221191423,4.62002990722697,0.932223281860435,6.68038391113341,5.0817993164067,7.73324218750069,13.5017602539075,23.3517553710958,43.4462988281289,71.2425341796917,75.7894775390625,75.41869140625,83.005341796875,77.2051269531272,70.8219091796834,71.9999609374957,44.2436328125026,36.5770996093761,51.1505859374955,-1.66571395874009
"5532",-1.73064392089859,4.70599822998089,1.11180511474619,6.75001281738341,4.85915679931684,7.66692138671943,12.0082873535167,23.1247949218771,43.7449267578164,71.0174609375042,76.5004150390625,76.852197265625,85.11728515625,78.9186230468773,73.7110351562457,74.4017871093706,44.0982617187526,36.8662597656261,50.2104003906206,-1.44974456787097
"5533",-1.84618835449235,4.52526489257853,1.0265648651124,6.47261230468808,4.80478973388715,7.00849548339906,11.0577770996104,22.7432177734395,42.9902832031288,69.9903613281291,77.1796923828125,78.108427734375,86.4222265625,81.3240673828149,81.6706445312452,82.8842285156201,59.4905957031286,38.3924194335949,54.0227099609328,-2.03121337890607
"5534",-1.76525787353531,4.55955017089884,1.1221369934083,6.80151733398498,4.89353820800825,7.55397216796942,11.7431042480479,23.0301586914083,42.3038574218788,69.4831250000041,77.25646484375,77.855302734375,86.725400390625,81.0425976562524,80.7856103515578,81.3855908203077,56.9119628906284,37.2865966796886,51.642788085933,-1.47536376953112
"5535",-1.87053070068376,4.31308380126992,1.10484245300303,6.27917358398494,4.82463073730512,7.10394714355532,11.8264721679698,23.7218945312521,44.347548828129,71.5770019531292,80.98796875,82.49865234375,91.1612890625,86.3767968750025,86.5113867187449,87.2286132812448,53.8816699218782,37.8466455078136,52.7805615234329,-0.711766815185485
"5536",-1.89298553466814,3.6912243652347,0.460389823913615,4.90176544189497,2.77317321777369,3.69147155761752,6.74440795898498,19.1889160156267,40.2305883789098,68.5840966796916,79.8795458984375,84.92109375,96.573203125,93.1142578125027,96.1366699218694,97.3750292968692,67.595136718754,36.9999804687511,54.0410693359328,-0.997872695922764
"5537",-1.90034042358415,3.51131103515656,-0.339328880310089,2.88338867187526,1.11525909423838,-1.34634811401379,-0.05752189636231,10.5149230957041,30.4990136718777,55.6111621093783,70.2091259765625,79.23994140625,93.990322265625,92.7287695312527,101.568066406244,104.295751953119,88.3589453125053,39.6435693359387,53.8141748046828,-0.892306900024336
"5538",-1.97313140869158,3.71389099121127,-0.391086120605504,2.81592407226588,0.898522186279377,-1.50862991333021,-0.182512054443376,10.6158422851572,29.1772412109401,54.7540234375032,69.2459619140625,79.055205078125,93.48490234375,91.8341210937527,100.349999999994,102.714521484369,86.2479980468802,42.1145068359387,55.0540917968702,-0.774327011108331
"5539",-1.86103164672868,4.12572021484412,0.162221508026138,3.829315490723,2.2678173828127,1.5808502197267,5.56629028320362,16.6442993164077,38.1629052734409,68.4925732421916,80.1923486328125,86.589443359375,98.29275390625,95.0363476562528,101.255624999994,104.167402343744,86.9059765625052,35.666181640626,62.6298437499945,-0.55883155822749
"5540",-1.90916000366228,4.62448608398479,1.24026168823253,6.25625793457087,5.36719177246142,8.60776000976639,14.02447998047,23.7122094726584,44.6216259765665,72.0332128906293,80.83650390625,81.059443359375,89.319375,84.7903320312525,87.3518749999949,89.9314843749947,71.2691308593793,41.0369531250012,55.8872558593701,-1.39924499511706
"5541",-1.80112487792985,4.83617126464887,1.56338058471694,6.85234436035217,5.85797363281302,9.0011083984383,16.3814550781265,25.596901855471,46.7295898437542,73.4076855468793,81.25015625,80.69203125,88.09599609375,82.8814746093774,83.6684765624951,85.4388085937449,64.5242968750039,39.5349511718762,54.4195507812452,-1.43650985717761
"5542",-2.17970489501973,4.73613769531292,1.39089782714856,6.47398986816464,5.3297521972661,7.34861877441472,14.9964697265638,23.3825146484396,43.8634179687539,71.3072167968792,79.23677734375,77.3202001953125,84.42654296875,79.7854589843773,79.0756835937454,80.0935546874953,57.8629492187535,34.591904296876,51.6051855468705,-1.49782196044909
"5543",-1.98035400390643,4.9896899414067,1.58429199218764,6.55458862304746,5.28025451660203,7.82634643554757,16.7830480957046,25.212927246096,44.9529150390665,71.6803222656292,79.5158447265625,77.23419921875,83.741015625,79.2445849609398,79.5238867187454,81.1161523437452,62.9419091796913,37.1185205078136,53.2408496093704,-1.93435668945296
"5544",-1.95511947631853,4.81286956787152,1.59449142456069,6.07223510742242,4.44850921630899,6.83636535644592,15.1707604980482,24.1171679687522,42.7558300781288,68.2220361328165,76.3836767578125,73.2370751953125,81.6115625,75.9174853515647,73.3945605468707,74.7376953124956,54.6176464843783,33.019521484376,49.1199609374957,-1.49315917968737
"5545",-2.02834487915057,4.95168670654341,1.87807830810564,6.11184020996148,5.05139343261764,7.36197143554753,16.6054895019546,25.0601806640647,42.2529638671913,68.098505859379,75.812666015625,71.5118212890625,80.04357421875,73.6069628906271,66.3412060546836,68.239433593746,46.2440869140653,30.5557275390634,46.6258349609334,-1.53628997802721
"5546",-1.99805114746112,4.95480194091841,2.06435272216815,5.88908935546927,5.16488403320358,7.51859375000067,17.0622851562515,24.9591137695335,42.0075830078162,66.2207763671914,74.418486328125,70.6145361328125,79.4135791015625,72.4221435546896,65.9550537109336,66.920371093746,44.1359667968776,30.3596875000009,46.6113525390584,-1.57806991577135
"5547",-2.18521179199238,4.77757812500043,1.69762649536148,5.23038146972703,4.42072387695352,6.94183044433656,17.2158813476578,26.4617822265649,42.4660742187538,68.0252880859415,77.277109375,73.4388330078125,82.3563671875,74.9426953125022,64.9497949218712,67.0858056640585,41.7314550781275,29.6767578125009,47.1809423828084,-1.22373641967763
"5548",-2.19807205200215,4.62870666503948,1.54777099609389,5.16114868164109,4.38636840820352,7.07109252929751,16.6518872070327,26.7577905273461,41.3113037109412,69.1652001953166,77.1094921875,73.619150390625,82.9865234375,75.6198681640647,68.928095703121,71.1243554687458,46.4139355468778,31.0881274414072,50.3924755859331,-1.78011184692367
"5549",-2.14770248413105,4.65648986816448,1.82175262451188,5.47476684570361,4.92581176757856,7.86608642578195,17.0796020507828,25.113786621096,39.9936669921911,66.3841064453164,74.895625,71.496416015625,79.5567138671875,73.0042773437521,67.710791015621,69.5040917968709,45.1484667968777,30.8046923828134,50.9708300781205,-1.70635467529282
"5550",-2.23470504760762,4.74451416015667,1.87157714843767,5.85487915039115,5.03998840332076,7.31750061035221,16.7510363769546,24.4213330078147,38.0423486328159,62.4203173828162,71.30443359375,67.7577587890625,76.2498583984375,69.687197265627,64.2489746093712,66.784941406246,42.2899804687525,29.1919482421884,48.7229882812457,-1.75383483886703
"5551",-2.38565582275412,4.71293853759808,1.91740203857439,5.98675231933647,4.53542144775431,8.46214355468825,16.809799804689,25.1007739257835,39.9357324218786,66.7506494140665,75.985146484375,74.213525390625,80.3174658203125,73.6756152343771,66.6674853515586,67.2569189453085,40.2658837890649,30.2544213867196,48.7175683593707,-1.26628799438466
"5552",-2.52787170410179,4.68582305908245,1.61693527221694,5.87013305664115,4.18970001220741,9.21417724609457,15.8411230468764,23.4300073242208,36.8036157226595,63.4171337890663,72.673974609375,69.815322265625,77.173359375,70.9649707031271,66.0354833984336,67.782324218746,43.5702050781276,30.1634472656259,48.6498339843708,-2.46722991943338
"5553",-2.47315429687522,4.59176391601603,1.57215499877944,5.17288757324265,3.41567565917999,7.56398498535224,15.6890466308608,22.9755712890645,38.0059936523471,64.9667480468788,74.5413671875,73.619482421875,79.4516796875,73.4319287109396,71.3358007812458,72.7110400390582,50.026601562503,31.9425122070322,50.9769042968705,-2.66512756347633
"5554",-2.63226531982445,4.45755706787149,1.57349487304702,5.29283935546922,3.89069427490269,7.81592102050851,16.4393249511733,24.3663769531272,40.2969433593786,66.701142578129,76.6587255859375,76.6110888671875,81.49080078125,75.5902441406272,74.4319824218707,75.6791894531205,54.2417431640657,32.6986791992197,52.8575683593704,-3.13128509521457
"5555",-2.60792938232445,4.47317169189493,1.43701004028333,5.4674884033208,3.61479919433626,7.40502075195379,14.8379638671888,22.5745239257833,37.2682812500033,61.5598339843786,72.130537109375,70.2518212890625,76.945703125,69.986396484377,67.1282373046836,68.4650830078084,49.0480517578154,29.1071630859383,49.0085742187457,-3.21595031738253
"5556",-2.73488922119165,4.53328674316447,1.6994360351564,5.68224853515676,4.27504455566444,8.31574279785231,15.3226196289076,23.8151342773459,38.739672851566,62.7779785156287,72.464599609375,70.3929638671875,75.545654296875,68.7295458984395,65.4391259765587,66.829609374996,47.6192187500029,28.6693554687508,48.1142626953083,-3.37781005859346
"5557",-2.79887268066431,4.60390869140666,1.62403762817397,5.76974548339895,4.32677368164101,8.5872406005867,16.7932165527359,25.5712304687523,39.3734472656285,64.8011230468788,74.20869140625,72.833193359375,77.9332177734375,70.533535156252,68.278896484371,69.3599560546834,50.017187500003,30.3432617187509,51.7702636718705,-3.26310333251925
"5558",-2.69135437011743,4.65860168457073,1.96462493896502,6.20893249511774,4.46821990966837,8.88815307617267,16.2372509765639,23.9924780273459,38.0780126953159,60.7345703125036,71.37505859375,67.0042236328125,75.1951806640625,66.9372607421894,64.6785351562462,65.8242333984336,45.6989062500027,28.6235156250008,48.5498925781208,-3.47791473388641
"5559",-2.77398376464869,4.53934326171916,1.63591278076186,5.55223876953174,3.67888031005892,7.11610839843813,14.9231738281263,22.9115258789083,36.549733886722,58.422416992191,69.45431640625,64.7169140625,73.36251953125,64.9258203125019,62.7950585937463,65.0665332031211,42.9847021484401,26.0634521484383,45.236562499996,-3.59420043945281
"5560",-2.7591787719729,4.61230224609416,1.89950225830095,6.00833007812554,4.58652709960978,8.40654113769606,17.3237963867203,25.9587524414086,40.4863671875036,64.2487109375038,74.72603515625,72.406083984375,79.2054833984375,69.5081298828145,65.7705468749962,67.473955078121,48.3014697265654,32.1182177734384,48.5869335937458,-3.07453430175754
"5561",-2.82654296875025,4.43804595947305,1.63497817993179,5.83005126953177,4.04172119140661,8.37746704101637,16.9502172851578,25.9283911132836,39.5919848632848,65.0672363281288,75.592802734375,71.37994140625,79.1012353515625,69.164355468752,60.553833007809,63.2571191406212,42.149926757815,29.2794970703134,44.8793457031211,-2.69698638915992
"5562",-2.70722625732446,4.40442382812539,1.87183319091814,6.35460327148494,4.26333984375038,8.44347045898513,15.6159313964858,24.8168017578147,38.2714257812534,60.8713916015661,72.5881787109375,69.0820703125,77.962060546875,68.1301318359395,63.2715527343713,66.5194140624961,45.2180566406277,30.0389062500009,47.5741015624958,-2.95333740234349
"5563",-2.66546203613305,4.5188232421879,1.71673110961929,6.32657409668025,4.40929504394571,7.87468627929758,16.2931311035171,23.9940405273459,38.2134643554722,61.8140869140662,72.9348974609375,69.273994140625,78.2675439453125,68.5314990234395,63.6169238281213,67.248876953121,48.2733203125029,31.1327734375009,48.6055224609333,-3.02337982177708
"5564",-2.77151672363306,4.33812988281289,1.6496606445314,6.48765014648495,4.67550109863323,8.96051513671955,18.564857177736,25.6142700195335,39.1699682617222,61.9165332031287,73.3151220703125,67.2140625,78.5084033203125,67.975849609377,61.7661474609339,65.2923388671836,46.2244921875028,31.5346362304697,49.1581249999957,-3.01205352783177
"5565",-2.77505432128931,4.15082550048865,1.60786163330093,6.52617492675839,4.5737127685551,7.99853027343821,18.1833312988297,24.7311352539085,38.3807275390659,58.519780273441,70.356376953125,64.701220703125,77.10345703125,66.7142285156269,61.4448828124964,65.2147070312461,45.6666406250027,30.0719531250009,48.9908642578082,-2.85789703369116
"5566",-2.73856964111352,4.25433746337929,1.5431483459474,6.60997924804746,4.74328247070355,9.62760803222742,19.6780712890643,26.8533325195336,40.3679101562536,61.7533203125037,73.4658544921875,66.461474609375,78.20453125,66.7906396484394,53.1172949218719,59.2522070312465,40.9001928710962,29.1659521484384,46.7791894531209,-1.94255920410139
"5567",-2.79734863281275,4.17983917236365,1.67863586425796,6.88000854492249,5.08736450195358,10.2655712890634,17.1992382812515,26.7484106445336,40.6441259765661,63.6392187500038,73.4021533203125,66.8785888671875,79.8016748046875,68.2991357421895,53.9872656249968,58.858588867184,41.4134960937525,29.0985693359384,48.4192578124958,-1.9689669799803
"5568",-2.83591186523463,4.28108520507851,1.70440399169937,6.72905639648497,4.72662780761761,9.10712646484456,15.9137133789077,26.8407641601586,39.7586816406286,61.6837744140662,71.751572265625,61.4709912109375,76.5973193359375,64.6391503906269,48.3392626953097,55.3570117187467,37.3538574218772,26.7655761718758,44.4355322265586,-1.93926055908186
"5569",-2.66975952148461,4.13288604736365,1.60311721801772,6.61492919921934,5.02799987793014,9.01193725586018,16.2556042480483,25.6527783203148,37.9781982421909,59.146196289066,70.28390625,62.060595703125,76.570419921875,64.0771679687519,52.4516357421844,58.0158691406216,39.9639379882836,27.3005517578133,45.7100048828085,-2.24133697509746
"5570",-2.6300885009768,3.95026489257848,1.37567703247083,6.47438964843808,4.31836975097695,8.25701904296949,15.9354589843764,24.6501684570334,37.9027490234409,60.3134375000036,71.857666015625,65.2147900390625,79.57095703125,67.6426708984395,59.7428613281215,64.5459667968712,44.4713085937527,28.2342187500008,47.7535937499958,-2.36918182373026
"5571",-2.77255889892603,3.83735595703159,1.43616271972669,6.47211364746151,4.76390533447308,8.75026123046953,17.369301757814,25.9921875000023,40.3349267578161,63.3274658203162,74.0359228515625,68.0862939453125,82.1456640625,69.401787109377,60.6879882812465,63.9735498046837,43.4491992187526,29.5279223632821,49.0269042968707,-2.35635162353495
"5572",-2.59981506347679,3.98888916015661,1.63117050170913,6.71510986328185,3.87746398925816,7.85137512207101,16.2067614746108,24.8597705078147,38.9669604492222,59.9860400390661,71.7899169921875,65.626572265625,80.2746484375,68.225244140627,62.5301953124963,66.0509765624961,44.6096484375027,27.4740429687508,47.9260742187458,-2.66898803710914
"5573",-2.71472290039087,3.93762878418004,1.28923812866222,6.67684875488341,3.82376586914097,7.28821472168034,16.0615368652358,25.5456762695335,40.4223144531286,62.2542578125037,74.196240234375,69.204306640625,82.4565234375,69.7988623046895,64.6758935546837,67.761503906246,48.1677343750029,28.9914086914071,49.6575927734332,-3.01599731445286
"5574",-2.7039639282229,3.76385070800815,1.32323486328137,6.26440429687556,3.31728302001983,6.94275207519593,15.7365563964858,24.9045458984397,40.4217163085974,61.1080566406286,72.7526513671875,67.306572265625,80.9644287109375,68.748046875002,61.3908398437464,64.0635009765587,43.6550781250026,27.4136669921883,47.3613427734334,-3.20217529296847
"5575",-2.60388763427758,4.09650695800818,1.41712097167981,6.85599853515686,4.66201660156292,8.62689086914139,18.239769287111,28.6151171875026,45.109941406254,66.5075244140664,78.4133544921875,73.6229052734375,85.585380859375,73.6402539062521,67.1660693359336,69.2346582031209,50.763740234378,31.3117700195322,52.1584033203079,-2.46156280517557
"5576",-2.7735830688479,4.06742492675818,1.72971984863297,6.93332641601624,4.98587341308638,9.49410156250085,18.2394238281266,27.7969824218775,43.2874804687539,63.9134667968788,75.1862744140625,70.287890625,81.70091796875,70.308359375002,65.3875683593712,67.3890185546835,50.596816406253,30.8661914062509,50.9368554687455,-3.12406494140598
"5577",-2.65139526367211,4.14490600585974,1.79135696411149,7.00196105957094,4.9041949462895,10.0611651611337,20.5995532226581,29.1046997070338,44.853251953129,66.7523730468789,78.3728759765625,74.288212890625,84.71615234375,73.3955566406271,70.8291503906209,71.9017968749957,55.3861669921908,34.9197412109385,55.2993749999952,-3.04085327148411
"5578",-2.87645385742213,4.05922668457067,1.69242416381851,6.92550842285218,5.68054870605519,9.57988403320398,21.6045092773457,28.6038012695338,44.444814453129,66.4583642578164,78.180234375,75.049306640625,77.29181640625,67.371376953127,61.6795458984339,63.6920117187462,48.1125878906279,28.7177026367196,49.7045117187457,-3.75498199462858
"5579",-2.82454742431666,3.94873565673863,1.385164794922,5.89589843750052,3.74767974853549,6.89558471679749,17.3574780273453,25.5077343750023,41.2377978515662,64.8777441406288,76.83646484375,74.025146484375,77.366494140625,68.5456591796895,63.5682519531213,66.3234765624961,47.6236279296903,27.1954150390633,48.9996093749957,-3.82137695312467
"5580",-2.7753637695315,4.05495971679724,1.55373962402358,6.93193237304749,5.58582641601612,8.20324707031323,18.2639941406266,28.4451464843775,42.2213867187538,64.7847070312538,75.981767578125,72.063203125,74.6942724609375,65.9546972656269,59.9243457031215,63.2047119140587,45.0324218750027,28.6248925781258,45.515224609371,-3.87382507324185
"5581",-2.76256011962915,4.02678894043005,1.6957560729982,7.2710424804694,5.65048706054738,7.26991088867252,16.3402221679702,25.1890673828147,39.9352294921911,60.1802294921911,72.5634228515625,67.2813134765625,74.947900390625,65.7524707031269,59.5184179687465,63.0915722656213,43.6253955078151,28.8006811523446,44.7120361328086,-3.85532989501919
"5582",-2.85574615478541,3.90356750488316,1.58004516601577,7.0175671386725,4.58861114501994,6.29125488281306,17.5429858398453,27.6546752929712,41.6305175781287,65.2086914062539,76.7741015625,73.1306103515625,81.389541015625,71.9678320312521,65.5868652343712,69.2768896484334,49.2255371093779,33.0368188476572,48.3659179687458,-3.28931121826143
"5583",-2.99648895263699,3.57759277343782,1.52046005249037,5.93888244628959,3.81072998046909,4.44343780517618,14.4019677734388,25.4627832031273,38.5975683593784,62.7259179687537,74.2625537109375,72.7487744140625,79.92634765625,70.666640625002,66.0221386718711,68.4082421874959,48.4313769531279,31.7612084960947,47.9227392578083,-3.65601226806609
"5584",-2.85372772216822,3.63483093261751,1.54957183837904,6.29378051757869,4.13083068847693,5.40710754394579,15.8275891113295,26.6294311523461,39.5781323242223,62.1406054687537,74.14943359375,71.6758642578125,79.06841796875,70.0312646484395,62.7802441406213,65.8454492187461,45.4428125000027,31.0506298828134,46.9597949218709,-3.38294738769502
"5585",-3.09067565917996,3.51178894043,1.45356460571302,5.94507995605522,3.79691680908237,4.85551391601606,14.2174645996106,26.7776977539086,39.2690917968785,59.6713378906285,73.0985107421875,68.7088525390625,77.13138671875,67.767841796877,54.3962597656218,59.692260742184,39.6793945312524,28.2911547851571,43.2016503906212,-3.36904663085908
"5586",-3.03598632812527,3.17818908691435,1.36123001098645,5.44548217773486,3.72631256103549,5.50087158203174,14.0734912109388,26.0418994140648,40.0921899414098,60.9959375000036,73.6642626953125,70.18404296875,78.3073681640625,67.854863281252,56.4627685546842,62.0175195312463,40.4078320312524,29.1349902343759,45.4193017578085,-3.66790588378874
"5587",-3.10650573730496,3.22783081054716,1.50471664428724,5.88698181152396,4.71866058349651,6.30145629882869,15.0004772949232,27.6530688476587,40.0058398437536,62.5914160156287,74.407216796875,70.8701953125,78.02421875,67.972255859377,57.2172167968717,62.2727001953088,42.55958496094,30.1923583984384,48.5126660156208,-4.3287585449215
"5588",-2.99141174316433,3.05669250488309,1.48663909912123,5.93035400390678,4.45607543945352,6.2952484130865,14.9005871582045,27.2686181640649,39.4003100585973,63.8888378906288,74.67009765625,71.6346240234375,78.341123046875,68.971142578127,55.2236621093718,61.9221972656213,40.1977392578149,29.1198242187509,49.2740185546832,-3.7657254028317
"5589",-2.97075317382839,3.07981048584012,1.38870620727551,5.65880859375051,4.48132354736368,6.32710449218806,16.2183215332046,28.57138183594,40.9848388671912,68.3507275390665,80.1875927734375,77.5893798828125,84.373701171875,74.5181152343772,61.8472509765589,65.7990039062461,41.8049414062525,30.4469116210946,52.3396044921829,-3.51371978759735
"5590",-2.93500549316432,3.02689819335964,1.3155439758302,5.4250274658208,3.83608551025425,6.26636596679743,15.171998291017,26.5006640625024,39.8601220703161,64.2384619140663,75.4314697265625,70.2344970703125,78.971845703125,69.207119140627,54.0853710937468,60.4238671874964,39.9685302734399,26.5346582031258,49.8606249999956,-4.44617218017539
"5591",-2.89183990478541,3.19962585449247,1.29448364257824,5.30307006835985,3.45691406250031,6.59476440429746,16.0699414062514,27.3700805664087,41.4754882812537,67.1224853515665,78.3548876953125,73.799111328125,82.719111328125,73.4788183593771,63.8677343749963,67.2278662109335,45.4469091796902,28.3784179687508,53.8931835937453,-4.47175109863242
"5592",-3.01274566650418,2.43849594116233,1.6051992797853,5.85672485351615,4.31212615966835,8.10104736328197,16.2615136718765,27.57337402344,42.1091015625038,67.006679687504,77.0978759765625,71.4805224609375,80.72431640625,72.1455566406271,65.7191406249962,67.7589892578085,49.502197265628,29.9773901367196,55.2652148437452,-5.24178649902298
"5593",-2.82047332763697,2.5999386596682,1.69302932739273,6.7585986328131,5.40970336914111,9.35942016601646,17.2265112304703,29.8532446289089,44.865449218754,69.1787011718791,78.482705078125,72.92333984375,81.95318359375,73.6575634765646,64.5479541015587,67.498740234371,50.110205078128,30.7656396484384,54.6442626953077,-5.13297363281205
"5594",-2.87794982910182,2.9442132568362,1.75693511962906,6.94618774414124,4.77866638183636,8.83145996093829,16.8792797851578,30.9655444335965,44.9893603515665,69.5569042968791,78.1967822265625,73.5506103515625,84.4051953125,74.9436669921897,68.2104248046835,70.4830273437458,52.8268994140657,31.5904931640634,55.3045361328077,-5.45484802246046
"5595",-2.94076385498073,3.02706787109402,1.80729125976579,7.10192749023501,4.82932739257856,8.30982116699293,16.4064355468765,30.405510253909,45.8690429687541,69.8510839843791,78.39501953125,73.196787109375,82.8175390625,73.7688476562521,64.0358789062463,66.6912744140585,49.981279296878,30.2949023437509,52.9937255859329,-5.3071099853511
"5596",-2.76122222900415,3.14358825683622,1.4957443237306,6.87456481933655,4.72185516357464,7.61663024902412,15.1118652343763,28.4520312500025,42.3691064453163,66.725361328129,76.08400390625,71.4020751953125,80.196865234375,72.5599316406271,65.5272119140587,67.621406249996,50.508330078128,29.5754052734384,52.9197705078079,-5.29932128906204
"5597",-2.79688873291041,2.59774688720726,1.49726409912123,6.354159545899,4.10593505859412,7.63376708984443,16.3151257324233,30.2446289062527,45.4447119140666,69.4306884765666,77.50029296875,71.61708984375,80.8230517578125,72.9674267578146,67.2327343749961,70.2124121093708,54.3049804687533,33.0031713867197,53.5819091796828,-5.36521728515578
"5598",-2.6316281127932,2.9656683349612,1.39555618286145,6.37407592773494,4.24904846191444,7.36770690918035,15.235338134767,28.506059570315,42.5797216796913,67.605732421879,75.3565087890625,69.1678369140625,78.2800390625,70.8540673828145,63.1568261718713,66.2930468749961,50.653740234378,30.4519580078134,50.0659521484331,-5.21989135742142
"5599",-2.92157958984401,2.79506042480494,1.3355000305177,6.05818664550835,4.33731567382851,7.1957818603522,14.6107983398451,27.564477539065,41.6086328125037,66.4942578125039,74.1636669921875,68.8490869140625,77.2778125,69.663623046877,64.5241064453087,65.9567333984336,51.4079492187531,30.8489746093759,50.9949023437456,-5.96752014160104
"5600",-2.81199615478541,2.91170410156276,1.34432113647473,6.1400854492193,3.81711273193394,6.97671691894594,14.6027673339857,27.2366918945337,41.6367919921912,66.3610400390664,74.4766064453125,70.652021484375,78.44068359375,71.1698535156271,66.2329296874961,67.723330078121,50.928232421878,30.5149951171884,51.2031835937455,-5.65323303222607
"5601",-2.85909088134791,3.04163574218777,1.1161833190919,5.70739074707082,2.93843750000026,6.94109375000062,14.0682336425794,26.6450561523461,40.6996093750036,65.4008007812539,72.355146484375,69.8294921875,77.2173583984375,68.660361328127,61.7204785156214,64.0541064453087,49.0933544921904,29.7723144531259,47.1139501953084,-5.96455932617135
"5602",-2.76033782959009,3.29575683593779,1.10208930969248,5.65735412597707,3.08580139160184,6.70757202148497,14.3191564941419,27.3688891601587,42.9664355468788,68.4177148437541,76.0577490234375,73.091474609375,80.790927734375,72.3867089843771,66.7824414062461,68.0729150390585,50.583671875003,31.2861181640634,48.0686669921833,-5.3068951416011
"5603",-2.79569366455103,3.58858123779329,1.1391943359376,5.53431884765674,3.25766967773467,6.09100891113336,12.6787622070324,25.6084667968773,39.0417407226597,62.7553808593787,70.3900048828125,66.46888671875,75.52603515625,67.432080078127,61.0877832031214,63.0535351562463,46.1673291015653,26.7573730468758,43.4741601562462,-5.2043188476558
"5604",-2.67328918457055,3.3647753906253,1.24304458618175,5.58585205078175,3.74975036621127,6.57337524414121,13.4626452636731,26.5815039062524,41.8608593750037,65.2415332031289,72.518291015625,69.8295166015625,78.8341796875,69.8885888671895,62.9522851562463,65.0371533203086,48.1547949218779,29.3296435546884,46.071777343746,-4.93630615234332
"5605",-2.76557891845728,3.35922119140655,1.27332351684582,5.84870056152396,3.89951782226597,6.63022949218809,14.086462402345,26.4104736328149,41.3657470703162,65.5582812500039,72.665126953125,69.5046728515625,78.08513671875,69.344287109377,59.933500976559,62.6127978515588,45.4771142578152,28.4689160156258,42.4250097656213,-4.38609436035118
"5606",-3.07218231201199,3.11785034179715,1.44486297607435,6.01474792480522,4.68285888671917,8.32376098632887,14.6651452636732,26.6471459960961,42.4827246093788,65.5689697265664,72.68494140625,69.8210791015625,78.2577099609375,69.4887451171895,56.7184277343717,59.4019433593715,43.8577343750026,29.2732666015634,41.6390624999964,-3.81329315185514
"5607",-2.83236114501978,3.14745269775419,1.004601135254,6.06991577148492,4.50945098876993,7.25969238281315,13.9583984375012,25.5124902343773,40.4777783203161,63.6088476562538,70.1594287109375,65.0111669921875,73.862529296875,64.6735986328144,46.5272167968723,53.4312646484343,38.5757495117211,25.3654833984382,37.1778613281218,-3.10683898925754
"5608",-3.16656311035185,2.91128417968776,0.991773071289151,5.87021057128959,5.23788818359422,8.0819421386726,15.1954760742201,26.6360473632836,40.2734301757848,62.8948730468787,69.12306640625,62.2626416015625,71.9219580078125,62.3897265625018,41.9023681640601,50.620351562497,37.828220214846,24.4382788085945,36.2611010742156,-3.56103149414031
"5609",-3.1399670410159,2.89097900390651,1.06129577636728,5.9328161621099,5.11202209472702,7.83178039550851,15.1957250976576,26.1343701171898,40.8046899414099,63.3875000000038,69.9067041015625,66.9930859375,75.7319482421875,66.8329882812519,55.6931005859342,59.5650097656215,44.7203417968777,29.0033959960946,43.2462402343712,-4.67107421874959
"5610",-3.24689849853545,2.81174774169947,0.826201324462964,5.41873962402392,3.86739715576206,6.6898681640631,13.5372192382825,25.6010400390648,38.6345849609409,61.5559716796911,68.438984375,64.9891650390625,75.20173828125,66.1767968750019,53.2973144531219,57.2344433593716,41.9102148437525,27.6054931640633,43.8796337890587,-4.85445861816364
"5611",-3.21802093505888,2.89840179443385,0.903589324951252,5.3015148925786,3.46993804931672,5.69174377441457,13.3011401367199,24.5440454101584,38.7111474609409,60.2575488281286,67.073740234375,61.07361328125,71.551455078125,62.1745507812518,44.6308886718724,51.315859374997,37.0840942382835,25.1172167968757,41.9834814453088,-4.19357391357385
"5612",-3.12601226806669,2.98545379638698,0.998551559448331,5.66518188476613,3.09857604980496,6.13445922851617,14.2056726074231,25.5613476562523,39.460668945316,60.3086718750036,67.4384619140625,63.48568359375,73.246357421875,63.4916455078143,46.8779345703098,52.9055566406219,38.0722314453148,25.9201538085945,43.8522265624962,-4.1871456909176
"5613",-3.45294677734406,2.81563812255885,1.09064147949228,5.43489501953174,2.71614288330102,5.69196533203176,14.6078356933607,26.1578076171898,41.6160498046912,62.8034179687537,69.409765625,65.1783544921875,75.13896484375,64.9033056640644,48.8323242187471,53.7009912109343,38.5949560546898,27.7607519531258,45.9510498046835,-4.44501403808555
"5614",-3.09129089355496,3.25324951171904,1.50266143798841,5.7389715576177,2.83786895751978,5.14296630859421,13.792009277345,25.760515136721,39.8073779296911,59.7679492187535,66.4272802734375,62.867822265625,73.0053857421875,63.2709179687518,51.1635791015595,55.1825781249967,38.9707421875023,25.8737670898445,46.281005859371,-4.43462310790977
"5615",-3.18002868652372,3.34096801757842,1.66351608276382,6.11248840332086,3.3300405883792,6.10083007812554,14.4931347656263,27.981801757815,40.6910107421911,61.6397363281286,68.414736328125,66.841171875,76.3306640625,66.1737744140644,53.2177392578094,55.7191650390592,40.6936572265649,28.5925292968758,48.3591259765583,-4.90290771484332
"5616",-2.89236572265651,3.4563168334964,1.61758331298842,5.99314331054741,3.41680572509796,5.37081054687548,15.4086816406264,29.1586865234401,40.6304052734411,61.6441503906287,67.906181640625,65.05103515625,73.193935546875,62.1828662109393,43.4593261718725,46.8343115234347,35.7202636718771,25.9363281250008,43.3332763671837,-4.13476928710901
"5617",-2.82633209228541,3.6155310058597,2.25875625610372,7.2240356445319,4.18354248046912,6.02550170898491,17.3898681640641,29.6088159179714,37.7919824218784,61.1092089843786,66.8160791015625,62.002626953125,69.0177197265625,58.9272070312517,35.7057373046854,41.9485253906225,33.5336938476583,22.9275830078132,38.2566040039029,-4.32997894287072
"5628",-1.74581451416031,5.22548156738328,0.485825042724653,6.280116577149,3.73443542480502,5.24448059082078,13.0126391601574,19.4280761718767,33.7630346679718,59.5131347656285,62.4988330078125,62.6206787109375,71.3938623046875,65.8818457031269,59.4378808593715,60.0300488281214,30.2764306640643,29.2273461914071,41.8843115234338,-2.29320404052714
"5629",-1.87570083618181,5.31657470703172,0.741697463989324,6.53713745117246,3.87807067871128,5.46485351562549,13.3232763671887,19.6666479492205,34.4340576171906,60.2588574218786,63.077568359375,63.5332666015625,72.45177734375,67.752500000002,62.8583691406213,63.8857421874962,34.0076635742208,30.7525219726571,43.4663769531212,-2.24499420165996
"5630",-1.81914871215836,5.33634643554735,0.636367759704647,6.18966430664118,4.06412261962927,5.20856689453171,12.9306787109387,19.2861718750017,35.3396557617219,63.9257226562538,67.113154296875,67.851923828125,76.39275390625,71.2569140625021,69.7293603515584,70.0636865234333,44.2220751953151,31.5031518554697,47.8496044921833,-2.62155334472633
"5631",-1.58257049560561,5.41078491210986,1.14607452392588,6.88016235351624,5.11595703125046,6.42812744140682,14.1269055175794,20.7749902343769,36.2500610351595,62.0454687500037,65.00794921875,65.3855224609375,75.2657421875,68.283857421877,63.4600976562463,64.7067480468712,39.1907177734398,31.2882031250009,44.6084667968711,-2.33724136352519
"5632",-1.60375625610366,5.39526123046923,0.980330810546962,6.73928955078185,4.90329223632856,6.61984313964903,13.8413403320325,21.5787866210957,37.7569262695346,63.9772021484413,66.9728125,67.1873779296875,75.7207421875,68.411884765627,60.6486279296839,63.2280957031213,37.976853027346,31.4611083984384,45.3436279296835,-2.01591079711896
"5633",-1.56964965820327,5.64341064453175,1.12298973083506,6.98331848144594,5.11563232421921,6.73069946289123,13.5574963378918,21.8901147460957,38.899096679691,65.4424414062539,68.48744140625,68.105859375,76.278193359375,69.5040380859395,62.2501660156214,63.7751464843712,38.2542773437523,30.9663281250009,43.9893212890587,-1.69273147582993
"5634",-1.66180496215835,5.49615722656299,1.17034370422374,7.48488403320379,5.37083984375048,7.3915228271491,13.4378515625012,23.0072973632833,41.2799072265662,67.897773437504,72.059482421875,71.816201171875,79.9534326171875,72.3594824218771,64.3818359374962,64.7464941406212,39.1449243164086,32.5035302734385,45.7079150390585,-1.89323425292952
"5635",-1.76778762817399,5.23584716796922,0.619154281616266,6.36125183105526,4.55185363769572,5.71389526367239,11.7266101074229,21.2611572265644,40.0403466796911,68.6149707031291,73.308271484375,73.056064453125,81.257431640625,74.0181298828146,67.749580078121,68.4502539062459,38.6048632812523,32.735000000001,46.304267578121,-1.8983631896971
"5636",-1.65319717407241,5.40018432617236,1.20760765075694,7.34829895019597,6.12580566406305,8.16420410156323,13.5033117675793,23.1281445312521,42.2295947265663,69.4758984375041,73.33072265625,70.877900390625,79.74884765625,72.0829394531271,65.5284570312462,66.7794824218711,40.9041992187524,33.9360400390635,45.7838916015585,-1.72948348999008
"5637",-1.83413497924821,5.15192260742234,0.90985435485848,7.08371337890688,5.27944885253953,7.97727661132884,12.6143298339855,22.912666015627,42.0677246093788,69.9955566406291,74.6101513671875,73.47947265625,83.021953125,76.0158886718772,72.4713085937458,74.7142187499956,50.113720703128,35.772900390626,49.2165332031207,-2.14547592163067
"5638",-1.80286117553727,5.18419433593796,1.11109069824229,7.06677307128969,5.08803833007858,7.38767333984441,12.9622912597668,23.0225341796896,42.0075830078162,69.7677929687541,74.9583251953125,74.354931640625,84.75546875,77.4576074218773,75.5667187499956,77.5772363281204,53.1743310546907,36.9746240234386,50.7956689453081,-2.29633834838847
"5639",-1.94412841796892,4.88370544433637,0.953033142089929,7.02120544433656,5.28826538085985,7.66155944824287,12.597254638673,23.3515502929708,43.5099462890664,70.9945458984417,76.51634765625,77.4269873046875,86.87052734375,80.9658056640648,80.9276904296828,83.1457812499951,60.7089257812536,40.7766894531262,53.8372802734328,-2.88315917968725
"5640",-1.98599822998065,4.81291046142621,0.754414062500067,6.73416381835998,4.85600463867231,6.78345336914123,11.9738183593761,22.4125439453145,42.2680859375038,70.0524707031291,75.130087890625,74.161689453125,83.7753515625,76.9466210937522,70.9689257812458,73.6217382812456,42.31478027344,36.3039160156261,48.6303173828083,-1.68262359619126
"5641",-1.9493046569826,4.56432617187541,0.812809600830151,6.75960083007873,4.93696258544966,6.31795043945369,11.3200732421885,21.8034252929707,42.3639453125038,70.6601611328167,75.604208984375,76.501181640625,85.248896484375,78.3712500000023,72.8554785156207,74.931010742183,41.5451562500025,35.536865234376,48.6082324218708,-1.72073379516586
"5642",-1.79109985351578,4.55751770019572,0.796472854614329,6.65480102539122,4.61012939453166,6.59035705566465,11.2625012207041,21.4365039062519,41.7255273437537,69.3727929687541,73.6896630859375,75.00427734375,82.90939453125,76.8953417968772,72.4077246093708,73.8671630859331,40.1288403320336,34.1755249023447,48.3715820312458,-1.91855834960921
"5643",-1.61412536621108,4.55330017089884,0.9851690673829,6.45186889648495,4.19855224609412,6.25670654296931,10.3095275878915,20.6282006835956,41.1348730468787,69.2263769531291,74.3311767578125,75.9000439453125,84.775751953125,78.7571679687523,77.706030273433,78.8009667968703,51.4470068359406,36.9886303710948,52.3586132812454,-2.06019653320294
"5644",-1.83962219238298,4.51549682617228,0.881342620849688,6.5489581298834,4.66262268066448,6.340097045899,10.1288244628915,21.2827783203144,42.2570556640663,69.0633300781291,75.8564111328125,77.58466796875,86.7965234375,81.0460742187524,82.9805078124951,84.23215820312,62.9585937500038,40.0009326171887,55.0240136718702,-2.32598571777323
"5645",-1.76062957763688,4.47347778320352,1.09174018859873,6.64409545898497,5.1340081787114,7.5599230957038,10.9654223632822,22.572070312502,43.1990283203164,69.8252343750041,77.96970703125,80.120087890625,89.1481640625,83.6672070312524,87.0020898437449,87.6843164062448,69.1505517578166,44.4481591796888,57.4998486328075,-2.6029812622068
"5646",-1.76992797851578,4.199254150391,0.959011993408289,6.28850585937556,4.60340820312541,7.03865417480532,10.4937194824228,22.0185205078145,42.2677392578163,69.0936621093791,77.91400390625,80.136845703125,89.549462890625,84.8181250000025,89.9455859374947,91.8719335937446,73.4925048828169,40.9053857421887,56.5660107421826,-2.36240325927714
"5647",-1.70158782959,3.8296978759769,1.00466308593759,6.18774047851618,4.55998718261759,7.38762695312566,10.4593273925791,22.378710937502,42.2205664062538,69.9058789062541,79.972626953125,82.756318359375,92.186337890625,88.2621582031276,92.9113671874946,93.9299999999944,73.7004492187544,40.2973266601574,57.2144580078075,-1.7422143554686
"5648",-1.80100219726579,3.70808288574252,0.330467224121123,4.03431671142614,2.32748184204122,2.90314086914088,5.07409118652389,16.9352648925796,37.8778417968784,64.4268603515663,77.36158203125,83.67455078125,95.67892578125,93.2226660156277,100.524697265619,103.029931640619,86.2488281250052,41.7015136718762,59.0113183593698,-1.70050354003891
"5649",-1.75882553100602,3.89373260498082,-0.149449138641371,3.23237548828154,1.37026718139661,-0.121685943603526,1.32952880859387,12.7495239257824,32.1821630859404,56.8309326171909,70.2643408203125,79.0463916015625,92.856923828125,90.8049511718776,98.4497265624942,101.596416015619,85.2847753906301,36.3404980468761,55.1580859374952,-1.49460769653307
"5650",-1.76457809448258,4.12993347168006,0.298921566009548,3.93042358398473,2.21207122802754,1.73507720947281,5.09703613281296,16.2450122070327,37.7052709960971,66.0273535156289,78.813515625,86.9503125,97.15283203125,94.4776464843777,101.718378906244,104.052460937494,87.5315625000052,32.6753491210947,62.7978124999945,-0.768003234863214
"5651",-1.87453369140642,4.50709533691446,1.13091262817393,6.28477050781306,5.34905517578173,7.89912719726633,12.9021679687512,22.7613037109395,43.8785107421914,70.5253320312542,79.22837890625,80.45119140625,87.3293359375,83.2795996093774,84.86848632812,87.5551562499948,64.6628808593789,37.7315795898449,56.3878515624951,-1.65659637451157
"5652",-1.80746627807633,4.71982604980511,1.49649185180677,6.64360229492247,5.68896301269582,8.30510742187574,13.7048974609387,23.6646093750021,44.2075195312539,69.1491308593791,77.3712255859375,77.8664111328125,84.221943359375,79.9188183593773,81.2403320312452,82.7207714843701,61.7694140625037,36.009931640626,54.4697412109327,-2.00259750366194
"5653",-1.89974594116228,4.79913665771527,1.65268844604507,6.81311889648498,5.65553283691457,8.00087890625071,14.6971411132826,23.8817041015646,43.9544335937539,69.7767138671916,76.6419384765625,76.686064453125,82.7713671875,77.6150097656272,75.8140869140581,76.5682812499955,53.8661474609407,31.6665625000009,50.1723388671831,-1.74355987548813
"5654",-1.8620989990236,4.81020935058637,1.60297622680678,6.64764038085997,5.22799072265672,7.78358642578194,15.9133093261733,24.789392089846,43.0868554687538,68.041621093754,75.9449267578125,73.9868798828125,80.7761328125,74.9287695312522,71.2406542968708,71.2497558593708,46.1892871093778,30.9103173828134,47.3968896484334,-1.36996826171863
"5655",-1.99887908935565,4.81846191406293,1.62212722778335,6.35013183593807,4.87926849365278,7.26674438476627,15.3517395019545,22.7108227539083,40.6715747070349,64.4674023437538,71.6788525390625,67.481875,76.3433447265625,70.5290087890645,62.9679296874963,65.1510449218711,42.63261230469,27.7466308593758,44.2337255859336,-1.43669219970691
"5656",-2.10266525268574,4.7602478027348,1.60942474365249,6.15403747558649,4.79357025146527,7.45042968750066,15.6465112304701,23.6634399414084,40.0142749023473,62.7012109375037,70.8566455078125,66.017294921875,75.1805517578125,68.563642578127,59.6333691406215,61.0550683593714,39.5058056640649,26.1219335937508,43.7944287109337,-2.69445922851539
"5657",-2.03871643066424,5.03627868652389,2.16911239624043,6.39858459472713,5.74033569335989,8.47896362304763,17.9483203125016,25.4465429687523,41.3012304687537,63.7673193359413,71.395498046875,65.7532861328125,76.0382275390625,69.0694189453145,59.7321874999965,62.3765722656213,39.2634863281273,27.4431835937508,44.9771533203086,-2.03466125488263
"5658",-2.1528482055666,4.88637115478559,1.89102203369158,6.34962524414119,5.42423034668017,8.67548095703202,18.8235498046892,27.3629321289087,43.1725244140664,67.1871533203165,75.892763671875,71.666845703125,80.5007763671875,72.3962109375021,57.5652929687466,59.120229492184,36.8360180664085,28.1406494140633,44.8380468749961,-2.13592178344708
"5659",-2.24988098144551,4.80125610351605,1.81934249877946,6.14527709960992,5.59263977050831,8.33159057617262,18.6883740234392,29.0800634765651,43.8724511718789,67.788730468754,75.425498046875,73.22349609375,81.930458984375,74.0328222656271,66.1860986328086,67.7622021484335,41.940258789065,30.7722656250009,50.2664941406206,-2.49058441162088
"5660",-2.24177383422872,4.71311218261761,1.93328659057634,5.96510620117241,4.79588867187543,7.57707397461005,16.4893469238296,25.9397949218773,39.8676098632848,62.5516699218787,70.57263671875,68.152744140625,76.2463818359375,68.8073388671895,60.4864160156215,62.4720361328088,36.1054467773459,27.0332324218758,47.4037792968709,-2.75055358886695
"5661",-2.26116882324239,4.55167968750041,1.86531127929704,5.95189941406303,4.7879626464848,7.1059869384772,16.6612426757827,26.2679394531273,40.1455175781286,63.0904687500037,70.869677734375,70.127529296875,78.18076171875,71.6029052734396,67.822314453121,69.1537451171834,42.654692382815,29.3219677734384,51.488891601558,-3.04739440917942
"5662",-2.49614868164085,4.66041320800823,1.86538543701188,5.95786315918022,4.58940307617228,8.07613891601635,15.7864819335952,25.1506738281272,39.3342651367223,62.2163867187537,70.63193359375,69.7831591796875,76.7758984375,70.2580908203145,64.6089062499962,65.3165820312461,39.5551806640649,27.5379125976571,48.6177978515583,-2.55814727783181
"5663",-2.60251831054711,4.58719207763713,1.51458908081068,6.00906677246147,4.1798156738285,9.20574707031332,15.8236035156264,25.5168164062523,39.4060571289098,65.0602929687539,73.5869873046875,73.372685546875,78.9030615234375,72.8096435546896,68.460527343746,69.1743115234334,41.48071777344,29.2248925781259,50.1537988281206,-2.92203826904271
"5664",-2.58901916503929,4.35274475097695,1.49797210693373,5.43726562500049,4.18194793701209,8.18660156250073,15.8104211425795,24.5450439453147,40.0295874023473,64.5364257812538,72.8504833984375,72.628232421875,77.385322265625,70.8350488281271,68.297636718746,69.8425488281209,46.2691259765653,31.6369604492197,51.896020507808,-3.50701782226532
"5665",-2.57545013427757,4.4606591796879,1.69283416748062,5.99082763671928,4.1605349731449,8.31489379882887,15.7428833007827,23.5070507812521,37.5657519531283,60.6634765625036,68.852568359375,67.1619921875,73.110849609375,66.3002832031269,60.8701660156215,62.9022265624963,40.6128344726587,26.4610327148445,47.3536083984334,-3.895684509277
"5666",-2.59754150390648,4.51273620605509,1.76075668334977,6.03139648437554,4.22143249511756,8.82517517089923,15.2008251953139,23.8434741210959,39.481362304691,62.3742578125037,70.7678515625,69.7898828125,76.1598779296875,69.014853515627,65.9156591796836,67.685498046871,48.1635546875029,29.1905322265634,50.4705566406206,-3.86486389160123
"5667",-2.66407562255883,4.44012298584024,1.60246459960952,5.49860595703174,3.77647705078159,7.72834838867256,14.5138916015638,24.2792114257834,38.6237182617222,62.9625439453162,72.2336865234375,71.1033984375,77.314482421875,70.222998046877,67.822802734371,69.9506591796834,50.499921875003,27.7332983398446,51.743735351558,-3.85068328857388
"5668",-2.72326049804712,4.44658081054727,1.62523437500015,5.5771484375005,3.92007812500035,8.27751464843824,14.7253295898451,24.7306982421897,38.6092211914097,62.7826269531287,71.73876953125,70.87193359375,76.211376953125,69.1923388671895,67.933652343746,69.0105126953084,49.2947753906279,29.9107983398446,51.773149414058,-4.09252716064417
"5669",-2.68389312744165,4.34953887939492,1.72038070678726,5.62695617675831,3.86422637939488,7.8043164062507,14.9349914550795,24.7477636718772,39.4351196289098,62.9175439453162,72.0240380859375,70.239814453125,78.17109375,70.319013671877,68.8702392578085,70.1412207031208,49.8384326171905,30.5953027343759,52.3881738281204,-4.07722534179652
"5670",-2.8199438476565,4.38036895751992,1.45023361206068,5.36898315429735,3.71510101318392,7.35035217285222,14.8120581054701,25.4377539062523,40.0620068359411,64.0606005859413,72.826591796875,72.482900390625,78.89755859375,70.077324218752,67.6635156249961,69.2769482421834,47.2641796875028,29.1709521484384,50.8514404296831,-4.11523651123011
"5671",-2.94857879638698,4.19233459472694,1.44789367675794,5.52083251953174,3.87918457031285,7.57990112304755,15.4776672363295,25.2230102539085,40.4551611328161,63.4173242187538,72.070751953125,71.66080078125,77.647490234375,68.137958984377,66.0599462890586,67.317490234371,45.4649511718777,29.7602246093759,49.7743066406207,-3.80642120361295
"5672",-2.74558959960962,4.35193542480508,1.53889022827162,5.96958251953178,3.90286071777378,8.51657775878982,15.297486572267,25.8749365234398,38.8451855468785,61.4058837890661,69.307265625,67.63001953125,74.87326171875,65.3053710937519,60.0537011718715,63.2879980468712,41.1180273437525,26.982736816407,44.9181054687461,-3.02645202636692
"5673",-2.82120971679713,4.08213012695349,1.6596475219728,5.68878356933644,4.01090454101598,9.01169799804768,15.3702709960951,25.2385205078148,39.8482543945348,61.9179443359412,70.723828125,67.923271484375,76.6992529296875,66.0486914062519,58.8525292968716,61.6538183593713,39.9289770507836,28.7103808593758,46.197861328121,-2.92315551757787
"5674",-2.68744354248071,4.17158874511756,1.41241333007825,5.95982177734428,4.08222808837927,8.91246093750079,15.6307397460951,25.2849707031273,38.6725195312534,60.7407617187536,69.3619091796875,65.6396044921875,74.7790673828125,63.8563378906268,54.8503759765593,58.259711914059,38.1538525390648,28.1411962890633,45.4256982421835,-2.92607482910131
"5675",-2.89167816162135,4.19138397216834,1.66531112670913,6.37741333007869,4.45768737793009,9.92622497558682,17.0778710937515,25.4583007812523,39.144135742191,60.1626074218786,69.310595703125,63.82595703125,74.8708203125,64.4493261718769,58.0558203124966,61.7971435546838,43.3141943359401,30.4305297851571,48.3444335937458,-3.00919799804661
"5676",-2.78434356689478,4.13772125244178,1.69091339111343,6.65793151855528,4.60079620361369,9.9555889892587,18.9155810546892,26.2015039062523,40.8560571289099,62.7300488281287,71.489423828125,69.724990234375,78.480517578125,68.098027343752,65.0773046874962,68.5906347656209,51.5066015625031,33.4139477539072,52.5015820312454,-3.10564270019504
"5677",-2.79437774658228,4.18790740966834,1.5962115478517,6.96075195312562,4.96423522949263,10.3587402343759,19.1349316406267,26.7670019531274,40.0410693359411,61.6438281250037,71.122578125,68.363740234375,78.526630859375,67.975644531252,64.4665136718712,68.0616259765585,49.7449560546905,32.4722192382822,52.7057714843704,-3.26509582519503
"5678",-2.70788940429712,4.20752990722694,1.81584930419938,6.77414672851623,5.66002685546925,10.3084277343759,18.4840722656266,28.13181152344,42.9982226562538,64.4636621093788,73.7987548828125,68.32740234375,79.27513671875,68.5355615234395,62.6361865234338,66.1664843749961,51.1504101562531,34.4227368164073,54.1460791015578,-3.18116851806613
"5679",-2.66961059570336,4.30430847168007,1.75838226318375,7.24294128418033,5.15334228515671,10.2671130371103,18.8582849121111,28.7062524414088,42.7619775390663,65.1320458984413,73.932578125,70.8973828125,81.38046875,69.894960937502,66.0492041015586,68.322666015621,49.4861376953155,33.8725634765635,53.3238867187453,-2.77460144042945
"5680",-2.73124542236352,4.20518249511756,1.94982437133806,7.67076904296944,6.31426757812556,10.9087426757822,19.5565966796892,29.8116552734402,45.5755029296916,67.021357421879,76.276826171875,73.46732421875,83.581943359375,71.7766650390646,65.4789892578087,68.000136718746,50.4085791015655,34.7135888671885,53.6654736328078,-2.87234832763647
"5681",-2.62583251953148,3.90952514648472,1.53043395996107,7.18328796386783,5.27914489746141,9.36057983398521,18.7796948242204,28.8035961914088,43.4066601562539,65.8017187500039,74.4552001953125,71.0833984375,82.145869140625,69.7612353515645,61.8881054687464,65.6334374999961,45.5252246093777,30.9947021484384,49.7404101562457,-2.9165859985349
"5682",-2.810319824219,3.82695404052768,1.42624038696302,6.64875854492247,4.78227294921918,9.05623046875081,18.0497070312516,28.2863305664088,43.8631103515664,64.5060498046913,73.404912109375,70.262119140625,82.356982421875,69.6701708984395,66.4170214843711,69.0342236328084,48.7350927734404,32.3774609375009,49.4987646484332,-2.81459777832007
"5683",-2.58010192871117,3.96337585449254,1.44841995239271,6.96862121582093,4.59718841552775,9.09459106445394,17.3961694335953,26.4706933593774,42.6866259765663,63.2722900390662,72.4832861328125,69.3950732421875,81.472080078125,68.2644580078145,62.8176171874963,66.3832617187461,46.4701074218778,29.3731713867196,48.8842431640582,-2.57380371093728
"5684",-2.69569458007836,3.92148834228551,1.24059570312511,6.30180297851619,3.8321588134769,7.79688171386788,15.9991589355483,25.1528540039085,41.5740283203162,63.2413281250037,74.182548828125,71.391640625,83.665166015625,70.629970703127,65.5192431640587,69.3336523437459,48.5387060546904,30.1381225585946,49.2679101562457,-2.63850830078102
"5685",-2.72482849121118,3.87811096191441,1.32031753540051,6.74583312988342,4.54314361572306,9.43158203125084,17.7040332031266,27.6680981445337,45.7267822265666,66.942587890629,77.7151708984375,74.73419921875,85.825234375,72.2711474609396,62.9704199218713,65.7202441406211,45.0359423828152,32.0538330078134,50.1111523437456,-1.87938491821273
"5686",-2.52032989501976,4.14919738769568,1.53921264648451,7.41154052734441,5.22293212890672,9.42280273437584,17.2508105468765,27.4756835937525,42.8505322265663,63.0739062500037,74.75171875,71.12720703125,82.133623046875,69.0912646484395,63.4790722656213,65.6153369140586,47.4937792968778,30.9936059570322,49.6712890624957,-2.61219787597633
"5687",-2.63403106689477,4.03437805175817,1.78499420166032,7.21763183593814,5.68838806152394,10.1512963867197,17.2503442382828,26.9892993164087,42.3232568359413,61.8617578125037,72.3034814453125,67.9968505859375,78.803232421875,66.0287402343769,62.1732128906214,64.4610449218712,47.1799072265653,29.8492822265634,49.0950878906207,-3.24214416503878
"5688",-2.53481216430687,4.23021026611366,1.6132803344728,6.9911901855475,5.25105102539109,9.57449218750085,18.0286608886735,28.1017993164088,42.9117626953163,62.5803515625037,73.1677197265625,69.2459912109375,80.4880078125,68.2765380859395,65.0783593749962,67.922617187496,49.3127441406279,30.7443725585946,50.8767871093706,-3.19141845703097
"5689",-2.66294921875024,4.35369323730508,1.7356454467775,6.92029907226624,5.82855102539114,9.14083740234457,18.3124291992204,26.5732617187524,42.5560644531288,61.6627246093786,72.15197265625,68.730341796875,76.6180224609375,65.2916406250019,63.9551416015588,65.7935498046836,47.8780908203154,30.3425537109384,49.0373779296832,-3.97284301757778
"5690",-2.63277770996117,4.15962921142615,1.89914916992204,6.97959777832094,5.664760742188,8.75349792480547,18.469515380861,28.3415747070338,44.674160156254,64.3028125000038,74.90453125,72.414130859375,81.383984375,69.661533203127,69.5678759765584,71.6490429687458,53.1331591796907,32.565263671876,51.4782031249955,-3.64457519531218
"5691",-2.81322143554713,4.18484558105506,1.77403991699235,7.15657104492251,6.14820617675836,8.2788238525398,17.5628808593766,28.4168432617213,43.2031933593789,63.2885400390663,73.5121142578125,70.3936328125,80.959033203125,69.684082031252,68.208134765621,71.1445410156208,53.0468554687532,33.1423388671885,49.8334667968706,-4.01012603759731
"5692",-2.74065582275415,4.00710357666051,1.86383453369157,7.07648193359438,5.51062255859424,7.32431152343815,15.933267822267,26.8702880859399,41.7629003906287,61.0255175781286,71.9537890625,69.42732421875,78.6366015625,67.8594970703145,66.0764160156211,69.2885546874959,49.964843750003,31.5205981445322,47.7360351562458,-4.21554016113244
"5693",-2.70151245117212,3.99032165527379,1.62510009765639,6.92816955566468,5.20039123535203,6.67503540039122,15.9272082519545,27.2055102539087,41.9870751953162,63.0548046875037,72.96876953125,70.919833984375,78.467744140625,67.360683593752,64.4927832031212,67.0861083984335,48.1035498046904,31.3261474609384,46.6216015624959,-4.35092041015587
"5694",-2.88275939941432,3.63858428955111,1.51297027587904,6.31658081054744,4.85911224365278,6.59744140625059,15.8506164550795,27.2140917968774,41.7547363281287,63.1133496093787,73.8781396484375,72.009990234375,78.68994140625,67.968125000002,63.6595361328088,67.3122900390585,49.2378515625029,32.6213037109385,45.6994580078085,-4.43086914062461
"5695",-2.77362976074243,3.66902465820345,1.43223007202161,6.28446411132869,4.46919738769571,5.87520141601615,14.1428955078138,25.208581542971,37.9531542968784,56.7778759765659,68.4459765625,66.776328125,74.079619140625,63.2779492187518,59.8285839843715,64.1679150390587,45.7473876953152,28.8956689453133,42.3098828124963,-4.5636264038082
"5696",-3.02490234375027,3.81948486328159,1.74755310058609,6.63135375976622,4.98110015869185,7.27877380371159,15.7776086425795,28.3025781250025,41.0475244140662,61.5181201171911,72.6433544921875,68.3001708984375,75.640869140625,64.2695800781269,53.7166113281219,58.7116210937465,41.0044921875025,29.1857446289071,40.8695214843714,-3.68252960205046
"5697",-2.96565551757839,3.41222900390655,1.6012457275392,6.43868652343807,4.85565093994184,7.29756896972721,15.1077905273451,26.9345312500024,40.5575341796911,60.1084863281286,71.6384326171875,68.9146435546875,75.4503173828125,63.8909570312519,52.5926513671844,58.482954101559,39.7224072265649,28.3085498046883,42.1711132812463,-4.01606323242152
"5698",-2.90597167968776,3.63078674316439,1.81743698120133,6.80894287109436,6.18506835937555,9.57733520507898,17.5623352050797,30.5948681640652,43.5138037109414,64.6900683593788,75.153876953125,72.408955078125,78.7196142578125,66.7472412109394,56.1866455078092,61.4038720703089,43.6758203125026,32.0156713867197,45.603740234371,-3.89878112792935
"5699",-2.86989959716822,3.30448059082061,1.86341918945329,6.8823211669928,5.91636474609428,9.2698767089852,17.3723632812516,30.299387207034,43.1908544921913,64.6260644531288,74.5416650390625,71.1078564453125,76.625830078125,65.5806445312519,53.5304052734344,59.330180664059,41.6381835937525,30.4085717773446,46.143496093746,-4.21098266601526
"5700",-2.79825134277369,3.43366119384796,2.08988739013691,7.42116577148504,6.85232177734436,10.4744201660166,18.6185717773454,31.3035009765653,44.1183300781289,64.4384179687538,73.6925439453125,69.511142578125,75.65935546875,64.4245166015644,51.5922412109345,57.2182763671841,40.5230957031274,29.3792724609384,45.9691748046835,-3.94313690185512
"5701",-2.8627450561526,3.20967315673857,1.84727706909196,6.78562011718811,6.18246887207086,10.4797680664072,17.6607641601578,30.3065917968777,44.384023437504,64.6228125000038,73.5774609375,66.9295654296875,75.078876953125,63.1687109375018,45.0427197265599,51.9522949218719,37.3352685546897,26.4563476562508,43.3985449218712,-3.98951721191371
"5702",-2.75187835693384,3.42823822021515,1.83979705810563,7.32974182128972,6.78563049316467,11.1678979492197,18.7904785156267,31.186193847659,44.9184619140665,65.1055175781289,74.582978515625,70.1193603515625,78.2292724609375,66.8246533203144,56.1913574218717,60.8767968749964,43.9543017578151,30.1240576171884,48.8735742187457,-4.52229400634726
"5703",-2.90711975097682,2.68490478515649,2.08733123779316,7.23564086914127,6.4039025878912,10.9343603515635,17.9069689941422,29.7192407226589,43.7310009765664,64.6650195312538,73.973857421875,68.659130859375,78.2900927734375,66.8570068359394,56.0365039062467,60.9225439453089,45.0916699218777,30.2926269531259,48.8991894531207,-5.16644897460892
"5704",-2.67870788574243,2.61905548095727,2.04790954589862,7.85344787597726,6.56992370605527,11.8157324218761,19.5085058593767,32.4909985351592,47.6779003906293,69.3717968750041,77.719248046875,72.9454296875,81.930830078125,69.869589843752,58.3910546874966,62.7418457031213,48.5524365234404,31.8519335937509,50.1995996093706,-4.13964660644495
"5705",-2.92004211425807,3.01072723388699,1.91496383667009,7.45776184082098,6.09323059082085,10.5633044433603,17.6910607910172,31.5589575195341,45.8011669921916,67.410117187504,75.7654296875,70.44859375,80.22998046875,67.906015625002,55.5461230468718,59.843540039059,46.3652197265653,30.2516772460946,47.0990039062459,-4.27442535400353
"5706",-2.75457794189478,3.09758728027371,2.1343276977541,7.65542236328193,6.40641967773495,10.5807409667978,18.5626525878923,31.8283935546903,47.9381103515668,69.2144140625041,77.769873046875,73.912373046875,83.36771484375,71.7396337890646,63.0238671874963,65.2352587890586,49.8318505859405,32.4830957031259,50.3628124999956,-4.87329833984332
"5707",-2.74238006591821,3.16199584960966,2.02672607421893,7.56506347656317,6.15667480468805,9.09238647461019,16.1849743652358,29.4737939453151,43.4235742187539,63.6685644531288,72.2391845703125,67.0295068359375,76.012861328125,65.8947167968769,58.8502343749966,61.9931542968713,47.7317578125029,30.0246997070321,49.2172460937457,-5.36982482910109
"5708",-2.7960571289065,2.82262084960963,1.93478118896502,7.49827697753973,6.49866394043027,9.25687622070395,17.2833789062515,29.4593310546901,44.872470703129,66.2463574218789,74.60822265625,70.256689453125,79.79505859375,69.3323193359395,64.3590820312462,67.839628906246,53.1842480468782,33.137265625001,53.2559472656203,-5.51833862304639
"5709",-2.6975250244143,3.01052185058621,1.9657189941408,7.39737915039129,6.26918579101618,8.99256713867268,18.1474731445329,30.676213378909,45.7539746093791,66.5823632812539,74.64845703125,70.772890625,79.906455078125,69.292617187502,64.9474218749962,67.223671874996,52.0870703125031,32.6706762695322,52.4529833984329,-5.29780517578079
"5710",-2.86129272460963,2.91721832275417,1.60885711669936,6.61131225585997,5.4648126220708,7.92769653320383,16.1820349121108,28.7053076171901,43.9280371093789,64.8573974609413,73.0515771484375,69.92380859375,78.4319189453125,68.6009228515645,63.7251708984338,65.5781738281211,50.514033203128,32.0390136718759,51.9906249999955,-5.24750732421829
"5711",-2.74263977050806,3.04968139648465,1.50934707641615,6.69411865234435,5.32409484863329,8.18661376953198,15.9795947265639,28.1119848632838,43.2658691406289,65.2628222656289,72.982890625,70.7464453125,77.950537109375,68.392236328127,63.5279492187463,64.6988232421837,48.5265820312529,32.2747851562509,50.5168749999956,-4.88618957519489
"5712",-2.8998593139651,3.13565826416044,1.59180969238295,6.69932861328185,5.80087158203177,9.60977539062586,18.0139819335954,30.650031738284,45.3786181640665,67.734941406254,74.5338037109375,72.7889453125,80.171884765625,69.709453125002,65.3291113281212,66.6377197265585,51.0204199218781,34.3928369140635,50.4917382812456,-4.61458099365194
"5713",-2.7826016235354,3.48814758300812,1.50030227661146,6.23079589843806,5.47367614746143,8.87314636230548,16.4942761230483,28.0578784179712,43.1019238281288,65.4016406250039,72.628505859375,69.42095703125,76.88228515625,66.2142285156269,55.5619384765592,58.6293749999965,45.4628662109402,29.8801855468759,44.0480468749962,-3.40229461669892
"5714",-2.71651855468774,3.64386718750032,1.46050613403333,5.99696960449272,4.71686523437542,8.16787719726635,15.5309106445326,27.3824511718774,41.7358691406287,62.9488867187537,70.481953125,68.208544921875,76.83322265625,66.3176855468769,63.2611523437463,66.0044189453086,49.827998046878,30.9897314453134,46.1395361328085,-4.77694061279255
"5715",-2.76147064209009,3.54654022216828,1.52343841552748,6.18925170898493,5.46818359375049,8.69941467285234,16.8262084960953,28.4476171875025,43.7095898437539,65.4830566406289,72.573291015625,69.081005859375,77.66029296875,67.1393750000019,60.2067675781215,62.3406054687463,47.5017285156278,30.3860498046884,44.7175683593711,-3.97362426757778
"5716",-2.72943786621118,3.44306610107453,1.41564620971692,5.99173828125053,4.86580993652387,7.84281005859445,15.8932177734389,27.4946386718775,41.7322949218787,62.6427832031287,69.276416015625,64.6800830078125,73.31533203125,61.5069189453143,49.5982421874971,55.1985937499967,40.9495678710962,26.3464794921883,37.5824951171842,-4.10525329589808
"5717",-3.11531188964871,3.20708557128935,1.43934997558607,6.54138671875058,5.90704833984428,9.63263916015711,16.5853015136734,27.3973828125024,41.5025048828162,61.5449804687536,68.149560546875,64.2526220703125,72.907841796875,61.5067187500018,50.768320312497,55.1519384765592,42.25581542969,27.3866210937508,37.9418530273404,-4.40466766357383
"5718",-3.05358398437527,2.93590362548854,1.33011596679699,6.45038330078182,5.6293066406255,9.10338684082113,16.9101147460953,28.24882324219,41.5127197265662,62.1667089843787,68.44671875,64.0262744140625,72.596416015625,60.3757226562518,44.6182617187474,50.5419873046845,39.1619580078148,25.9167041015633,36.2820605468718,-4.17958496093714
"5719",-3.19257568359403,3.12178619384794,1.40220550537122,6.71376098632872,5.83248779296927,8.94117126464924,16.268569335939,28.6268701171901,40.5209912109411,61.0762109375036,67.26037109375,60.825576171875,69.707763671875,57.5173828125017,39.2806152343727,47.7291796874972,38.3788989257835,24.7661279296882,36.0428222656219,-4.10790313720667
"5720",-3.07290832519559,2.94342376709011,1.22176139831554,6.49489685058652,5.88038696289115,8.85659179687579,15.9075122070327,28.6978271484401,41.5887841796912,62.2473291015662,69.0909912109375,67.6607666015625,74.5391796875,63.6275439453144,50.6353662109345,54.8002246093718,40.0508593750024,27.9886450195321,40.7897998046839,-4.68961608886678
"5721",-3.09259063720731,3.01329345703152,1.14833435058604,6.09386230468804,4.86910400390668,8.21586242675854,15.6508862304701,28.4854174804713,40.3696582031286,61.1998486328161,68.0416357421875,66.2471484375,74.03435546875,62.5294238281268,50.632128906247,54.3687939453093,41.4215722656275,27.8414648437508,42.2667822265588,-5.86178955078074
"5722",-3.20945465087919,2.85300415039088,1.14531265258799,6.01440185546929,4.27153869628944,7.6549249267585,15.5765161132826,28.9142529296901,42.4354150390663,62.5576171875037,69.3483203125,66.48529296875,75.638623046875,63.4440527343768,45.1575048828099,51.2550927734345,37.1988964843772,25.8102197265633,40.1533520507777,-5.24825439453079
"5723",-3.00390563964871,3.09764953613309,1.43024475097669,6.38706054687557,4.18767608642615,7.8449951171882,16.1510815429702,28.5639501953151,40.8165307617224,60.5850146484411,67.2382763671875,62.275517578125,72.3732373046875,59.8017333984392,43.1715820312475,48.3353857421846,36.6538696289084,25.4377246093757,40.8861840820277,-5.17139038085892
"5724",-3.28566894531279,3.05284637451199,1.25881599426281,6.25718139648493,3.51006347656281,7.62054382324287,16.0106066894546,28.6789550781276,43.0972070312538,63.5064697265663,70.9898876953125,70.686904296875,79.987939453125,68.649101562502,61.4039501953089,63.0920263671838,46.5088232421903,32.9385229492197,51.4428320312455,-6.16547241210884
"5725",-2.91395263671901,3.2615591430667,1.63967437744155,6.09196960449273,3.08947021484403,6.63550048828184,15.6629772949233,28.7328662109401,41.0322900390662,61.8063574218787,69.53998046875,69.152109375,78.1524609375,66.7541455078144,59.519584960934,60.8455859374964,45.0004003906277,30.6998559570321,50.6231347656206,-6.1540228271479
"5726",-3.24713165283232,3.24707000732451,1.51426742553725,5.78674926757864,3.19806335449247,6.40701477050838,16.2309643554702,30.0708227539089,41.2700878906287,63.2815527343787,70.397109375,70.581240234375,79.0365283203125,67.0016943359394,56.4775683593717,57.8938330078091,43.1923632812526,30.3539599609384,49.2995263671832,-6.37094543456976
"5727",-2.86811065673854,3.50986938476594,1.93779357910174,6.63168518066465,4.10919036865271,6.8962713623053,17.4975634765641,31.6302783203153,41.5798681640662,62.7608007812537,69.3678173828125,65.781416015625,75.2097412109375,62.1734716796893,44.2943212890599,49.0169726562471,38.9981982421898,28.3638476562508,45.1098242187461,-4.68465881347615
"5728",-2.94688751220729,3.42447509765656,2.01962493896502,6.39277221679745,3.3048046875003,5.08661926269577,16.3360510253921,30.452844238284,37.6598583984409,62.4645996093787,69.4419287109375,64.5488720703125,75.2274365234375,63.8739306640644,41.5759130859351,45.6753857421848,35.9945043945334,25.8878759765633,41.1132324218714,-4.6227441406246
"5740",-1.7227548217775,5.36988464355517,0.747626953125067,7.33855468750065,4.9973672485356,7.78695678711007,15.0425732421888,21.886708984377,38.7104199218785,63.6797167968788,64.6686474609375,67.150654296875,74.558154296875,68.3682958984395,62.3430468749964,61.0752685546839,33.101455078127,33.1313818359385,44.1393847656211,-2.76347351074195
"5741",-1.82567443847672,5.24661437988328,0.88631362915047,7.01318542480531,4.964971313477,7.07639221191469,14.7645031738294,21.5421484375019,39.0184375000035,64.7567773437538,66.74130859375,69.208662109375,76.9098046875,70.4529638671895,66.2439990234336,65.7764794921836,37.5745605468773,33.843662109376,45.6100341796835,-2.85935058593725
"5742",-1.73642105102554,5.46232604980518,1.05107925415048,7.48451293945379,5.78132812500052,8.15237548828198,15.2035571289076,22.942714843752,40.5393017578161,66.2865625000039,67.509482421875,69.3227490234375,76.2679150390625,70.3549951171895,67.9843994140585,68.115947265621,42.4095019531275,34.2229663085947,45.760449218746,-3.59981933593719
"5743",-1.62476699829116,5.38227050781298,1.43942291259779,7.67446228027412,6.38912658691463,8.90527526855548,16.8509338378921,24.3396557617209,41.8354199218787,67.8100537109415,69.4092626953125,70.020029296875,76.65228515625,69.792744140627,64.8063671874962,64.6255273437462,40.1502148437524,33.4692822265635,43.7954296874962,-3.14053894042941
"5744",-1.50425796508803,5.5123663330083,1.41079727172864,7.94773986816477,6.56539062500059,9.92466308593838,16.643676757814,26.0100146484398,44.5612353515665,70.3522949218792,71.163818359375,72.0432373046875,77.965234375,69.811064453127,59.474106445309,59.9443847656215,37.692868652346,33.7369946289072,42.1439062499963,-2.38617218017557
"5745",-1.61418945312514,5.50991699218799,1.39378646850598,7.64942138671943,6.12417602539117,9.03376342773518,15.2889257812514,25.1079980468772,45.188486328129,69.4306933593791,71.9745361328125,72.96529296875,79.3167431640625,71.0969726562521,63.5010986328088,64.2660156249962,40.2663940429712,33.1963256835947,44.8661132812461,-2.69931365966773
"5746",-1.65870697021499,5.41486511230517,1.31426849365246,7.44754760742254,6.20783813476618,9.094313354493,14.5957666015638,25.3901757812523,45.3922509765666,70.1035058593791,73.3465380859375,74.361455078125,80.528251953125,72.5418359375021,66.2871093749961,66.7095751953085,43.5309082031276,33.1985791015635,45.3627294921835,-2.69570800781226
"5747",-1.66009368896499,5.3265930175786,1.22246803283702,7.64723205566474,6.09522583007867,9.1838220214852,13.993435058595,24.9691064453147,45.5076464843791,71.2269238281292,74.06412109375,74.743779296875,81.2601220703125,73.1041015625021,66.3790624999961,67.4195361328085,44.3127832031277,34.696621093751,46.2600830078085,-2.76253173828101
"5748",-1.748492126465,5.12111572265671,1.199248199463,7.32146118164128,6.05054199218804,8.47390625000076,13.4997485351575,23.1074609375021,43.4357470703164,68.2540917968791,71.3932568359375,71.4794921875,78.6576611328125,70.4302685546895,65.0529492187462,66.828437499996,44.8490966796902,35.021015625001,46.031005859371,-2.84116882324194
"5749",-1.85342422485368,5.06818023681686,0.955024261474695,7.06425842285219,5.00311676025435,7.62576599121162,12.866092529298,23.6324291992209,44.801074218754,70.5735937500042,74.6196435546875,74.5469921875,81.44765625,73.8651367187521,66.2501269531211,68.291874999996,39.7417089843774,33.7361865234385,44.9126269531211,-2.02659729003889
"5750",-1.90187759399431,4.97066650390669,1.2503313446046,7.44432861328191,5.72247436523489,8.14371704101635,13.1036914062512,23.4043652343771,43.3568603515664,68.5450390625041,72.299755859375,71.2746484375,79.7311474609375,70.4314013671895,58.9650537109341,62.2640039062463,35.9944555664084,32.3821069335947,41.9499658203088,-1.94967712402327
"5751",-1.85469299316423,4.918135375977,1.04328437805185,7.39005432128972,5.47514526367236,7.91063293457102,13.5137329101575,24.3934155273459,46.4582324218791,71.3640820312542,75.338505859375,76.17591796875,84.669072265625,76.9252441406272,73.5957617187457,75.7086718749955,48.9736230468779,38.1858081054699,50.1959814453081,-2.7537118530271
"5752",-1.84265533447282,4.70034240722698,1.08612213134775,7.36056762695378,5.91691650390678,8.0784948730476,13.6027050781262,23.7402954101584,45.085566406254,71.5357714843792,75.1901611328125,75.099306640625,82.765009765625,75.4952978515647,70.5015722656209,72.4756738281207,45.9511621093777,36.9446582031261,50.2528808593706,-2.49376190185525
"5753",-1.86424377441423,4.50583221435587,1.02349342346201,6.74154724121154,4.64756225585979,6.4588244628912,11.4112817382823,21.8247070312519,42.3052587890663,69.4633056640666,73.947880859375,76.001103515625,83.509306640625,77.3640234375022,73.4458740234332,75.777602539058,46.7367675781278,35.9274560546885,50.1741601562456,-2.41155319213846
"5754",-1.82493499755876,4.58705230712932,0.940894775390709,6.88818237304749,4.45234558105508,7.49955993652411,12.0994592285167,23.4254663085958,44.2006933593789,71.4892822265667,75.171748046875,77.7129345703125,85.74185546875,80.0513623046898,78.8716308593704,80.0861230468703,53.5424462890657,38.7873706054699,53.2152880859328,-2.41938903808573
"5755",-1.8313748168947,4.47801452636759,1.24525115966808,6.61304626464903,4.5905258178715,7.52935913086005,12.181805419923,23.3257910156271,46.1533691406291,72.7100341796918,76.7404638671875,79.26208984375,86.83958984375,80.4810351562523,80.2843164062453,82.0263476562451,54.6043359375033,40.1881787109387,54.4595898437452,-2.23862792968731
"5756",-1.69730697631851,4.60960235595744,1.1288362121583,6.63400939941465,4.44733001709024,7.21675231933658,10.9217846679697,23.7061450195334,44.5878759765665,70.3428320312542,74.374072265625,76.49021484375,84.65216796875,78.3132373046898,78.9464257812454,79.7130175781203,55.4350000000033,37.5073925781261,53.1160302734329,-2.20140213012676
"5757",-1.75229705810562,4.36165161132851,1.35156356811536,6.49803222656308,4.44600677490274,7.60734069824287,11.1033483886729,22.6418823242208,43.1171093750038,67.772021484379,74.158623046875,75.6026513671875,83.6824609375,77.1571777343772,78.7377880859329,79.7012988281203,59.9495312500036,38.2925683593761,52.8763769531204,-2.71984741210914
"5758",-1.52344497680678,4.41938323974649,1.31016937255871,6.72029113769591,4.78706298828168,7.58981018066474,11.6666442871104,22.8746899414083,44.247695312504,68.1940917968791,74.7902294921875,75.12337890625,84.66166015625,77.6493652343773,79.3343164062454,81.1365527343702,60.5694531250036,36.5063256835948,53.3965429687453,-2.46166076660135
"5759",-1.5845416259767,3.93261932373082,1.33672180175793,6.30996276855525,4.36995300293008,7.74839721679757,11.1926293945322,23.5738183593771,46.0061474609416,69.0210058593791,76.3393896484375,76.91650390625,86.61072265625,80.5600439453148,84.96709960937,86.3035937499949,68.5862451171916,40.3074267578137,56.1379736328076,-2.5449768066404
"5760",-1.5709951782228,4.25119140625038,1.46634582519544,6.53302429199277,4.92814422607466,8.28848144531324,13.011053466798,24.4202978515647,48.3028417968793,71.5562207031292,79.0805029296875,80.4900537109375,89.15380859375,83.5374414062524,88.5739355468698,90.1126269531197,72.8331884765669,45.9296630859388,59.3874316406198,-2.34642852783183
"5761",-1.53844406127943,4.30335998535195,0.877321853637774,5.49646057128955,3.57812286376985,5.83003662109427,9.81536132812588,22.3484545898457,44.5922216796915,70.8883203125042,80.0526123046875,84.13513671875,93.22720703125,88.7727734375026,94.0921289062445,96.0839160156193,78.5658349609422,39.3361865234386,61.3968652343696,-1.48474914550768
"5762",-1.80085739135758,4.07562744140661,0.493765640258833,4.12136718750037,2.6556451416018,3.13414428710965,7.81404907226632,20.5845092773456,43.8585253906289,72.1910498046918,82.329501953125,89.443515625,99.733603515625,95.6558398437528,102.538544921869,104.916855468744,87.7830957031303,38.0707861328136,67.3587011718691,-1.11039695739736
"5763",-1.61371704101577,4.60661743164104,1.05367370605478,5.67862426757863,4.35899169921914,7.65094299316474,13.0617773437512,23.7878662109396,47.1330224609417,74.2737353515669,82.3412109375,85.422958984375,94.83607421875,88.8580957031276,90.4684667968697,92.9061132812445,67.346416015629,40.9052319335949,57.56387695312,-0.486246643066364
"5764",-1.75635971069352,4.72064453125042,1.67405456542984,6.72971740722716,6.23209289550837,10.2615209960947,15.3019152832045,25.8510961914086,47.3704687500042,71.7028173828167,78.407646484375,78.728486328125,85.50130859375,78.7253222656273,75.6942919921831,77.2392431640579,50.7840185546905,34.551767578126,51.6768554687455,-1.08438705444326
"5765",-1.75976562500016,5.11112487793014,1.68798126220718,6.95704589843812,5.61624450683644,9.12180419921956,15.011715087892,25.9211572265648,46.5001660156291,70.3785351562542,76.2672265625,76.4395556640625,81.798046875,75.1445703125022,70.4015771484334,71.1589062499958,47.6415625000028,31.5680761718759,47.9513085937458,-1.33905395507801
"5766",-2.00626144409198,4.95451263427779,1.7052758789064,6.52277709960996,5.24080383300828,8.27246826171949,15.2140625000014,25.0383984375022,44.0161816406289,67.308603515629,74.1343017578125,73.07732421875,79.38060546875,71.8646044921896,66.6030078124961,67.6556982421835,43.5019091796901,29.9187768554696,46.6556249999959,-1.33082855224598
"5767",-1.75227844238297,5.11155456543014,1.61051055908218,6.17776245117243,4.73741271972699,7.65046508789131,15.5492285156264,24.6592797851584,43.6228125000039,65.7313867187539,72.750732421875,72.185244140625,79.1630859375,72.0056787109396,68.976982421871,71.1545898437458,48.8688427734404,29.2796948242196,46.4242724609335,-1.66897186279282
"5768",-1.8676052856447,5.0230117797856,1.79980590820329,6.4465002441412,4.9637652587895,8.15358459472729,17.0893029785171,26.1590380859398,43.4835253906289,67.012333984379,74.430322265625,75.09640625,81.828994140625,74.3227001953147,73.0581933593707,74.8679394531206,52.8219775390656,31.6371972656259,50.3928027343706,-1.81830718994125
"5769",-2.01617340087909,4.93305786132856,1.93191726684588,5.98066772460991,5.33687438964891,7.70159301757881,16.9962890625015,25.680886230471,42.0888085937538,64.3464892578163,72.13005859375,70.5672314453125,78.7839990234375,71.2192968750021,67.914228515621,70.6610449218708,48.9867675781279,29.0965234375008,50.3048730468706,-1.79830093383773
"5770",-2.06399505615253,5.13768310546921,1.89839935302751,6.66458923339903,5.77426635742239,8.379260253907,18.8780725097673,27.7215502929712,43.4766162109414,65.2218408203164,72.651318359375,69.945458984375,78.7969921875,69.867099609377,62.3623242187464,63.7522363281212,39.6442578125024,28.0589428710946,46.5637939453084,-1.74441085815414
"5771",-2.2008007812502,4.90612487793013,1.95616546630877,6.0537750244146,5.38986389160204,7.3733441162116,17.7868029785172,26.6950146484399,42.0646630859413,63.0209912109412,70.737080078125,68.1129443359375,76.404443359375,67.9048583984395,59.1121386718715,60.9939453124964,37.1633740234397,26.7357690429695,46.7594824218709,-2.1171861267088
"5772",-2.04456008911151,5.02020477294967,2.03013824462909,6.09250610351617,4.94234252929732,7.62645263671943,17.4199877929703,26.7320996093774,40.7644384765661,62.2448437500037,69.1408642578125,65.924609375,74.1256689453125,65.1829541015644,53.2465966796844,55.5399707031217,33.0696850585957,26.063312988282,44.4465478515586,-1.32253814697254
"5773",-2.30788879394552,4.64175415039104,1.89217346191423,5.83015747070364,4.61572998046916,7.28674743652409,16.1849487304702,26.0985644531273,40.3903637695349,62.7384570312537,70.352587890625,70.08642578125,77.5659326171875,69.4139697265645,65.1688085937462,66.1207519531211,40.2038842773462,27.9572973632821,50.7012304687456,-2.18263397216778
"5774",-2.24395538330098,4.83239776611371,1.92186294555681,5.82760131835989,4.66876861572307,7.90519653320383,16.1634619140639,25.8530664062523,39.9122119140661,61.8138964843787,68.9452734375,69.16294921875,75.4458447265625,67.3134765625019,62.3239941406214,63.2201660156213,39.3089916992211,26.5236865234383,48.3368945312458,-2.29876480102519
"5775",-2.37145843505881,4.80030303955121,1.77670104980485,5.73127807617239,4.28667175293007,9.30703430175864,16.3560424804702,25.7960156250023,39.8743847656286,62.9053955078162,70.3431494140625,70.1857470703125,75.962529296875,67.536923828127,63.1241503906213,64.3845166015587,40.4547021484399,27.129260253907,50.7159716796831,-2.72045776367164
"5776",-2.31440582275411,4.80171569824262,2.05713851928729,6.02746459960991,5.03881378173873,9.28951904296958,15.8765112304702,25.4554638671898,40.5708398437536,61.0838574218786,68.587490234375,66.844775390625,73.0474365234375,65.2626171875019,61.8728515624964,63.9711718749962,41.89704589844,28.1124243164071,50.9500195312456,-2.95675598144505
"5777",-2.2785092163088,4.63083435058635,1.90110565185564,5.89418945312552,4.65539642334026,8.37712280273512,16.3035705566421,25.5901806640648,40.8872558593786,64.2299609375038,72.470263671875,73.05283203125,79.032529296875,70.9401025390646,69.5792919921834,71.5813671874958,50.9976025390655,32.4089135742197,54.7429345703077,-3.45417633056611
"5778",-2.54387771606468,4.61731903076213,1.89189712524431,5.74252563476614,4.550862731934,8.39360961914137,15.7215283203139,24.4586743164084,39.8907006835973,61.1930908203161,69.0248046875,67.144306640625,73.668837890625,64.8942187500019,60.1031933593715,61.9665039062463,41.202583007815,26.2490429687508,49.2063476562457,-3.51852233886688
"5779",-2.34397720336935,4.65877044677776,1.69248809814468,5.75762084960989,4.1771951293949,8.14744750976635,16.1953076171889,25.4731787109398,41.2605322265662,62.8940966796912,70.840380859375,69.9671630859375,76.2007958984375,67.0195068359394,65.5038574218712,67.2610400390585,48.1096240234404,28.4141967773446,51.5888769531205,-3.49288482665985
"5780",-2.50650329589866,4.67785308837932,1.82114974975602,5.50267211914112,4.31757232666054,7.63553588867256,15.1963134765639,25.1659130859397,40.0630517578161,62.4275390625037,70.916591796875,70.37291015625,76.35947265625,66.8710644531269,65.4021484374962,66.6981103515585,45.7172998046902,28.5215917968758,51.2378320312455,-3.49290557861298
"5781",-2.33900787353536,4.75263000488324,2.06545562744159,6.09191833496148,5.10280487060592,8.17887756347729,16.2650292968764,26.6757812500024,42.5034472656288,64.7853710937538,72.5859912109375,71.8859716796875,79.6310205078125,69.505361328127,69.6175097656209,70.8978857421833,51.5989648437531,31.2506542968759,52.5316699218704,-3.44750305175751
"5782",-2.42288650512717,4.86258209228559,1.90956970214861,6.02511352539116,4.66979431152385,8.06816284179759,16.1892053222671,25.7651562500023,40.6950195312536,62.2975146484412,70.37203125,69.9411962890625,77.145302734375,66.6574511718769,67.2538085937461,68.9524999999959,49.1078125000029,30.2651074218759,50.0650537109331,-3.57285522460906
"5783",-2.56110778808617,4.5805941772465,1.81087936401383,5.78876464843802,5.08737823486373,8.85567443847735,16.4699121093765,27.0487573242212,42.5841796875038,65.1116699218789,72.612783203125,72.806630859375,79.29939453125,67.8293994140645,67.1734863281211,69.0602099609334,49.3128173828154,29.3425537109384,51.2685839843705,-3.00088897705052
"5784",-2.41632965087912,4.71622802734417,1.9160412597658,5.99322631835991,5.37682434082079,9.58550781250085,16.709047851564,26.5580346679711,41.0000732421912,62.7680957031287,69.949501953125,69.28845703125,76.112001953125,63.6500439453144,58.6609765624966,61.6700244140588,40.7927099609399,27.3476147460945,44.9775488281211,-2.43906433105447
"5785",-2.65983917236352,4.49748474121134,2.2047314453127,6.06341796875054,5.71754272460988,10.2538903808603,17.3077075195328,27.5141137695337,42.4130371093788,64.6538964843788,72.338681640625,72.263232421875,79.0876953125,66.2748681640644,64.1969628906213,66.4802832031211,47.4451806640653,30.9280517578134,49.6048046874957,-2.73419189453101
"5786",-2.52186340332054,4.36556732177773,1.88194854736345,6.0449908447271,4.90960174560591,9.61673645019617,17.2450695800797,26.4874487304711,41.2113867187537,62.5642919921912,70.6779931640625,69.991865234375,77.7068212890625,64.6233398437519,60.9360888671839,64.3943457031212,44.9048339843777,29.2528662109384,47.2924902343709,-2.56934600830056
"5787",-2.78552246093775,4.18544860839881,1.32387481689465,4.88639465332075,3.68147033691439,8.06816284179759,15.5251562500014,24.0022729492209,39.4526928710973,59.6938671875035,68.419443359375,66.996259765625,77.0469921875,63.6918066406268,61.3149023437464,64.8723388671837,46.7243554687528,27.6857983398446,48.7031542968707,-2.76549316406226
"5788",-2.50951248168968,4.22248596191444,1.67085250854507,5.73880310058645,4.81151367187543,8.71143066406328,17.4477978515641,24.6057421875022,41.8888134765662,61.6823925781286,70.229501953125,69.4656640625,78.5736181640625,64.9654003906269,63.8440624999963,66.932871093746,49.0096679687529,30.4306347656259,50.989946289058,-2.92448791503881
"5789",-2.57420562744164,4.39169555664102,1.67525939941421,6.08909851074273,4.85248809814496,8.69782226562578,18.0425341796891,25.9149194335961,41.5605712890662,63.1332617187537,71.8720458984375,70.211240234375,79.9368603515625,66.4756250000019,66.8641259765586,69.8648193359334,52.2979541015656,32.8628369140635,53.7205322265578,-2.78253662109351
"5790",-2.47153121948264,4.32109863281289,1.77726959228532,6.63864990234434,5.5968457031255,8.30145874023512,16.4191601562515,24.8284912109397,40.0185351562536,60.5740771484411,69.956474609375,68.1312646484375,78.5107275390625,65.4949804687519,65.3069189453087,68.033994140621,51.4244091796906,31.4348046875009,52.8894482421829,-3.25981658935518
"5791",-2.36271148681662,4.25424255371132,1.62762420654311,6.63608337402403,5.57917053222706,9.14027954101644,17.5660888671891,27.2714160156274,41.9359667968787,62.3740722656287,71.614873046875,68.866796875,79.8806201171875,65.6071777343769,63.0973828124963,65.1473583984336,46.6351269531278,30.0443017578134,51.2163671874955,-2.82231811523413
"5792",-2.53838790893577,4.16643463134803,1.59660339355483,6.4707385253912,5.78746337890677,9.39816406250084,17.306831054689,27.0699584960962,42.4771533203163,61.2548876953161,70.1626806640625,65.912412109375,78.5494873046875,63.4476611328143,54.8442578124968,59.066586914059,42.066235351565,27.6744262695321,46.7971533203084,-2.87784149169897
"5793",-2.29102111816427,4.17799041748084,1.63152938842788,6.63205139160215,6.36577148437557,10.0341485595712,18.7914733886736,29.3147607421901,44.1655273437539,63.8301269531288,72.966064453125,71.359248046875,83.019892578125,68.140156250002,67.5784521484335,70.0721826171833,52.2118359375031,31.7070996093759,54.2193359374953,-3.41533386230439
"5794",-2.60080932617211,3.96014801025426,1.28614990234386,5.90266845703178,4.69509887695354,8.97326904296955,17.5023352050797,28.09302246094,43.9154589843789,63.0037011718787,72.0271728515625,69.1122119140625,81.233505859375,66.0939453125019,62.6014306640588,65.7758544921836,47.2110058593778,29.9691796875009,49.8170605468706,-3.13522277832004
"5795",-2.24968780517598,4.07711517334021,1.57656555175795,6.62148925781309,5.38460510253954,9.70218627929774,18.1404028320329,29.2868774414089,44.0628564453164,63.3901855468788,72.36017578125,69.202294921875,82.08046875,65.7747558593769,58.8216455078091,62.6088867187463,44.6446923828152,28.9359472656258,47.1579296874959,-3.04841400146458
"5796",-2.5622155761721,4.02968872070348,1.43482666015638,6.20510559082087,4.90132751464887,8.86182739257892,16.835502929689,28.6302807617213,43.3632177734414,62.3665917968787,72.458662109375,69.018349609375,82.090673828125,66.2107617187519,60.083295898434,64.6037597656212,46.0502099609403,28.4035400390633,46.7360058593709,-3.26242431640597
"5797",-2.4843215942385,3.82483154296909,1.36528427124036,6.22982055664118,4.71962829589886,8.55908813476639,16.0315087890639,26.7690185546899,43.7702197265664,61.0510253906286,71.286953125,67.69845703125,79.800087890625,64.0633398437519,56.1539062499967,59.830336914059,42.0066210937525,27.0502734375008,44.6994335937461,-3.52301940917938
"5798",-2.48573593139671,3.98742004394567,1.44012145996107,6.56727416992246,5.2741906738286,8.61706298828202,15.972584228517,27.9190258789087,44.2003857421914,61.9859863281287,73.1604541015625,69.26330078125,81.4147509765625,66.3240673828144,60.0189648437465,64.1158154296837,44.6206250000027,27.6651586914071,45.895673828121,-2.75202056884742
"5799",-2.38372024536154,4.0458343505863,1.76129028320328,7.07791442871157,6.45808532714901,9.96328369140714,17.8274389648453,29.5951098632839,46.0972607421916,64.5631640625038,74.6670703125,69.44755859375,81.72109375,66.0218359375019,58.3392675781216,62.2319970703088,45.2294726562527,29.0413574218759,47.9329150390583,-3.32838165283174
"5800",-2.36689453125021,4.22905334472694,1.75192214965836,7.28648925781315,6.85214355468811,10.6874194335947,19.2630664062517,30.9206250000028,46.8455957031292,65.7085644531289,75.687578125,72.397080078125,83.447216796875,68.675683593752,66.5684619140586,68.6275244140584,52.5716503906282,32.0921826171884,51.825883789058,-3.91555450439419
"5801",-2.56788482666038,4.17765319824256,1.6668383789064,6.96968750000062,6.7403515625006,10.2125939941415,18.690677490236,29.6747509765652,45.294580078129,64.3672460937538,75.141484375,72.8514892578125,83.5008203125,69.104013671877,70.2552636718709,72.4123046874957,55.4000097656283,33.696416015626,53.3632226562453,-4.63271301269491
"5802",-2.51617492675804,4.06126770019567,1.73731582641617,6.94864318847718,6.71683532714904,9.58696105957117,17.3839697265641,29.1876831054714,44.360781250004,63.7395507812538,74.220244140625,71.968720703125,82.75580078125,68.5902099609395,68.5408447265585,70.7390039062458,53.2887255859407,31.1294140625009,51.158305664058,-4.45172241210899
"5803",-2.82476135253931,3.96054016113316,1.51009231567396,6.58449401855527,6.07539184570367,8.70492370605546,16.7271679687515,29.0074096679713,43.5032714843789,63.4503076171913,73.486572265625,71.193671875,81.5293798828125,68.130712890627,68.3923779296835,71.3818310546833,53.2857958984407,31.1567260742197,49.7864062499957,-4.46900299072227
"5804",-2.73117980957056,3.67846038818392,1.38230712890637,6.24273681640681,4.97407897949263,7.10964294433657,16.1232714843764,29.1598828125026,44.6641650390665,64.5282763671913,74.566259765625,72.0944287109375,82.39783203125,68.652480468752,64.2212207031212,67.999580078121,48.8666796875029,30.7779077148447,46.3373974609335,-4.67127990722615
"5805",-2.84311218261744,3.68071594238314,1.17858383178721,5.79050292968802,4.17451995849647,5.40423950195361,14.3764306640638,26.6946948242211,41.3953857421912,61.1121728515661,71.825615234375,69.1664794921875,77.5534228515625,63.8896142578144,54.2992382812468,58.5667675781215,40.982895507815,25.8306689453133,39.6057250976528,-4.46219329833946
"5806",-2.96003875732448,3.3503710937503,1.29216125488293,5.72680603027395,3.96708557128942,5.35651550293016,13.7512402343762,25.7459619140648,39.9067333984411,59.3640332031285,70.8731689453125,69.47951171875,77.4072265625,64.2804882812519,58.0424560546841,62.1557421874963,43.2642773437526,27.4240380859383,41.5594726562464,-4.66766967773397
"5807",-2.93732940673854,3.63547393798861,1.32984695434582,6.1612622070318,4.28745727539101,5.97635681152397,15.0494213867201,28.1188671875025,41.4690917968787,61.3363525390661,72.4599169921875,71.6199462890625,78.6109228515625,65.9418505859394,61.9248730468714,64.8309521484337,44.7199707031277,29.3483056640634,43.3338232421837,-4.3798992919918
"5808",-3.10374694824246,3.52947509765657,1.32993331909192,5.7646697998052,3.71082153320346,5.69421569824269,13.7376269531262,27.2541113281274,39.8688232421911,59.9381445312535,71.2085888671875,70.8090625,76.5440234375,64.7646923828144,62.4171972656214,65.5419921874961,46.5481884765653,29.7263232421884,44.2760009765586,-4.69374877929646
"5809",-2.80230010986353,3.33154876709014,1.56584960937514,6.16466186523492,4.62471923828166,7.0166003417975,15.1438378906264,28.1288354492213,40.9244824218787,61.6930664062537,73.161962890625,71.9088671875,77.5182861328125,65.3906396484394,57.8044580078091,62.4472070312463,44.7503125000027,29.9965649414071,45.3989892578085,-4.20113220214807
"5810",-3.12887054443387,3.16510955810575,1.20986740112315,5.76001098632864,4.80018798828168,7.00113342285219,15.5034033203139,28.2055346679713,39.2965234375035,59.7921972656285,70.9632666015625,67.191904296875,75.107490234375,62.1133691406268,49.5561621093721,56.5524023437466,40.1265869140649,27.5900708007821,40.9773339843714,-4.16215148925745
"5811",-3.06876525878934,3.04756042480496,1.47210998535169,6.24959960937556,5.19283386230515,7.83451721191476,15.9125573730483,28.5218652343775,38.9620581054722,59.2473925781285,70.0545068359375,66.15896484375,73.8682421875,61.0655615234393,49.8535058593721,57.3079687499966,39.4355102539086,27.5619335937508,42.9298486328087,-4.37938690185509
"5812",-3.16269165039091,3.07488983154324,1.47230407714857,6.06012023925835,5.17663452148484,9.28153564453208,17.2281542968765,31.054484863284,41.6828906250037,63.6837207031288,73.864599609375,70.459228515625,77.9054150390625,64.6857861328144,49.8594580078096,56.0639550781217,38.9664697265648,28.1207910156258,44.1286962890586,-3.49394714355438
"5813",-2.99552154541042,3.08839691162137,1.49530090332045,6.29528991699275,5.23972167968797,10.0464617919931,17.2795129394547,30.5806689453152,42.6595898437538,63.0695263671912,72.9560546875,69.7754052734375,78.1506494140625,65.4417675781269,55.5629150390592,60.3570019531214,42.231352539065,29.0522802734383,47.3477490234334,-4.3372903442379
"5814",-3.1307434082034,2.7336807250979,1.23477348327648,5.64936401367238,4.85123779296918,8.99173522949299,16.9932983398453,30.917023925784,43.2110156250039,64.3222363281288,73.859013671875,69.09404296875,78.482333984375,65.7756689453144,51.5765673828095,58.634350585934,42.1116503906275,26.8705957031258,45.9422998046835,-3.18550231933566
"5815",-2.99887054443386,2.48204895019553,1.59440399169936,6.63635009765684,5.75533081054739,10.930761718751,18.8761279296892,33.7335180664093,46.5238916015667,67.167910156254,75.7140283203125,72.4086767578125,81.294404296875,68.598564453127,57.9799609374966,61.5562988281213,46.3604199218778,29.9681127929696,48.3555224609333,-3.55230560302703
"5816",-3.01133941650418,2.12118835449238,1.41692886352552,6.52555297851621,5.06250366210983,9.00968566894612,16.1690954589858,29.1336254882838,41.4245654296912,61.6090429687537,70.70234375,67.9765673828125,77.8001611328125,65.4458544921894,57.1142871093717,62.0174804687463,46.7385644531278,27.6819140625008,47.7439355468708,-4.24929718017541
"5817",-3.14929779052762,2.64287414550805,1.65038604736343,6.90052001953187,5.0043969726567,9.25045410156333,17.2069067382828,30.8216772460965,44.1584570312539,65.5074755859414,73.3189013671875,70.3414453125,80.8715966796875,68.288925781252,61.2608007812464,66.5862402343711,49.4208837890655,29.4301562500009,48.8512158203082,-3.75202392578092
"5818",-2.85984985351588,2.67763427734399,1.84053405761735,7.26147338867252,4.98408264160201,8.17469299316479,17.0336120605484,30.3850073242215,44.2786669921915,66.3267382812539,73.99642578125,73.41541015625,83.19640625,70.9739550781271,67.738925781246,71.3584374999958,54.0429394531282,31.3267724609384,52.7700146484329,-3.98636596679653
"5819",-3.0545291137698,2.6283615112307,1.68373046875015,7.07587219238344,5.09513183593795,7.7014093017585,17.0543139648453,30.5710791015652,44.650439453129,67.631884765629,74.432490234375,72.0019775390625,81.9403125,70.2271533203145,65.3096093749962,68.6181298828084,52.5044335937531,31.4790625000009,52.1201660156204,-3.90097290039028
"5820",-3.19214569091825,2.48466278076194,1.46340393066419,6.7397607421881,5.05226379394576,7.92319152832102,17.3157434082047,30.1876977539089,44.448652343754,67.4697998046915,74.32080078125,72.24625,80.9828173828125,69.622265625002,63.7130273437463,67.6356103515585,53.1552197265657,32.1818261718759,52.2251562499954,-4.34085296630821
"5821",-3.08535095214871,2.65762542724633,1.61903320312514,6.62859985351622,5.07215179443405,8.26497741699293,17.4954846191422,29.4759545898464,43.8972949218789,68.9881835937541,75.6822119140625,75.073779296875,84.14345703125,72.9270263671896,69.6738867187459,71.8777246093707,55.2993994140658,33.4381860351572,54.0222314453078,-4.50643005371054
"5822",-3.12910980224637,2.69188659667993,1.63379653930679,6.96990905761781,5.34519287109423,8.57916870117264,17.3136169433609,28.9554443359401,42.1429394531288,65.7958105468789,71.50845703125,69.942685546875,78.53076171875,66.5462109375019,61.5713769531214,64.1711181640587,49.6408447265655,31.4108642578134,50.2609082031206,-4.14608764648401
"5823",-3.19530395507841,2.60221801757836,1.55528366088881,6.59552978515684,4.54935668945353,8.4587573242195,17.7369335937516,29.0606665039088,42.5090625000038,67.144531250004,72.2133544921875,71.17548828125,80.5152587890625,68.276582031252,63.0489501953088,65.7757128906211,50.7550341796905,32.5456323242197,50.2110498046831,-4.50960449218711
"5824",-3.17161895751981,2.95381896972683,1.49231872558607,6.4677746582037,5.42358825683642,9.28932373046958,17.239799804689,28.4807592773463,40.1960888671911,64.5135058593788,69.52931640625,68.545986328125,76.9917578125,64.7730029296894,59.578100585934,62.3807031249963,48.1208203125029,31.0080102539072,46.8656445312459,-4.99826080322222
"5825",-3.26866699218779,2.72765625000024,1.26405883789074,5.79535705566458,4.48449157714884,7.79268676757882,14.7259851074232,24.8344726562522,38.2588671875034,61.3241748046911,66.385615234375,64.494736328125,74.52517578125,62.2244824218768,54.4112011718718,59.0224023437465,43.9221142578151,26.4429052734383,40.5963281249965,-4.69102233886678
"5826",-3.18155364990263,3.0612234497073,1.35896011352551,5.83409240722708,4.46548431396524,8.01257080078197,15.3795263671889,26.0089306640648,39.9954833984411,65.4440185546914,70.2603271484375,68.9961669921875,78.752666015625,67.3569580078145,60.9757031249964,64.1819140624962,48.0640527343779,29.3219604492196,44.7825585937461,-4.50499084472617
"5827",-3.04539306640652,3.27615722656279,1.53455566406264,6.17979614257868,5.04005187988326,7.70788574218819,15.0898669433607,25.8952563476586,39.6362500000035,64.9133886718788,69.10169921875,66.778076171875,76.981943359375,65.0142382812519,57.3086962890591,60.7633691406214,44.9826123046902,28.6886132812508,40.8530615234339,-3.95530456542934
"5828",-3.15380218505888,2.95884735107448,1.29497573852551,5.89874633789115,4.7367956542973,6.41128967285213,14.5899316406263,25.6371020507835,39.3607812500035,65.0535449218789,69.387109375,65.5188427734375,75.7628662109375,63.0408300781268,48.5312451171847,54.4202978515593,39.7824218750024,25.3325732421882,36.3664233398406,-4.09624572753871
"5829",-3.37697448730499,2.92767059326198,1.5055572509767,6.30038391113337,5.03141815185592,7.9746942138679,15.9724523925795,25.9209765625023,38.9316772460972,63.9943310546913,67.769951171875,65.5163671875,75.3525341796875,62.0020898437518,46.8818017578098,53.8388281249968,40.6122119140649,26.3282373046883,35.7413647460906,-4.09300323486292
"5830",-3.32950805664092,2.52416839599632,1.34047836303723,6.50806823730527,4.95880554199263,7.69466186523506,16.8886328125015,28.20556152344,39.8121459960973,65.2068652343789,69.1820751953125,67.08568359375,75.9767724609375,63.7364355468768,49.9783007812471,55.6728271484342,41.3529199218775,27.6129101562508,37.8136938476529,-4.73815399169881
"5831",-3.35002319335967,2.83070648193385,1.44066925048841,6.37262695312557,4.89095214843794,7.56832580566474,15.0914282226576,27.0271142578149,36.7366992187533,61.4671484375036,65.108408203125,61.78837890625,71.999384765625,60.4954296875017,46.7652734374973,53.9304101562468,39.0980883789086,25.0824365234382,35.7934326171844,-4.26869323730431
"5832",-3.2597183227542,2.62604309082055,1.2619411468507,6.27175292968806,4.20824920654334,7.49274902343817,15.2686816406264,27.2222558593774,37.2046582031283,61.5741796875037,65.3586474609375,63.5856884765625,73.49197265625,61.5928613281268,50.646533203122,56.7904541015591,40.5560278320337,26.1529736328133,38.5593481445279,-4.86505157470661
"5833",-3.40737854003937,2.66136871337914,1.25109786987316,5.95000122070366,3.0516662597659,6.25671752929743,12.9541735839855,26.2638232421898,35.6530468750032,60.0784423828161,64.4359716796875,62.37041015625,72.223427734375,60.9396826171893,52.062626953122,57.7741503906216,40.8118286132837,25.1355468750007,38.9724780273404,-5.08201354980424
"5834",-3.32874938964873,2.66745788574242,1.31060073852551,5.9381384277349,2.9825759887698,7.51752319336005,14.0954724121106,27.5296801757837,38.5577172851597,63.5676562500038,68.0859765625,65.7647265625,74.962744140625,62.2918017578143,46.7526171874973,53.0691552734343,38.6304785156273,26.3153466796883,37.8600195312467,-4.26554931640588
"5835",-3.35974304199249,2.78628509521509,1.70441589355484,6.1274975585943,3.73246734619174,7.22309936523502,14.6844104003919,27.8032397460962,38.4602319335972,63.3372705078163,68.218779296875,65.4452978515625,75.3666357421875,63.0760205078143,49.4557519531221,55.1690820312467,39.3246875000023,26.8992163085945,39.888325195309,-4.658121643066
"5836",-3.49161682128937,2.90251312255885,1.58281280517592,5.87968750000052,2.71633789062524,6.23167968750056,13.8934045410169,26.9674975585962,37.3251098632846,61.1819628906286,66.56021484375,63.353837890625,74.4893115234375,61.0080859375018,45.8224169921848,50.8916064453095,36.5370581054709,25.6620117187508,39.4353564453091,-5.55168090820264
"5837",-3.30029205322295,2.75385375976587,1.89827087402361,6.05400756835992,2.90689086914088,5.50739440918018,14.4719824218763,27.743696289065,37.7429003906284,60.2661914062536,66.193212890625,60.494453125,73.4963671875,57.9401513671892,40.5297509765601,46.8969482421847,33.680156250002,23.7835424804694,37.9626586914029,-5.05852264404253
"5838",-3.37372619628936,3.05395355224637,1.98887527465838,6.21495483398493,3.20416503906279,5.57870788574269,14.336110839845,28.57270996094,37.5412890625034,61.9725781250037,67.03515625,63.3758935546875,74.8254833984375,61.2610644531268,45.4561376953098,50.9787451171845,38.1298095703148,25.624787597657,40.8263818359339,-5.24073608398392
"5839",-3.3143862915042,2.99876922607449,1.83533843994157,6.39911010742244,3.55205993652375,5.36537780761767,14.8546801757826,29.1945458984401,38.1027563476596,60.4518652343786,65.6819482421875,60.5417333984375,72.717109375,59.7108154296892,44.6865185546849,49.5765136718721,37.3350292968772,25.6114550781257,40.2789843749965,-5.57653259277295
"5840",-3.20435516357451,3.10359191894559,2.10788574218769,6.64581054687559,2.98640167236355,4.11020843505896,13.7481494140637,27.7181835937525,32.3683886718779,57.3345703125034,63.5666552734375,55.559853515625,68.907392578125,57.1647753906267,37.8431689453103,46.3672753906223,34.0814306640645,23.0149462890632,36.8424877929655,-3.90821838378872
"5853",-1.36585342407239,5.57675354003956,1.37199462890637,7.8236083984382,5.3564465332036,9.3552642822274,16.1773059082046,22.4365966796895,39.6438305664098,64.3616503906288,65.6829052734375,67.286806640625,72.8144580078125,66.0118750000019,61.9330810546839,60.3313281249964,35.1151000976583,31.5338256835947,43.8167919921837,-2.48601303100564
"5854",-1.50363586425795,5.4925909423833,1.43710647583021,7.66692016601631,5.74181091308645,8.69599182128984,16.4476940917983,23.3024121093771,41.2756152343787,66.886250000004,69.6837060546875,71.9995654296875,77.579130859375,70.043212890627,67.2985546874961,65.8734130859336,40.2580957031274,32.933222656251,46.4677343749959,-2.88534667968725
"5855",-1.50569290161146,5.45292602539111,1.10824653625498,7.34646728515691,5.3107238769536,8.21925964355542,15.6063305664076,23.6481323242209,42.7670068359413,68.7398095703166,71.08509765625,74.09646484375,81.34201171875,73.2870849609396,70.6299218749959,69.7866699218709,43.1029443359401,34.0349072265635,47.9456396484333,-3.15479614257785
"5856",-1.60431976318374,5.05986877441451,1.39880615234388,7.11979370117251,5.46994079589893,8.4548217773445,15.9864794921889,24.2238037109397,45.1085205078165,70.7792578125042,73.9784765625,76.71021484375,83.898720703125,76.0907714843772,74.9380859374956,74.5138476562456,48.5892773437529,34.5811865234385,49.5574462890582,-2.96961059570287
"5857",-1.41625000000013,5.56293212890675,1.45142181396497,7.68242370605537,5.96187377929741,9.51048767089929,17.019555664064,25.4876171875023,47.2978222656292,71.4620605468792,74.0053515625,76.14837890625,82.03515625,74.2610986328147,73.3799707031207,73.6990234374956,49.3337304687529,35.9751953125011,49.9184619140581,-2.74968627929663
"5858",-1.53966171264662,5.52844177246143,1.74121002197281,7.73400573730538,6.75789245605529,10.1838958740243,17.9704638671891,27.1008520507837,49.6247851562544,73.2196972656293,76.332099609375,77.484921875,83.2628125,74.1770605468772,69.7184619140584,69.3437499999959,44.9588427734402,35.944150390626,47.4184570312459,-2.14692108154278
"5859",-1.55617172241225,5.54911743164112,1.79031372070329,7.65548828125068,6.65157775878966,9.47079895019616,16.1098083496108,26.0627270507836,46.8370654296917,70.3664746093792,73.055849609375,74.82767578125,80.11904296875,71.4678466796896,67.4491406249961,67.9700244140585,46.2980859375028,32.4804345703134,46.7454785156209,-1.96714797973616
"5860",-1.48000656127943,5.52447814941456,1.72995910644547,7.82420043945382,6.15068664550836,9.64691711425867,16.0993945312514,26.0453857421898,46.6964941406292,71.0401904296917,73.82263671875,76.037509765625,82.39888671875,73.8926757812521,72.9246337890582,73.6068603515581,51.8311425781281,33.732324218751,50.2836035156206,-1.84569183349593
"5861",-1.69180038452163,5.26245239257859,1.52620315551771,7.38100952148503,5.90030029296928,8.74413452148515,14.3796594238294,23.9200195312521,42.9879980468788,68.212998046879,71.6588671875,73.274189453125,79.7735595703125,71.4996142578146,67.998457031246,70.0155712890584,47.4411230468778,32.1113720703134,48.3837060546833,-1.71945175170883
"5862",-1.60267517089858,5.27371887207078,1.39752380371106,7.38866943359441,5.21077392578171,8.14014709472729,13.8672387695325,22.9377099609395,42.8053857421913,68.5862597656291,70.8784765625,72.4675634765625,80.2241748046875,71.8298876953146,66.7754394531211,68.4516357421834,43.4876513671901,31.1814794921884,46.373710937496,-0.765979461669855
"5863",-1.7288647460939,5.17098449707077,1.4841769409181,7.52861145019598,6.34637817382869,9.85510742187588,15.4068371582045,24.4358911132834,45.4269091796916,71.4596142578167,73.74775390625,75.154111328125,82.28306640625,73.5227636718771,70.2489550781209,70.7709033203083,47.9203613281279,34.3145288085948,49.3478466796832,-1.17275451660146
"5864",-1.47124252319349,5.20142700195359,1.50460296630873,7.67685791015693,5.94401977539116,8.89541931152423,14.9470385742201,24.1823144531272,44.5902978515665,69.9976123046916,73.2636279296875,75.046015625,82.75443359375,73.6993066406271,70.5366113281209,71.3775976562458,44.7208789062527,33.2609814453135,49.1936962890582,-1.05465438842764
"5865",-1.6156680297853,4.79078887939496,1.43965393066419,7.17059875488345,5.95856811523491,8.85320983886798,14.6791906738294,24.0594091796896,45.4606542968791,70.8453369140667,74.0521875,74.726435546875,81.71546875,72.7834472656271,69.092753906246,69.6353906249959,43.2874218750026,33.6020654296885,48.9995507812457,-1.26879669189442
"5866",-1.64149902343765,4.80790466308637,1.54082778930678,7.40674011230535,5.82658325195364,8.89712829589923,14.3450231933607,25.017321777346,46.1666113281291,71.2871582031292,74.0405029296875,75.595185546875,83.01658203125,74.4794531250022,72.1809863281208,73.0422900390582,46.3826611328153,34.1079345703135,51.3096777343705,-1.4206604003905
"5867",-1.56687103271498,4.65791931152385,1.36783905029309,6.91599365234437,5.04670074462936,8.14150085449291,13.7823828125012,24.4295800781272,44.8644873046915,71.2672509765667,74.507685546875,76.6963427734375,83.4958984375,75.1309375000022,74.3163671874957,74.8062060546831,49.986289062503,34.1069091796885,53.1162402343704,-1.22118438720693
"5868",-1.51617034912123,4.62557556152385,1.58108673095717,6.85282470703186,5.58921997070362,8.27329956054761,13.91403076172,25.0040283203147,47.5894628906292,72.6023535156293,75.52724609375,77.51912109375,84.550849609375,75.9161132812522,75.7383789062456,75.9885644531205,49.988886718753,35.7327563476573,52.6167675781204,-1.52934310913073
"5869",-1.32230224609387,4.77547607421918,1.64746215820327,7.08674194336001,5.16379272460984,7.85063537597726,13.4665002441418,25.5832348632835,47.0566894531292,71.7376171875042,75.5701953125,77.62376953125,86.086162109375,77.6807714843772,80.3643261718703,80.3603222656202,58.762846679691,37.2497875976573,55.4760351562452,-1.58465545654283
"5870",-1.54938323974623,4.3499249267582,1.67855133056656,6.80407714843811,5.3167248535161,8.39473815918044,13.3461328125012,24.979987792971,47.0979638671917,70.8294580078167,75.93279296875,77.6094921875,86.71916015625,77.3033007812522,79.8454931640578,79.3421191406203,53.2621484375032,37.1151660156261,54.1021386718703,-1.49923187255846
"5871",-1.34825012207043,4.38520080566445,1.54167449951186,6.57311401367246,4.87211456298872,7.96658203125071,12.9038354492199,24.3986914062522,46.2508984375041,69.2909765625041,75.26373046875,77.181298828125,87.248271484375,77.9988671875023,80.8725048828078,81.5812792968702,52.2327587890656,34.858808593751,53.9255175781203,-1.03122749328604
"5872",-1.48031539917005,4.37281127929726,1.58187103271498,6.38061462402401,4.82185333251996,8.60946533203202,12.3243847656261,24.2681469726584,45.8447167968791,69.3799560546916,76.3023779296875,78.42060546875,89.109365234375,80.4416406250023,85.342988281245,86.7451757812449,66.8408642578165,41.8912939453137,56.2375048828076,-1.9039361572264
"5873",-1.36663894653333,4.56797058105509,1.70104476928726,6.32874267578181,4.94481079101607,8.84513916015704,13.5847546386731,25.3777758789085,47.8209570312543,71.0645507812542,78.038671875,81.064833984375,91.00203125,83.3091894531274,89.3774804687448,91.2075097656196,74.9187500000045,44.4500585937513,58.9229199218699,-1.81288589477523
"5874",-1.46653167724622,4.28210510253944,1.0070726776124,4.65683593750042,3.17725921630888,5.31958007812547,9.46237426757897,22.4253076171895,45.6651757812541,71.3933740234417,80.932822265625,87.204072265625,98.84416015625,92.4259277343777,101.080332031244,103.144140624994,88.1340820312553,42.6732324218762,64.0674804687444,-0.823650436401295
"5875",-1.51179458618177,4.12145751953162,0.598530960083061,3.40186096191437,1.99581924438494,1.6683325195314,5.86420043945365,17.2821777343765,40.3044775390661,67.530273437504,79.0071630859375,88.45896484375,101.230400390625,96.5386035156278,104.891357421869,108.527343749994,92.2182421875055,42.6420556640637,64.6127832031194,-0.772333831787042
"5876",-1.63309661865249,4.21760925293006,0.404035911560095,3.6512194824222,1.98931533813494,1.80410202026383,6.60010620117246,17.6874755859391,40.1180834960973,66.846201171879,78.4426318359375,86.74890625,99.221298828125,94.3382128906277,102.061884765619,105.597001953119,88.0460742187553,42.4971875000012,62.4743212890571,-0.472499656677205
"5877",-1.65875762939468,4.7180798339848,1.40505020141614,5.68468750000051,5.11362152099655,7.23961425781315,13.7432409667981,24.5237451171897,46.7846191406292,71.8625781250043,81.3711083984375,85.736689453125,94.84873046875,87.5308691406275,89.7869628906197,92.1908007812445,69.1151757812541,37.4545166015636,57.28428710937,-0.892924728393477
"5878",-1.72518066406265,5.10294372558639,1.69221405029312,6.73920349121154,5.83202392578177,8.55584777832108,15.8183789062514,26.7425439453149,47.9578369140668,71.5838037109417,79.2440234375,81.2246875,87.90287109375,80.1125732421898,80.9829736328078,82.6355468749951,59.0831542968785,35.4562939453135,52.6870654296829,-0.841019058227466
"5879",-1.8891108703615,5.20926757812546,2.133743286133,6.86166748046936,6.2521820068365,9.07839965820394,16.5948706054702,28.1453637695338,47.7350390625043,70.9734179687542,78.886015625,80.47265625,86.04572265625,77.7647802734398,74.8388183593706,76.3276953124955,50.909755859378,32.8739770507822,48.7874707031207,-0.387469520568814
"5880",-1.68345397949234,5.1601995849614,1.77942718505875,6.23668029785212,5.0107119750981,7.56841491699286,15.7928222656264,26.5278442382836,43.9385205078164,67.821406250004,76.25724609375,77.546767578125,83.694013671875,75.3751953125022,73.2046630859332,74.5396582031206,51.8024511718781,31.7982812500009,49.1937011718707,-1.07008522033682
"5881",-1.73490234375015,5.15328735351608,2.07378402709979,6.63571289062559,5.99606750488335,9.810704345704,18.5787744140642,29.2218750000026,46.5132568359416,68.4708007812541,76.67408203125,77.149853515625,83.738984375,75.2190283203147,72.4391503906208,73.8304638671831,53.9558496093782,33.466591796876,51.6509570312455,-1.37648757934558
"5882",-1.92092315673845,5.03432830810592,1.85958862304704,6.09570007324273,5.75750732421926,9.40650817871178,18.671781005861,28.9610791015651,45.8467724609416,68.4607177734415,76.77326171875,77.9375,84.4096875,75.7282568359397,76.390278320308,77.9114746093704,57.5747900390659,33.227763671876,55.0749999999952,-2.00623779296857
"5883",-1.97103088378924,5.02859710693404,1.87571777343767,6.03628784179741,5.61122924804738,9.76714721679775,20.101311035158,30.0614111328152,45.145673828129,68.3196875000041,75.8893994140625,75.25765625,82.45181640625,73.4998535156271,69.6747558593709,70.7097656249958,46.4543310546903,30.5901586914071,51.704438476558,-1.58024627685533
"5884",-2.12917358398456,4.75910766601605,1.78898406982438,5.2834582519536,4.82745086669965,7.60641479492255,18.193226318361,27.3592895507837,42.0924121093787,63.9640576171913,71.0690966796875,66.2100390625,75.67431640625,65.3836425781269,51.409433593747,54.0683056640593,34.2863525390645,24.6217675781257,43.5583544921837,-1.12537231445303
"5885",-1.99536865234393,4.62501434326213,1.69104446411148,5.31210754394579,4.05987915039099,7.20525512695377,18.2142932128922,27.7132788085962,42.1009960937538,62.6415527343787,69.10390625,63.3920947265625,73.0453369140625,62.3008349609393,47.1404003906222,50.518134765622,30.5031225585956,22.3706176757819,41.9181396484338,-0.937258605956949
"5886",-2.22014465332051,4.52163208007853,1.65749771118179,5.16563110351609,4.01121215820348,6.61224365234434,16.5841503906265,25.7700048828148,39.6894628906285,59.131762695316,66.8380224609375,61.3883544921875,71.1278515625,61.5336914062518,49.8968261718721,52.0313085937469,30.5043334960956,22.0688159179694,42.7321826171838,-1.68708160400376
"5887",-2.07229675292987,4.55047760009806,1.94365905761736,5.67176940918019,4.4382861328129,8.00558654785228,17.1150610351578,27.1146484375024,41.2271289062537,63.3781250000038,71.5312890625,70.2737060546875,77.8389208984375,67.885820312502,64.2501757812462,65.8600830078086,43.3175244140651,28.1907519531258,51.529477539058,-2.31889999389628
"5888",-2.17817169189472,4.85436798095746,2.25902359008809,6.25146972656306,4.83947540283246,9.32598266601646,17.9867297363297,28.1042773437525,41.9798828125037,65.4018359375039,73.8394140625,72.9629736328125,80.349970703125,70.355126953127,68.265283203121,70.4955566406208,49.609843750003,31.5342407226572,54.7386328124952,-2.42311355590799
"5889",-2.15003601074238,4.73995788574261,2.20030441284199,6.50868591308652,5.40181762695361,9.04100952148518,17.6087902832047,26.7983544921899,40.0781933593786,61.0680566406286,69.6330908203125,67.085615234375,74.027509765625,64.3301562500019,61.9343066406214,63.6444628906212,41.9931054687525,27.8151220703133,50.5454394531206,-2.81196777343725
"5890",-2.22484085083028,4.5741668701176,1.94502349853533,6.2039233398443,4.61190734863322,8.28728149414136,17.0686059570328,27.4080053710962,41.1770556640662,64.6719531250038,72.8716455078125,71.819853515625,78.1552685546875,68.7085009765645,66.8447900390586,68.1325683593709,45.3536083984402,30.8152294921884,53.3407763671828,-2.50810211181619
"5891",-2.35204895019552,4.60340942382854,1.94489303588884,5.92423522949272,4.43515594482461,8.83310607910235,16.315219726564,24.4437231445334,38.8204882812535,59.4471289062535,68.4923291015625,66.60421875,73.8013232421875,63.1908544921893,58.8937060546841,60.5801904296839,38.9594995117211,26.1869921875008,48.2922753906208,-3.33465393066377
"5892",-2.26823913574239,4.42972137451211,1.65020217895523,5.67312988281301,3.9454418945316,8.22725402832105,15.9489367675795,24.4721508789084,37.4502148437533,57.9396679687534,67.052392578125,64.64353515625,71.834384765625,61.1502929687518,56.3064746093717,59.0447070312465,37.6534765625022,24.3340380859382,46.3780517578084,-3.53584960937469
"5893",-2.42403457641623,4.6275164794926,1.82882308959977,5.70464660644582,3.99030426025426,7.74084167480538,16.1231860351577,24.3144628906272,38.5500878906284,60.9342236328161,69.587685546875,68.604150390625,75.448359375,64.8605322265644,64.5641308593712,66.0330761718711,45.7749218750027,28.0163037109383,49.6369189453082,-3.58162475585906
"5894",-2.33010406494161,4.55340820312541,1.98976760864275,5.98303222656303,4.41661956787149,6.91232238769593,15.2952001953139,23.9704394531271,38.5927539062534,59.454594726566,68.07244140625,67.417607421875,74.802275390625,63.0472656250018,62.1997412109339,64.3919628906212,43.9312207031276,26.4410913085945,47.6290869140583,-3.66153076171843
"5895",-2.59843841552758,4.68711578369182,1.93653076171892,6.05772583007867,4.08037384033239,7.39442932128972,16.3655554199233,24.7796191406272,39.198012695316,61.7025683593787,70.852724609375,69.6564453125,77.693701171875,65.5718652343769,63.7996874999963,66.4916894531211,45.9941552734402,28.1317504882821,47.7413916015583,-3.04477661132786
"5896",-2.52599441528343,4.48055816650431,1.8222894287111,5.85497314453177,4.9708779907231,7.83686279296945,16.7708996582046,25.3432080078148,39.7534448242223,60.8729199218786,70.47439453125,68.968681640625,76.927119140625,64.1306835937519,61.4171093749964,64.9925390624961,45.9245507812527,26.8214941406258,47.7186230468708,-3.36223388671846
"5897",-2.60350463867211,4.42690887451211,1.88540725708025,6.17635437011774,5.24464477539109,8.80247314453204,16.9227038574234,26.5691259765649,40.9785595703162,62.0778320312537,71.893798828125,70.9384375,79.1834375,65.7993847656269,64.1665283203087,67.260468749996,44.0664746093776,28.8731665039071,46.6549755859334,-2.94356872558568
"5898",-2.62401885986352,4.35207946777383,2.15511077880879,6.24869567871149,4.84315948486371,8.60754943847733,16.1000939941421,24.6973486328147,38.8098510742222,58.338637695316,68.4468603515625,65.814189453125,76.123427734375,61.6697460937518,60.171459960934,63.8560449218712,42.2175976562525,27.4834277343758,45.5536962890585,-2.98882049560521
"5899",-2.65670623779321,3.93355346679723,1.75319656372086,5.85871765136771,4.68891418457073,8.77790527343828,16.9107604980484,25.3963574218773,39.646801757816,58.591049804691,69.70103515625,67.653525390625,77.8170751953125,63.7075488281268,63.5251855468713,67.3896630859335,46.6703466796903,29.0336840820321,47.3229785156209,-3.609900512695
"5900",-2.79142089843775,4.15396545410193,1.74494674682633,5.78062988281302,3.91922912597691,8.4302905273445,17.0504614257828,25.4890039062523,40.8979687500036,61.8580468750037,72.448271484375,71.6980078125,82.51453125,67.711513671877,66.9610888671836,70.4951318359333,50.053046875003,31.8457177734384,50.5464746093706,-3.39679260253877
"5901",-2.76226684570337,3.87625671386753,1.4431384277345,5.22556213378953,3.32847198486358,7.07825683593813,16.2691369628921,24.1174707031272,39.6281713867223,61.4850976562536,72.40271484375,70.663212890625,82.7374609375,67.327001953127,64.9879785156212,68.4468749999959,46.0544921875028,29.8780615234384,50.5272753906206,-3.10552093505832
"5902",-2.88041992187526,4.12860260009802,1.56701904296889,5.74792236328176,4.10455963134802,8.36685058593824,17.7387890625016,25.4558398437523,40.2573339843786,61.3423681640661,72.30546875,70.7918359375,82.953291015625,67.2228955078144,66.3930371093711,69.1592431640584,51.2895751953156,32.4298583984384,52.2441113281204,-3.48748291015594
"5903",-2.75452697753931,4.03313354492223,1.62540527343764,6.37016967773494,4.77950958251996,8.35073547363356,17.3232250976578,25.8932080078148,40.4586328125036,60.3496484375036,70.7052880859375,68.3818359375,81.2747998046875,65.5799414062519,64.0220312499963,66.7257080078085,47.5350048828153,30.9025097656259,49.8467138671831,-3.6372506713864
"5904",-2.85122253417994,3.99909301757848,1.41199676513685,6.06397705078179,4.76147613525433,8.29979003906324,16.4437084960952,25.662214355471,40.7469433593786,58.0857031250034,70.457880859375,66.678720703125,80.945888671875,65.4246044921894,63.3088964843713,66.6661767578085,48.2968505859404,30.6694433593759,50.0555126953081,-3.44655029296845
"5905",-2.80783813476588,4.04332702636755,1.56098526000991,6.35852539062557,5.36118713378954,8.8015020751961,16.8919006347671,26.0768237304711,39.9368652343786,56.7188134765659,68.107685546875,64.7914013671875,78.391103515625,61.8266503906268,59.116821289059,63.1840234374963,44.9755810546902,28.3277954101571,48.5164697265583,-3.57118041992156
"5906",-2.65033081054711,3.99265930175817,1.46835418701185,6.20851867675837,5.04892120361373,8.53407958984451,16.7160546875015,26.2955590820336,39.9897558593786,56.5663476562533,69.591318359375,65.690712890625,80.4651025390625,64.4136035156269,63.8266015624963,67.372841796871,48.1013330078154,28.6405322265633,50.3068603515581,-3.61498596191375
"5907",-2.98095886230495,3.94039550781285,1.52796035766615,6.36266540527401,4.51035339355509,8.2719244384773,16.1035351562514,26.2111450195336,40.3204077148473,56.2302441406283,69.2685546875,64.8170556640625,80.5465087890625,63.0157080078143,59.7123144531215,64.1902246093712,44.3277539062527,28.6091577148446,45.770781249996,-3.55286163330047
"5908",-2.64463531494164,3.7255734252933,1.32610687255871,6.10525756835992,4.15440368652381,7.32685424804753,15.8410839843764,26.7610375976586,40.7504296875036,57.3274267578159,70.8278515625,66.7753125,81.6285546875,64.3580419921894,57.4794189453091,63.3478320312462,42.7985449218776,26.5951538085945,44.1967871093711,-3.26304901123018
"5909",-2.88771759033229,3.73333984375033,1.36133789062512,6.14428100585992,4.51208923339884,7.80307189941476,15.6613220214858,27.0266308593774,39.3398461914098,56.2027148437533,70.585654296875,66.794150390625,82.42521484375,64.5003808593769,56.4233691406217,62.4292871093713,42.38579589844,26.4558105468758,42.4212304687463,-3.2611785888669
"5910",-2.75188201904321,3.74899200439487,1.61696960449233,7.11724121093813,5.21341003418015,8.88036621093829,17.3649584960953,29.2278564453151,42.3741455078163,59.5975683593785,72.02259765625,66.052421875,81.8314306640625,62.8241259765643,47.3256396484347,55.4108105468717,38.3843505859398,27.3536987304695,41.1549804687464,-2.70904113769508
"5911",-2.94452484130886,3.71437805175814,1.41521148681653,6.70508178710997,4.85104553222699,8.69263183593828,15.9611157226577,28.1942211914088,40.8717846679724,58.668198242191,71.907314453125,67.603408203125,82.258408203125,63.6881445312518,54.5036425781218,60.1998828124964,41.4125292968775,27.7828906250008,43.3636865234337,-3.49910461425751
"5912",-2.78031860351587,3.84230285644565,1.47047424316419,6.48099060058651,4.78513183593793,7.78448181152413,14.6572875976576,25.9739038085961,37.7484008789096,54.5921679687532,67.877978515625,62.132421875,76.629345703125,59.8634960937517,51.3755908203095,58.8160156249965,40.5098999023462,25.7660107421883,40.155834960934,-3.68496032714812
"5913",-2.78490539550806,3.97032897949254,1.55916198730483,6.330438842774,4.94026519775435,7.8582958984382,15.1602905273451,26.8535253906274,39.6725097656285,58.7119726562535,72.9192724609375,69.8791357421875,82.635146484375,67.275458984377,66.9623437499961,70.5743749999958,51.1584521484406,30.2009960937509,46.9045800781209,-3.70740509033171
"5914",-2.97592834472683,3.96480743408239,1.40698669433606,6.26127319335993,5.12274353027389,8.20403808593823,16.4198535156265,28.5452368164088,40.8371752929724,61.3294628906286,73.766025390625,73.352236328125,85.074697265625,69.461816406252,70.5362597656209,73.7378613281206,57.6124121093784,32.974296875001,49.8478124999956,-4.57406005859335
"5915",-2.96542785644558,3.75866455078158,1.43480300903333,6.38432922363338,5.68357910156301,7.55309814453193,15.7649450683608,27.630747070315,39.7753808593786,59.370170898441,72.766357421875,70.8097265625,82.660673828125,67.3410351562519,66.7309814453086,70.1809082031208,52.4155273437531,30.3669531250009,47.5022021484333,-4.73301147460896
"5916",-3.22571075439482,3.811004943848,1.39433822631848,6.41250854492245,5.19339477539109,6.42092041015682,14.297263183595,26.5205419921899,36.9766552734408,57.2315820312534,70.8472607421875,68.5384521484375,80.571220703125,65.8082910156269,64.5369531249962,68.102421874996,48.6957226562529,28.6006787109383,44.3183593749961,-4.11263031005823
"5917",-3.14234954834012,3.49287322998078,1.38326095581067,6.51500610351621,5.0896655273442,5.7664031982427,15.2026098632826,28.6032177734401,39.695698242191,60.0406054687536,72.9770751953125,69.82796875,82.05591796875,66.8104199218769,61.3409667968714,65.4096386718711,44.6566406250027,28.8580834960946,42.8965478515588,-3.89969970703091
"5918",-3.28963378906279,3.48418701171906,1.43823043823255,6.35935791015682,4.62645111084026,5.07713714599655,14.5992785644544,28.251665039065,38.7865625000035,60.1498095703161,73.15240234375,70.6590625,81.65083984375,66.2661621093769,58.3022802734341,62.3804492187463,43.5537158203151,27.6703710937508,40.103071289059,-3.71220764160124
"5919",-3.30517913818389,3.24033538818388,1.21563049316417,6.00643188476616,3.52622924804719,4.30227600097695,13.3343847656262,26.0004882812523,36.3894555664095,57.2297753906284,70.479658203125,67.0032373046875,78.2403515625,63.3086767578143,50.6750732421845,57.5861523437466,39.6352636718774,25.9570068359383,38.0866552734342,-3.35180114746065
"5920",-3.31088104248076,3.08876556396512,0.813531265258862,5.07578735351608,2.32971969604513,3.13699645996122,11.1915795898447,25.1127685546897,35.2864306640656,55.9293164062533,69.514306640625,67.086240234375,77.403564453125,63.7720605468768,60.5517578124965,64.9625195312461,45.3654980468777,27.4840283203133,41.8206933593713,-4.25906494140588
"5921",-3.42312744140655,3.453595581055,1.25567230224621,6.02285400390679,3.0739807128909,4.86667968750043,12.1713671875011,26.5103613281274,37.1277099609408,59.023862304691,71.739638671875,71.77671875,80.7265625,67.4919140625019,65.9907763671836,69.3455566406209,49.2338623046904,30.3997900390634,45.1617187499961,-4.54179138183554
"5922",-3.43580474853546,2.97221984863308,1.10078186035166,5.24802551269578,2.28398391723653,4.55136444091837,11.5930297851573,25.0885278320335,35.6901171875032,54.3425634765657,69.3540234375,66.81560546875,77.67130859375,64.7500585937519,60.2431054687465,65.5310449218711,45.2554052734402,27.349572753907,43.9693457031212,-4.62887268066366
"5923",-3.70454833984408,2.8847894287112,1.16120681762706,5.54031250000049,3.39103179931671,5.91582641601615,13.6425585937512,27.1901367187524,36.3245410156282,55.8456591796908,69.7074609375,67.105185546875,77.99552734375,64.5890917968769,56.3544384765592,62.2279345703088,45.1839160156277,29.0985937500008,43.8878271484337,-4.50463867187461
"5924",-3.41961547851593,2.83760772705103,1.42989242553724,5.81736511230521,3.49014831543,6.48397705078183,14.9258190917982,27.2232031250024,36.8913671875033,54.8376757812532,68.019853515625,65.93822265625,75.93677734375,62.2660205078143,53.0885058593719,59.790708007809,42.218403320315,27.6635791015633,43.2879736328087,-4.72871154785115
"5925",-3.47970764160187,2.8294735717776,1.65031799316421,5.61371948242238,3.56212738037141,6.84037109375061,14.41260498047,27.4429370117212,38.0494555664096,56.4356152343783,69.792919921875,68.7823779296875,79.013681640625,65.4411914062519,58.8240234374966,65.0278027343711,45.3163916015652,28.9335473632821,45.774863281246,-4.83054992675739
"5926",-3.32627502441436,2.54167800903343,1.54890106201186,5.94807189941459,3.75482177734408,7.96271301269602,15.473492431642,28.7972753906276,39.8924584960973,59.1160058593785,70.440361328125,68.4222802734375,78.6569384765625,65.1118652343769,58.2881738281216,64.0027929687462,46.3796728515653,28.7958447265633,45.8934619140585,-4.85947631835895
"5927",-3.23180267334013,2.46678207397483,1.7523185729982,6.05064453125054,4.23872100830116,7.42303771972722,15.5104589843764,28.3891308593775,39.097641601566,55.5785253906283,68.2874658203125,63.50458984375,76.40138671875,63.1408837890643,54.9058691406218,61.9155859374963,44.8748242187527,27.152902832032,46.023945312496,-4.64517517089803
"5928",-3.29055114746123,2.39741973876975,1.76615692138688,6.61389282226621,4.91213073730513,8.50900878906326,17.5561230468766,31.276301269534,41.2392285156287,62.0438964843787,72.2845947265625,69.4043603515625,81.68099609375,67.874218750002,57.8847753906216,64.2023046874962,47.1944726562528,29.3233129882821,47.1442285156209,-4.02753570556605
"5929",-3.28901672363311,2.22967315673848,1.59996688842788,6.13791198730523,4.35336547851601,7.49851440429754,16.0957043457046,30.1358984375027,40.9244726562537,63.2238769531288,72.4913720703125,70.932919921875,81.637275390625,67.750410156252,54.2864160156218,61.4510009765589,44.4881250000027,27.6073461914071,45.4719091796835,-3.89606353759732
"5930",-3.4406512451175,2.34080047607443,1.64045989990249,6.31544799804744,3.90977355957066,7.41725219726629,15.0713330078138,28.409086914065,38.8681152343785,62.1362890625037,70.6706591796875,69.8157861328125,80.74708984375,67.0833886718769,55.4982812499968,62.5406152343713,45.2194140625027,27.0965625000008,45.5996337890585,-3.55572235107391
"5931",-3.21248168945341,2.35813735961935,1.30197372436535,5.40063720703173,2.41630218505881,5.38917724609423,14.0205310058606,27.4535791015649,40.7580419921911,68.9364306640666,76.2387109375,78.7178515625,88.233232421875,75.5010937500022,67.7250341796835,72.8122363281207,50.318632812503,30.5407592773446,50.6422949218706,-3.21909423828097
"5932",-3.35763854980499,2.20100402832051,0.930888900756919,4.98287292480513,2.61928039550805,5.94452453613334,13.8239050292981,27.1155004882837,39.5192382812535,67.2231396484415,73.3154931640625,73.872548828125,83.478349609375,70.4478271484395,60.540180664059,64.0199999999962,45.4663476562527,28.1100585937508,46.1104638671835,-4.19913269042932
"5933",-3.33889617919952,2.04360961914081,0.261277065277123,3.04152709960965,-0.76072082519538,-0.042782516479496,8.74226440429766,21.9525244140645,36.5572973632845,65.5845996093789,74.157060546875,78.717021484375,90.21150390625,77.8249609375023,74.8665429687456,79.1397070312453,55.3888232421908,27.2948095703133,53.1986328124954,-3.92724914550747
"5934",-3.38487335205108,2.11837768554706,0.430230636596718,3.42946838378937,0.08441223144532,1.29185516357433,10.2644970703134,22.202744140627,37.6059033203159,67.854189453129,75.81041015625,79.3706884765625,90.040908203125,77.8273779296897,72.4151367187458,76.000952148433,52.9905712890657,30.2889843750009,50.4177441406206,-3.90083618164028
"5935",-3.31419067382842,2.43813598632834,1.17750877380382,4.95320068359419,1.94681961059588,4.06585998535193,13.1264257812512,24.9167187500022,39.6609960937535,69.2011621093791,75.566435546875,77.777802734375,87.7097265625,76.5900878906272,76.722875976558,79.7264208984328,59.6560986328161,36.9008447265636,57.429179687495,-4.16736358642542
"5936",-3.31242584228545,2.56279388427757,1.43594314575208,5.39326965332079,2.19914230346699,4.87149414062543,13.4600048828137,24.6121728515647,39.296166992191,68.4086621093791,73.5549658203125,75.08857421875,84.049072265625,72.6762597656271,70.8990283203083,73.6984570312456,54.5331347656283,33.492412109376,52.4246972656204,-4.27140624999963
"5937",-3.42222808837921,2.71517913818384,1.37606460571301,5.46178833007861,3.27084838867217,6.77596923828185,16.9538537597671,28.6188964843776,41.9680957031287,71.0633593750042,75.613359375,78.4853369140625,87.163759765625,75.3014453125022,74.7442382812456,77.1418749999954,58.7722949218785,38.1403686523449,54.7936132812452,-3.8612200927731
"5938",-3.24481964111357,2.85644439697291,1.38545669555676,5.60614685058644,3.60194458007845,7.06413696289126,15.1550708007826,25.2169238281272,37.9055517578159,65.1420751953164,68.3517333984375,67.61806640625,78.2913232421875,65.4563574218769,62.2645410156214,66.1843749999961,48.4388037109404,29.7486499023446,43.8271533203087,-4.32660766601525
"5939",-3.22427001953154,2.9751687622073,1.32271316528332,4.90441284179731,2.8168090820315,6.06191711425835,12.7728906250011,23.4928369140646,36.4058300781282,64.3596630859413,67.9569580078125,67.847822265625,78.2589501953125,66.2979785156269,62.0745898437464,66.674111328121,47.9315332031279,28.3989013671883,42.9661230468712,-4.03004333496059
"5940",-3.18970214843779,2.86810272216823,1.40276626586927,5.08466674804733,3.48371337890656,6.46929931640683,13.7897985839856,23.4513867187521,36.615241699222,65.5985156250039,69.3499609375,69.078466796875,79.34599609375,67.1069287109394,59.5419433593715,63.6709863281212,45.2491308593777,29.1600463867196,41.3056542968714,-3.73275177001921
"5941",-3.20831420898466,2.82363586425806,1.1996354675294,4.77472412109418,3.09598236084012,5.25244506835984,11.6864916992198,22.3426196289082,36.064431152347,66.1912402343789,69.6719091796875,68.9873486328125,79.08798828125,67.5376464843769,60.710415039059,64.9508496093711,45.2364648437527,29.1332348632821,41.9476464843713,-3.77958160400358
"5942",-3.39353607177765,2.98823974609402,1.44497741699232,5.4179620361333,3.37012420654327,6.59057067871152,13.0536853027355,23.9163256835959,37.2383129882846,66.2403906250039,69.0145654296875,68.14611328125,78.4804296875,67.380283203127,60.3716015624965,65.6697900390586,48.0494677734404,30.5602246093759,42.5335742187463,-3.84197662353482
"5943",-3.22142974853544,2.68685241699243,1.33282867431652,5.32577819824266,3.150356140137,5.79330139160208,13.67242919922,24.7839794921897,37.8113427734409,66.4303417968789,69.3743359375,68.9235302734375,78.7319775390625,67.2976074218769,60.8402929687464,65.2165673828086,47.6097167968778,30.5419287109384,42.2341406249963,-4.09960235595667
"5944",-3.43456207275421,2.75199768066431,1.3866946411134,5.44352661132861,3.50331207275422,6.06026367187554,14.3790942382825,26.1902783203148,37.2961718750033,66.0959472656289,68.85314453125,67.828720703125,76.65447265625,66.5081054687519,57.1209082031217,62.4881835937463,44.7006640625027,28.6202734375008,41.3846533203089,-4.5457714843746
"5945",-3.28265625000029,2.90697814941432,1.68424011230484,6.28327392578181,3.68455139160189,7.01514648437563,15.2402075195326,27.1043945312524,38.691245117191,65.4482470703164,68.26978515625,65.656025390625,75.220322265625,63.9154980468769,52.4152734374969,58.847231445309,41.82647949219,28.2668164062508,39.8926586914028,-4.45385467529258
"5946",-3.35190246582061,2.86869506835963,1.7075790405275,6.11161376953179,3.12706939697294,6.58702819824278,14.286345214845,26.4479418945336,37.5508447265658,65.0077832031289,67.914267578125,64.74912109375,74.2257763671875,63.6442529296893,48.7519921874972,55.7035644531217,39.2809106445336,26.7939648437508,36.4838476562468,-4.30273071289025
"5947",-3.29196044921904,2.9429730224612,1.83230102539079,6.18961730957086,2.50485351562522,6.59075683593809,14.1855847167981,27.4898339843775,38.5147314453159,65.8758593750039,69.95810546875,68.71484375,76.830849609375,66.7287255859394,58.1849023437466,62.7370117187463,45.1670800781277,30.5773730468759,44.0062792968712,-4.99366333007769
"5948",-3.27624877929717,2.8052661132815,1.68280654907242,5.92482849121147,2.60385253906273,5.92367980957084,12.9886267089855,27.6499536132837,39.465415039066,66.6909033203165,71.792333984375,71.58912109375,79.9519140625,68.587636718752,57.2990917968717,61.0396093749964,42.3917578125025,30.3530786132821,43.7928906249962,-4.60042541503866
"5949",-3.40204315185577,2.8957333374026,1.79167999267594,5.88439392089896,1.86817932128923,5.65515747070363,13.2089379882824,27.790903320315,38.946547851566,65.8212792968789,70.31494140625,69.034501953125,78.531181640625,66.2539843750019,53.0255859374969,56.6561718749966,38.0933251953148,29.3768969726571,41.4385058593714,-4.2161837768551
"5950",-3.24782653808623,2.95619995117214,1.93698226928728,5.51694458007862,1.92673629760759,4.54566589355509,12.9787414550793,27.0068212890649,36.7907641601595,63.0728906250037,67.6910888671875,62.0018603515625,74.786259765625,62.2863574218768,43.9647363281224,51.8314990234344,35.3183593750021,26.3196191406258,39.3178955078091,-3.83727233886685
"5951",-3.28664489746123,3.14012451171903,1.87319335937517,5.56558471679737,1.59002441406264,4.53474517822306,12.7616210937511,26.9962182617212,35.6758349609407,61.6641601562537,66.092783203125,58.8644189453125,72.7342138671875,59.9893164062517,35.9325830078104,45.7811621093723,32.5431054687519,23.3954638671882,37.3928027343717,-3.34695861816377
"5952",-3.15076873779325,2.97571899414089,1.6606240844728,5.1544964599614,1.18309288024913,3.41305267334015,11.8990979003917,25.606403808596,34.6998193359406,60.5670605468786,65.61064453125,58.369697265625,72.409072265625,59.7320117187517,41.0511474609351,48.7322265624971,34.9532275390646,24.077678222657,38.9570751953091,-4.09712646484339
"5953",-3.22949188232451,3.05258819580105,2.10170532226581,5.33528625488329,1.03921211242685,2.20067687988301,11.8142578125011,24.8783447265647,32.8262109375029,57.4483837890659,63.342392578125,57.953232421875,70.9712158203125,58.7614355468767,44.4912695312474,50.095234374997,34.2543017578145,22.3189306640632,36.6147387695281,-4.40760986328087
"5967",-1.25902946472179,5.44221557617236,1.43664382934583,7.02995849609438,4.33705078125039,7.94920349121165,15.1130566406263,22.219619140627,38.837885742191,61.1239160156286,65.847197265625,65.340751953125,70.2063818359375,62.8111718750018,58.7138623046841,58.628842773434,33.978525390627,31.2533789062509,44.0013427734337,-0.915479125976483
"5968",-1.378455810547,5.54842407226612,1.53723846435561,6.98008789062562,5.02976348876998,8.01655639648509,17.1246325683609,23.8729077148459,42.5753125000038,66.0466650390664,70.1062109375,71.3040087890625,75.796259765625,67.743750000002,65.4115527343712,64.8782910156211,40.2166699218774,33.6311206054697,46.9620410156209,-1.59278533935533
"5969",-1.1972592163087,5.39033081054736,1.60397155761733,7.18686645507877,4.89180816650434,7.59039550781318,17.3966894531266,24.2802294921897,43.3367187500039,68.8358349609416,72.2519091796875,74.033203125,79.38142578125,70.734326171877,68.6485498046835,67.9578369140585,43.0140966796901,34.1356323242197,48.4678662109333,-1.65071685791001
"5970",-1.41393768310559,5.34651855468798,1.89300094604509,7.60551513671943,6.05810913085991,9.53697753906335,19.3870874023455,26.7153002929711,47.3680566406292,70.8482031250042,73.73158203125,75.5003271484375,80.3184375,71.2222656250021,67.5212207031211,66.8754443359335,44.1043701171901,35.7451684570323,47.4811621093709,-1.64817764282212
"5971",-1.12853851318369,5.68741271972707,1.78800476074235,7.8618750000007,5.92909179687553,10.0416986083993,19.070959472658,26.9709082031274,48.9402246093794,71.0997216796917,73.763486328125,76.089208984375,81.6045654296875,71.9983886718771,69.3701953124959,69.1316162109334,47.1264648437528,35.3971801757823,49.4910498046832,-1.63525268554673
"5972",-1.55908401489272,5.59224243164112,1.922367706299,7.41276184082097,5.4690557861333,9.3310943603524,18.0582763671891,26.4942626953149,48.1069335937543,70.3983593750042,73.1864990234375,76.482685546875,82.1275390625,72.4657812500021,71.0751367187458,71.1233886718708,48.5537255859404,34.7466552734385,48.5130810546833,-1.7996636962889
"5973",-1.39453369140637,5.59475646972706,1.86210678100603,7.48527465820379,5.93262329101615,9.73534729003993,17.4220227050797,26.3582763671899,47.8064550781293,70.4593066406292,73.050400390625,76.428173828125,82.445419921875,72.4021679687521,72.3674804687458,73.0068359374957,50.620654296878,35.5966723632823,50.0555419921831,-1.81547134399398
"5974",-1.36554992675793,5.65029052734426,1.84542160034196,7.53861389160224,5.51881591796924,10.0888177490243,17.5060961914078,26.9527758789087,48.0174853515668,70.2924365234417,73.1934423828125,75.246123046875,81.6367578125,72.1471240234396,71.0227880859334,71.3204248046833,48.7283300781279,33.898339843751,50.1187158203081,-1.59976104736314
"5975",-1.58003707885756,5.49188232421924,1.87255554199235,7.37857971191472,5.74728149414114,9.66765136718836,15.6232495117201,25.5292993164085,46.6673974609417,69.1122265625041,72.637490234375,75.482783203125,82.31984375,72.6348486328146,72.6623193359332,73.7000292968706,51.6675000000031,34.7732177734385,51.7829003906205,-1.79427337646469
"5976",-1.45917022705091,5.26859863281297,1.73845535278336,7.43933471679754,4.98970397949263,8.38454711914137,15.2645495605482,25.0487695312522,45.6738476562541,68.9737500000041,73.4669677734375,75.446181640625,83.030234375,73.7872949218771,73.1608544921832,74.2167529296831,51.1585156250031,36.3582666015636,51.7491406249955,-1.48716522216784
"5977",-1.83200088500993,5.11760192871139,1.48733993530287,6.9225555419928,4.49312255859415,7.41967407226629,14.2844433593763,24.1539428710959,45.3809521484416,70.9363671875042,74.51318359375,77.7789306640625,86.069609375,77.0366601562522,78.5285693359329,79.1584960937453,56.2712353515659,36.5342407226573,54.4557080078077,-1.3393795776366
"5978",-1.49413421630873,5.19536621093796,1.9189172363283,7.63188598632881,5.28938049316454,8.43923339843825,15.4857104492201,25.166726074221,45.5855664062541,71.0648681640667,74.581494140625,76.210478515625,84.5062890625,74.9168798828147,74.9101367187456,74.7663623046831,48.4500781250029,36.4043750000011,51.226528320308,-0.861937179565354
"5979",-1.81158248901383,4.92257843017622,1.69671600341812,6.99549133300844,5.04972839355514,7.2565307617194,13.8579016113294,23.9066479492209,43.6930761718789,69.6961035156291,73.433125,74.948388671875,83.141591796875,73.2612988281271,72.3800146484333,73.0817675781207,46.3238330078153,34.2122412109385,52.2251611328079,-0.897179412841718
"5980",-1.56445663452162,4.76800109863324,1.5711367797853,6.94682861328187,4.74500122070355,7.16595947265689,13.2654980468762,24.4727709960959,44.833779296879,70.1475488281292,74.164697265625,77.161865234375,85.19041015625,75.7282324218772,77.0052343749955,77.6836816406204,52.7003759765657,36.0158081054698,54.1447705078078,-1.36785858154285
"5981",-1.56555786132827,4.83096618652387,1.72285354614273,7.25459106445377,4.957334594727,8.36715820312575,15.0217065429701,26.3870166015649,47.2247509765667,72.1760644531293,75.684228515625,77.849140625,84.71140625,75.2839697265647,74.5382714843706,74.0431005859331,46.6018164062528,35.8127880859385,51.8125683593705,-0.884512481689376
"5982",-1.62067825317397,4.69274078369182,1.50348556518568,6.51570861816464,4.04839843750036,6.38562805175838,12.3361779785167,23.3084155273458,45.065380859379,71.0301660156292,75.236201171875,79.2112060546875,87.079853515625,77.3930322265647,80.0428124999953,79.7995947265578,53.0336425781282,37.0611132812511,53.3402001953078,-1.19158348083486
"5983",-1.42368515014661,4.60194122314494,1.60710571289077,6.54598083496152,4.00660797119176,6.45355346679745,12.2979516601573,24.0098876953146,44.326445312504,69.5603613281291,74.955556640625,77.388818359375,86.4415234375,76.7831933593772,80.6719775390578,80.3828027343702,57.0837158203159,38.1963452148449,54.3524267578077,-1.56663848876939
"5984",-1.61461212158217,4.50334716796915,1.75276794433609,6.38616821289119,4.25736724853554,7.13500915527407,11.8147729492198,23.9309228515646,45.3066357421915,67.515957031254,75.10162109375,77.4912890625,86.83982421875,76.9507714843772,82.0800781249952,82.0438476562451,59.3125585937535,36.6941235351573,54.5195703124952,-1.5307708740233
"5985",-1.5057345581056,4.40739044189492,1.70802261352554,6.64572875976622,4.44137573242227,7.4241693115241,12.178172607423,24.4865136718772,45.7460449218791,66.9918798828165,76.1334619140625,78.4578515625,89.09884765625,78.3294628906273,82.3728124999952,83.2470312499951,58.9736914062535,35.8294116210948,53.4611425781203,-1.45239776611315
"5986",-1.72929763793961,4.25152770996132,1.74321014404312,6.14605529785211,4.19112030029334,7.39491943359441,11.8681152343761,24.9563598632835,44.465927734379,65.7830371093789,76.1427978515625,78.271201171875,88.6621875,78.2841503906273,82.1067968749952,83.594804687495,63.0347460937538,38.8572216796886,53.5193066406203,-1.81655426025375
"5987",-1.55653182983412,4.42294799804727,1.86685867309587,6.60859069824278,4.47332366943399,7.36042602539128,13.3545605468762,27.0017236328149,46.3581005859416,69.8356591796916,79.5993994140625,82.760068359375,92.60666015625,83.2898632812524,89.1980664062448,91.0611230468696,73.1264404296919,44.3717236328138,57.4180029296825,-1.87885894775374
"5988",-1.61801544189468,4.69169677734417,1.955756378174,6.59584106445371,4.909346313477,7.90203613281321,14.1911315917981,27.6172290039087,49.0468554687544,72.1352587890668,82.43923828125,86.282265625,95.44787109375,86.7003710937525,91.3208984374947,93.0806640624945,75.5978906250045,43.0685156250013,59.7203271484323,-1.66665740966782
"5989",-1.57774200439467,4.76236022949261,1.75316421508805,6.35344299316463,4.917012329102,6.62202148437559,13.8480078125012,26.6279687500024,47.1284960937542,70.6907128906292,80.342919921875,84.448525390625,93.586328125,84.4732714843774,88.9902441406198,91.6394628906196,72.9891406250044,42.0137451171887,59.4239404296823,-1.14220039367666
"5990",-1.62797302246108,4.83626556396528,1.73654830932633,6.54979553222715,4.88459869384809,7.12413391113345,14.3401464843763,26.6213232421899,47.3997558593792,70.0872900390667,79.3095849609375,82.161494140625,90.746552734375,82.3319140625024,85.763515624995,88.4737109374948,67.658544921879,40.6765869140637,54.7116552734327,-1.42525009155261
"5991",-1.85893264770524,4.84971679687543,1.49809875488295,6.31300598144588,4.39354187011758,6.22122131347712,13.8966210937512,25.0814282226585,45.204238281254,68.3837597656291,78.468974609375,80.479365234375,88.291796875,80.3924414062523,82.6025292968702,84.87393554687,62.8701123046913,37.0989062500011,50.2549023437456,-1.5765895080565
"5992",-2.01101806640643,4.98642272949263,1.70574615478531,6.81989013671936,4.76616149902386,6.97932434082094,15.7807043457045,25.9261962890648,45.101025390629,67.947226562504,77.567294921875,77.7603466796875,85.11509765625,77.1378320312522,77.9472949218704,79.8089501953078,55.8800292968783,33.8001147460947,46.2579248046835,-1.53993011474596
"5993",-2.04543350219745,5.08242340087936,1.91081268310564,6.38553161621151,4.54942687988322,6.8431121826178,15.4801977539076,26.3221728515649,44.0185644531289,66.839990234379,76.5644140625,76.5833349609375,83.290400390625,74.4332226562522,73.7362792968707,76.9481933593704,53.6289648437532,30.8712597656259,44.8697851562461,-1.08740600585928
"5994",-1.89781936645525,5.10721618652389,1.93005218505877,6.67347778320372,4.9456436157231,7.04002929687563,16.8763415527359,28.2290234375025,44.6243408203165,68.028994140629,77.5569970703125,77.3064453125,84.83673828125,75.8368457031272,76.1803710937455,78.2842968749954,55.5318603515658,32.7563061523447,46.7077539062459,-1.13972526550283
"5995",-2.04854873657245,5.07200256347701,2.08877395629901,6.54668457031308,4.84403503418012,7.5949523925788,16.4739965820327,28.5516772460963,43.2784863281289,66.0035742187539,76.673037109375,75.7006640625,83.335908203125,74.7650585937522,74.3629199218706,76.8421484374955,55.1881542968783,33.1889111328135,46.0442138671835,-1.37198974609363
"5996",-2.05748382568378,5.02749328613326,2.10726928710956,6.20024475097712,5.01447265625045,7.54820190429755,17.3973632812516,28.4406469726588,42.2490380859413,65.1968359375039,75.85990234375,73.708427734375,82.45587890625,73.7258789062521,71.6959228515583,74.4812890624956,52.5567041015656,31.6980664062509,46.6901904296834,-1.37926254272449
"5997",-2.15393035888691,4.83136566162152,1.93063217163103,5.91941650390678,4.98568878173873,7.65916259765693,17.9924572753922,27.95274902344,39.9654980468786,60.9048828125036,72.37546875,67.505498046875,76.60326171875,66.6638916015644,60.428706054684,63.9821874999962,41.00767089844,25.6503564453133,40.9749414062464,-1.22005950927724
"5998",-2.34041931152365,4.42731658935586,1.7000268554689,5.30114990234422,3.91086791992222,6.17017395019586,16.7312109375015,26.2759301757836,37.6891186523471,57.8213134765659,69.3652587890625,61.453759765625,72.5693896484375,61.7439013671893,46.4438916015598,52.5518164062469,31.0761401367206,21.1419482421881,35.7810253906219,-0.91500373840324
"5999",-2.28954681396505,4.39333557128945,1.65369918823257,5.43571899414111,3.56474456787141,6.71594604492247,17.4276318359391,26.3747656250024,36.1677197265657,56.1126855468783,66.83943359375,56.636357421875,69.01345703125,57.1641308593767,39.8687329101539,47.3257031249972,27.6834057617204,19.1553955078131,34.2850317382783,-0.956584701538002
"6000",-2.4597090148928,4.5260107421879,1.80313934326188,5.88853454589896,3.8325787353519,6.93247863769593,16.7566711425796,24.7305493164085,34.3370605468781,56.0309082031283,66.50744140625,57.065205078125,70.2423046875,56.9134960937516,41.1175390624976,47.7780273437472,29.3134375000018,20.4375512695318,36.9677294921843,-1.01037399291983
"6001",-2.27599533081075,4.51981964111368,1.99405578613299,6.296112670899,4.15171569824256,7.74075561523506,17.2339611816422,25.333229980471,35.1509716796906,58.278793945316,68.5152099609375,63.323037109375,73.5128662109375,61.7621630859393,54.6878222656218,59.3799804687465,36.4986474609397,23.1003002929694,42.7639697265588,-1.79069976806625
"6002",-2.41683654785178,4.60548645019572,2.02023666381854,5.94906738281303,3.15498107910184,7.76051269531319,16.9095507812515,25.505485839846,35.7215356445344,60.6309082031286,71.005615234375,68.1462939453125,77.2389990234375,65.7824365234394,61.4999609374964,64.1032714843712,40.9638574218774,26.8411035156258,48.2452734374958,-2.04438568115217
"6003",-2.31066207885763,4.73141876220745,2.32588912963888,6.88777160644593,4.54269348144572,8.78009643554766,18.2162316894547,26.1709960937523,37.2735327148471,61.4220654296911,70.8983642578125,66.14521484375,75.35494140625,63.2145996093768,57.9739404296841,61.1512597656214,39.9195068359399,26.9840673828133,46.6020410156209,-2.21768524169903
"6004",-2.58453369140648,4.5350390625004,2.38255813598654,6.86321594238342,4.54762298584025,8.61213806152421,17.2662963867203,25.689323730471,36.6463110351595,60.4962646484411,71.44853515625,67.0595361328125,77.35640625,64.7893359375019,60.321254882809,62.7958300781213,40.4073974609399,27.7650732421883,47.2909765624959,-2.34534271240214
"6005",-2.48882110595725,4.58977813720744,2.29005096435567,6.78765563964904,4.19423645019569,8.15417236328198,17.1730407714859,24.2429272460959,35.997487792972,57.1044140625034,68.818935546875,62.6939111328125,73.618310546875,61.4109423828143,54.1810791015593,58.6720605468715,36.7181298828147,24.6727148437507,43.8782617187462,-2.2077069091795
"6006",-2.46629455566428,4.39835815429727,2.0356637573244,6.19732788085993,3.21198883056669,7.32477600097722,16.5745788574234,23.9961938476584,36.3587255859407,57.3656835937534,69.10546875,62.579775390625,73.072861328125,60.5060058593767,47.2509423828097,53.9707763671843,33.1389306640645,22.0916113281256,40.189809570309,-1.69467514038071
"6007",-2.62489501953148,4.41318817138711,2.03017639160174,5.98410400390678,3.33212188720733,6.33690795898494,15.4762402343764,22.882978515627,35.3079370117219,56.1013574218783,68.0858447265625,63.77310546875,73.54029296875,60.6116552734393,52.0099658203095,56.6749121093716,35.0590429687521,22.7485791015632,41.3452929687464,-3.30676025390596
"6008",-2.45468246459983,4.54583557128947,2.13231124877949,5.99635498046928,3.33455627441436,5.30462158203172,15.4284960937514,23.5579272460959,35.9350732421907,59.3748535156285,70.08189453125,67.4479443359375,76.343076171875,63.7537695312518,60.492446289059,64.1054101562462,39.8811669921899,24.4953125000007,43.4407080078087,-2.71193847656226
"6009",-2.67268310546899,4.53959381103556,2.02522949218768,5.88216125488334,3.2404229736331,5.650043945313,15.5457739257826,23.6444677734396,36.1419970703157,58.1772460937535,69.1166650390625,66.1270263671875,75.60462890625,61.6779785156268,51.314472656247,57.2062011718716,34.7796923828146,22.8211425781257,38.4876660156216,-2.44743438720682
"6010",-2.57938293457054,4.55309997558634,1.87162658691423,6.38246398925838,3.9969784545902,7.06395324707094,16.7105541992202,24.3070800781272,37.4389990234408,59.619379882816,70.004541015625,67.337451171875,77.5061474609375,62.9640917968768,57.9096240234341,61.8636425781213,39.1916186523461,25.8336962890633,43.1015576171837,-2.71537139892554
"6011",-2.75201782226587,4.2310363769535,1.96224029541033,6.04484619140679,3.78986663818393,7.31744140625065,17.2477136230484,25.4150830078148,38.6204614257847,62.1659912109412,71.8294091796875,70.2063134765625,79.6093310546875,65.0057226562519,59.795805664059,64.0893017578087,42.1548437500025,27.5489501953133,44.2328564453086,-2.07513015747052
"6012",-2.91188720703151,4.03662475585973,1.73216156005875,5.94717712402397,3.86458068847691,7.88480102539133,15.8294458007827,24.9314477539085,38.7218359375034,60.3230615234411,70.64607421875,69.76689453125,79.681689453125,65.0051074218769,64.6579052734337,68.5860449218709,47.0500781250028,29.4861718750009,46.2392041015585,-3.37196411132783
"6013",-2.92364807128932,3.9356600952152,1.78281600952164,5.86719543457084,4.13249511718787,8.55752197265701,16.1236962890639,24.4786645507834,39.2582226562535,58.959692382816,70.892861328125,70.404150390625,81.1379443359375,66.1094189453144,67.0007666015586,70.7285351562458,50.062363281253,29.3586596679696,48.9570898437457,-3.73929687499967
"6014",-2.98862976074245,4.03478698730505,1.8108392333986,6.21039123535212,4.61538391113322,8.74577392578203,16.7140014648452,24.4540258789084,39.530903320316,58.4901953125035,70.0133642578125,67.073251953125,79.878125,63.9072802734394,59.067338867184,63.9497949218712,43.9927441406276,29.3505151367196,45.963925781246,-2.94070617675756
"6015",-2.90591522216823,3.93063781738316,1.72908340454117,5.85466064453177,4.18069976806678,8.46350952148513,16.6920629882827,23.6663330078146,38.9613671875035,56.3480664062533,68.4440771484375,63.7059765625,78.2124169921875,62.1425390625018,58.7503466796841,63.8398925781212,41.63296386719,26.6054931640633,45.700585937496,-2.82016326904272
"6016",-2.98943847656277,3.84999328613315,1.92320419311541,6.01367126464897,4.68593627929729,8.87804443359454,17.250571289064,23.7791210937521,37.7131152343784,53.7980908203157,67.04146484375,61.9378173828125,76.6273193359375,60.6400732421893,55.8910644531217,61.9303906249963,42.5568945312525,27.4959912109383,45.707636718746,-2.87500946044897
"6017",-2.81632659912135,4.17567291259803,1.75358032226578,6.54459167480527,4.87282501220747,8.53594116211014,16.9483398437515,25.3364111328148,39.5038769531285,58.9006054687535,71.064482421875,68.474814453125,82.597060546875,65.9020117187519,63.8487841796838,67.704667968746,48.3566064453154,29.9168505859384,51.1079980468705,-3.06458587646458
"6018",-2.96042449951198,4.02586303710973,1.9173921203615,6.54606567382871,5.17440246582077,8.83923828125079,16.8123559570328,26.5385839843774,42.0434765625038,63.0862402343787,74.3780908203125,73.5148779296875,86.23173828125,69.476542968752,67.0402490234336,70.6917529296833,51.6630126953156,32.6329760742197,53.0306884765579,-2.82272399902319
"6019",-2.74567352294946,4.14838195800818,1.74064315795914,6.63233642578184,5.04798400878951,8.71928466796953,18.0542834472672,28.4292016601588,43.9496728515664,66.2373046875039,76.08966796875,75.5269189453125,87.971640625,70.526816406252,67.5179150390586,70.1258398437458,50.348320312503,33.8588549804697,53.6443749999953,-2.44512161254861
"6020",-2.86159698486354,4.09039184570349,1.8131927490236,6.72914428710997,5.0953637695317,9.43415893554772,17.4216650390641,27.600551757815,41.6092480468787,62.8636669921912,73.6589111328125,71.990966796875,85.246142578125,68.055537109377,67.1336718749961,70.1874999999958,51.1494628906281,31.7056689453134,52.7380175781204,-2.63506652832008
"6021",-2.92758911132839,4.06582305908239,1.67329055786148,6.57203857421934,4.54200561523478,9.31679992675864,17.1172924804703,27.1859472656274,40.8913281250036,60.6185205078161,71.669150390625,69.710859375,83.93916015625,66.5748535156269,63.8287695312463,67.764140624996,47.5619042968778,30.8583251953134,47.0186718749959,-2.97569854736302
"6022",-2.75314788818384,3.98299011230504,1.42893051147474,6.19676818847712,4.14141784668006,8.43743835449294,16.1331091308608,26.1970507812523,40.1716455078161,56.9849609375034,69.244443359375,65.3856787109375,80.601884765625,62.3493066406268,55.0108935546843,61.3490527343714,41.788286132815,27.3815454101571,42.6356884765588,-2.8283114624021
"6023",-2.86472808837916,3.93107208251988,1.68493988037124,6.50584350585996,4.878213500977,9.4026080322274,16.7591979980484,27.590434570315,40.7429199218786,57.7340332031284,70.0413720703125,66.428916015625,80.233583984375,61.3826367187518,51.3751220703095,58.2444287109341,41.1268359375025,26.7824511718758,40.3224340820277,-2.42781341552713
"6024",-2.66940246582055,3.91427917480504,1.69126037597671,6.63378784179747,4.60622009277385,8.40093811035231,15.4228552246108,27.3618505859399,40.5028808593786,58.5299804687535,70.6206689453125,68.1853466796875,81.3585400390625,62.9376611328143,55.4640527343718,61.1659228515589,41.98419433594,28.0592041015633,41.9911230468713,-3.10006439208957
"6025",-2.78056365966822,3.95352844238317,1.78408416748063,6.92205383300843,4.68014282226604,8.80652099609454,16.3975097656265,29.3649365234401,42.6896533203163,61.4379687500036,73.398701171875,70.8514111328125,84.6258984375,66.2074609375019,55.7645898437467,61.5218261718714,42.0667285156275,28.3049584960946,42.2414355468713,-2.23883392333965
"6026",-2.64477325439477,4.00768859863317,1.86725189209001,6.65157958984434,4.70777770996136,7.84495300293039,15.3380517578139,27.7777856445337,40.0820483398473,59.484545898441,72.66072265625,70.88658203125,84.017890625,66.4067773437519,58.2033496093716,64.1943164062462,44.5112109375027,28.4609179687508,43.6358691406212,-2.38613464355448
"6027",-2.68828552246118,4.09395568847693,1.79882659912125,6.26662841796931,5.02988220214889,7.88599975586008,15.2380993652357,27.2960986328149,40.3225585937536,60.1811523437536,73.094482421875,73.12759765625,84.345849609375,68.514970703127,67.612958984371,71.6137109374958,51.6969873046906,31.9081005859384,47.4529345703084,-3.05461761474583
"6028",-2.82606597900416,4.15206024169959,1.57200119018569,6.12904724121148,5.12169128418015,7.63432006836006,15.6555932617201,27.8854028320337,39.679614257816,59.1016796875035,72.1319287109375,71.658095703125,83.5323828125,68.361777343752,68.252412109371,71.8799707031207,53.3178515625032,31.4499682617197,47.6402001953083,-3.2460256958005
"6029",-2.78948242187525,3.95409973144567,1.53466598510756,6.1445971679693,4.91633453369185,6.90129333496155,14.5742382812513,25.8783422851586,37.9159960937534,55.9138867187533,69.6696533203125,69.21427734375,80.61232421875,66.0050048828144,65.0094140624962,69.3625830078084,48.7850976562529,29.0962133789071,45.718789062496,-3.66430603027312
"6030",-2.79774902343775,4.11405487060584,1.67477111816421,6.54869323730527,4.82359680175824,6.54036865234433,14.5261254882825,26.9263037109399,37.9662158203159,58.5089160156285,71.4312841796875,71.6107763671875,83.395693359375,68.659697265627,67.750488281246,70.8183837890583,50.919013671878,30.3665380859384,46.6925683593709,-3.14508361816379
"6031",-2.90657012939479,3.92492614746129,1.65784729003921,6.65084472656309,4.76217529296918,5.96147338867241,14.2682763671888,25.7642480468773,37.7115771484409,54.7605957031282,67.40548828125,65.2001416015625,77.1400537109375,62.7311914062518,58.0681054687466,63.3594628906212,42.268579101565,26.3564453125008,40.309262695309,-3.8455218505856
"6032",-2.99367431640652,3.94844665527379,1.64797683715835,6.57592651367246,4.67871215820354,5.74186157226614,14.2508508300794,26.2915991210961,37.8667675781284,56.4263476562533,68.796396484375,67.4959765625,78.395087890625,64.0718017578144,60.1962597656215,63.7959179687462,44.8988183593777,26.8406445312508,39.4853808593716,-3.45898956298798
"6033",-3.03480865478543,3.53405975341828,1.24411796569835,5.2717932128911,2.29602722167989,3.13039703369168,12.105125732423,23.1764184570333,35.4210864257844,54.8086376953157,67.771259765625,67.0567822265625,77.986328125,63.2930224609393,58.0581494140591,61.9953515624963,40.5437158203149,24.3589208984382,38.1575268554654,-3.58049011230437
"6034",-3.16975158691434,3.5103387451175,1.29835998535168,5.34330932617235,2.86783477783229,4.37878112793008,13.1666442871106,25.6981835937523,37.7557641601596,58.1510400390659,70.546826171875,70.518251953125,81.18185546875,66.2882128906269,65.0683496093712,68.8412304687459,51.2374804687531,28.4858447265633,43.6442382812462,-4.46410217285117
"6035",-3.17887939453153,3.64785095214876,1.67573669433609,6.45283630371151,3.74857391357455,5.25121887207078,13.0970385742199,25.8033447265648,36.821354980472,53.6399169921907,67.07361328125,65.656474609375,74.259033203125,60.9155224609393,54.2702783203093,60.1402880859339,41.9934863281275,25.7815673828133,38.0790649414029,-3.73744934081999
"6036",-3.28113494873076,3.35941833496124,1.50611358642592,5.82340820312552,3.00081054687527,5.55779357910206,13.4966503906262,26.8978491210961,37.7249340820346,55.9433544921908,69.215302734375,68.3052685546875,78.037568359375,64.8821533203144,60.1374414062465,65.8378124999961,46.1427832031278,27.7250512695321,43.0778759765587,-3.85221771240201
"6037",-3.27288665771513,3.47261138916047,1.56842407226576,5.66786132812551,3.54839752197297,5.71490173339895,14.7235546875013,28.236293945315,38.694321289066,58.350317382816,70.051923828125,69.421884765625,78.7431982421875,65.8887207031269,58.5079736328091,63.8994873046837,45.4872216796902,29.7513549804696,44.6605712890586,-3.86239318847622
"6038",-3.21336791992216,3.2975357055667,1.54639648437514,5.6544140625005,3.03069305419949,5.31104492187548,13.7043603515637,25.9846191406273,36.9684326171908,54.8907763671908,66.788642578125,65.259482421875,75.64658203125,62.5541015625018,56.0579199218717,62.4558154296838,43.6535546875026,27.4699340820321,43.4669091796837,-4.38568115234337
"6039",-3.25002410888701,3.26328643798857,1.8255885314943,5.84531494140677,3.10079376220731,6.27600097656306,14.2309106445325,27.2131933593774,38.3443359375034,57.1648339843784,68.06146484375,67.5717138671875,77.6278662109375,64.5575244140644,59.128588867184,65.5878271484336,46.1944091796903,28.2989746093758,46.6727441406209,-4.32674957275353
"6040",-3.02198059082058,3.17844482421903,2.0861781311037,6.15956420898492,3.35715240478546,7.65528076171943,15.2560913085951,27.4217236328149,38.4294677734409,57.8196728515659,67.40244140625,66.4868115234375,77.535458984375,64.2391894531269,59.9209082031215,66.6766845703086,48.2916015625029,27.4601147460946,47.8105126953083,-4.20506500244104
"6041",-3.0350744628909,2.85619628906275,1.92904144287127,6.21153259277399,4.4609765625004,8.68774414062578,17.1031042480484,29.5061401367214,41.1097460937537,61.3167480468786,70.44892578125,68.703056640625,80.0057177734375,66.3606542968769,60.416948242184,66.0577832031211,48.5060839843779,29.2000439453134,50.3737207031206,-4.18815307617151
"6042",-3.06474792480496,2.7430981445315,1.95081634521502,6.17905273437555,3.96233093261754,8.13442138671948,16.5612329101577,29.1277465820339,40.3242065429723,59.494975585941,68.580029296875,65.51810546875,77.429599609375,62.8332519531268,50.0002148437471,58.3842187499965,43.6477294921901,26.8014721679695,44.4799072265586,-3.47892456054657
"6043",-3.12129699707059,2.70514801025415,1.94428375244158,6.19263000488337,4.33000030517617,8.08447387695385,17.2964575195328,30.8420458984403,43.2152148437539,64.6358740234413,72.2541796875,71.601201171875,82.75703125,68.397519531252,60.3073535156215,65.8607080078086,47.1167089843778,29.4961450195321,50.8541210937456,-3.31526092529268
"6044",-3.12649688720731,2.87224914550807,2.12794616699238,7.0193835449225,4.98798889160201,9.00476440429768,17.5653686523453,30.7073291015652,43.7052001953164,65.2388769531289,72.7180322265625,72.50119140625,83.63486328125,70.029423828127,63.5550390624963,68.7370507812459,50.0465478515655,30.3350341796884,51.3392480468705,-3.65926574706999
"6045",-3.07117614746121,2.48810791015647,1.32248031616223,4.69616333007854,1.43519439697278,3.98274810791051,12.3198669433605,26.0820385742211,40.2348315429723,67.498789062504,75.39576171875,78.3689111328125,89.909228515625,76.1021093750022,69.9181835937459,75.1605957031205,50.2082958984405,26.8125146484383,50.1088378906206,-2.83887176513647
"6046",-3.22113220214873,2.12258758544941,0.157023935318007,1.90890182495134,-1.61843292236343,-2.55574279785179,5.35925842285204,19.1213171386736,34.2232250976593,63.8480957031288,73.813037109375,81.58654296875,93.9923828125,82.6499121093774,83.9628906249951,87.9902246093698,68.6470654296916,23.8847241210945,57.423007812495,-3.15935974121066
"6047",-3.24149108886748,2.08091033935565,0.218672218322773,2.43320388793967,-1.3697724914552,-1.47715789794935,7.90961608886789,20.8964501953144,37.2929052734408,66.1224511718789,75.0054541015625,81.612333984375,93.39251953125,82.5811230468774,84.6273144531201,88.4873046874948,70.7531640625042,29.7346752929696,60.4794238281197,-3.77562408447233
"6048",-3.24448211669951,2.57529418945336,0.986416702270596,4.5212646484379,1.69960571289078,3.1770587158206,12.8855590820324,25.0455590820335,41.0236523437537,69.4702343750041,75.631533203125,78.4383544921875,88.561796875,76.0769628906272,73.6053124999957,76.748569335933,58.4385156250035,33.8864794921885,55.5864550781201,-3.62665893554656
"6049",-3.14173248291044,3.06830047607449,1.64015319824233,6.285087280274,3.86494323730503,7.28607299804753,16.6821362304702,28.2999511718775,41.8556835937537,69.3817822265666,73.6310205078125,75.5699853515625,85.10587890625,73.1333886718771,70.3618164062459,73.8936132812456,56.8751562500034,36.2558593750011,54.8598632812452,-3.74059875488249
"6050",-3.17527038574247,3.07604217529324,1.7188371276857,6.39793762207088,3.5270379638675,7.06302734375063,15.001685791017,26.0902954101586,39.419467773441,66.0002099609414,69.495107421875,71.05625,79.5634912109375,67.763007812502,63.8005029296838,66.656357421871,50.2219384765655,32.7466845703135,47.7466601562458,-4.26714324951135
"6051",-3.25022491455107,3.104408874512,1.73653503417984,6.20436157226618,4.05571289062536,8.15769653320385,15.8743408203139,27.3194653320337,40.7793701171911,67.137587890629,70.8958349609375,73.449912109375,82.77431640625,69.9235400390645,66.6569238281211,70.0225781249958,51.7473681640656,34.0614965820322,49.6853857421832,-4.18956481933557
"6052",-3.23917480468779,3.24261444091826,1.74518722534195,6.34234069824275,4.56273590087931,8.42816101074294,15.8100195312514,25.8042675781273,40.4442089843786,65.9348144531289,69.6066015625,71.2792333984375,80.914970703125,67.1657714843769,63.1696435546838,66.768857421871,49.2568701171904,32.493750000001,44.6182080078086,-4.61179016113241
"6053",-3.14494842529325,3.29793212890654,1.91632537841814,6.10264160156304,4.72992858886761,8.08418762207103,15.5807690429701,25.1636669921897,39.573374023441,66.0960644531289,69.346669921875,70.5339599609375,79.45703125,66.8398046875019,62.8851464843713,67.0150732421835,48.5425195312529,30.3422924804696,43.1535058593712,-3.54575683593719
"6054",-3.10152770996121,3.20815887451201,1.78127288818375,5.96919555664116,4.33701721191445,6.96504516601625,14.4829736328138,23.2898876953146,38.1528759765659,64.5358789062538,68.2522607421875,67.965166015625,77.4473779296875,64.8921728515644,56.4307031249967,61.6948095703088,44.8071533203152,27.8405249023446,39.784038085934,-3.27819244384737
"6055",-3.27322235107451,3.02223571777371,1.69507049560562,5.78019653320364,4.59072814941447,6.41240661621151,14.1559008789075,24.4491162109397,37.5690234375034,63.0112792968787,66.6117138671875,64.48693359375,74.40837890625,61.6808642578143,50.2748046874971,56.3453027343717,39.5429614257836,26.2511767578133,36.0210742187469,-3.65095520019499
"6056",-3.26206604003935,3.09860198974637,2.03169921875018,6.37260437011776,4.92160125732466,8.14554931640698,16.0047033691421,26.7526464843774,41.1957226562537,65.2947363281289,68.182373046875,65.044580078125,75.3405517578125,62.1716015625018,47.1794531249972,53.2116796874968,38.7358325195336,27.305158691407,34.238310546872,-2.94965454101537
"6057",-3.15527038574247,3.23424377441435,2.11561920166035,6.84123168945373,5.55357666015675,8.60196533203202,17.2973437500015,27.58319824219,41.2967041015662,65.4236474609414,68.240400390625,65.649580078125,74.7430908203125,62.6348535156268,52.8875585937469,57.8351464843716,42.4005371093775,28.8887060546883,38.3164721679654,-3.6842330932614
"6058",-3.1896905517581,2.96748565673855,1.76656387329117,6.59151245117246,4.72148834228558,7.66253662109443,16.4966564941421,27.5220239257837,41.2128613281287,65.6621972656289,69.1629638671875,66.916181640625,76.0825,64.3841601562519,54.6273486328093,59.4839062499965,42.5807324218775,28.7442333984383,41.0577246093714,-3.56901794433563
"6059",-3.20065093994169,3.08739074707059,1.80626678466813,7.01985473632875,4.54204284668009,8.06359985351634,17.2821496582047,27.7754028320337,42.1570849609413,65.6979101562539,68.334111328125,65.05923828125,74.766845703125,62.9564355468768,51.027236328122,56.4646484374967,40.5990136718774,28.4815380859383,39.4219458007778,-3.41085906982392
"6060",-3.17457183837919,3.15294616699247,2.1203790283205,7.17936889648502,4.46110046386759,8.75388854980547,16.9620214843765,28.1749243164088,40.6053100585974,63.7231005859413,66.35013671875,63.6253857421875,72.7844775390625,61.3685449218768,49.0742822265596,55.0563281249967,39.6293701171899,27.9493774414071,39.3915039062466,-3.56317626953094
"6061",-3.28842895507842,3.11599212646512,1.94141418457049,6.71273193359435,3.30233032226592,7.78809570312569,15.7520874023452,27.48733886719,40.2576855468786,65.1443066406289,69.1589892578125,68.566591796875,75.77296875,65.0609179687519,55.1906835937468,59.2297558593715,41.8003125000025,29.2851123046884,43.2550683593712,-3.69106628417937
"6062",-3.29846862792998,2.97620758056667,2.03245483398456,6.74763061523498,3.53188110351594,7.91116699218821,14.9215441894545,27.89589355469,41.2040039062537,64.6312011718788,69.266953125,67.555283203125,75.4970849609375,63.6418652343769,51.156347656247,55.5686816406217,39.4376269531274,29.2875146484384,42.2544335937463,-4.24246582031213
"6063",-3.33560974121123,2.94965240478542,2.09285385131855,6.68553771972716,3.03660522460965,7.5707287597663,14.7052758789076,28.8412133789088,42.3015722656288,64.2074951171913,69.1286181640625,65.35115234375,74.29306640625,61.1815673828143,39.106545410154,46.6732958984347,35.0877001953146,26.9357861328133,37.4786035156217,-3.6226168823239
"6064",-3.17191802978544,2.97754791259792,2.26510574340841,6.54003051757871,2.97371063232448,6.46548706054745,14.0992041015638,28.51019042969,40.9177612304724,62.8877929687537,67.9065966796875,63.82296875,73.238369140625,59.8263085937517,39.5696923828102,46.9087597656222,34.8047216796896,25.9271630859383,37.3918334960905,-3.92249084472622
"6065",-3.02857482910183,3.06341705322293,2.33278961181661,6.08659912109429,2.85839385986354,6.00145874023491,14.0815551757825,29.3275390625026,41.5304394531287,64.1156982421913,69.0146484375,65.53544921875,75.445009765625,61.5320458984393,42.2287695312475,47.6073437499972,35.4642041015646,27.2401806640633,38.4837866210904,-3.38165954589814
"6066",-3.13172729492215,3.06091369628934,2.15233413696308,6.36256591796932,2.38917449951193,5.05891418457076,12.9050134277355,27.2031640625024,36.1235156250032,57.1095605468784,61.4679833984375,53.445537109375,66.4185302734375,52.7604199218765,33.2296630859356,41.556010742185,31.7839819335957,22.7461352539069,34.2431713867158,-3.36601837158174
"6067",-3.13257507324247,2.96784729003933,2.30958786010763,6.28828979492244,2.42547790527365,4.14399383544959,13.4505310058606,26.1401440429711,34.8169311523469,58.6803027343785,64.3713232421875,63.0539599609375,73.894658203125,61.8279980468768,54.9947851562468,59.1428515624965,43.3491601562526,27.6410351562508,44.3441015624961,-4.80500854492145
"6081",-1.2967694091798,5.3105871582036,1.56118286132826,7.73063476562569,5.23986022949265,8.13051391601635,17.9996752929704,23.2284350585958,38.6458129882847,56.0018017578158,67.5950048828125,67.82818359375,75.020947265625,65.3742480468769,61.9729785156214,61.7397021484338,33.4906396484395,29.9960986328134,45.6012353515585,-2.14601486206036
"6082",-1.23500274658214,5.54415832519581,1.48068588256849,7.39043212890691,5.36145751953173,7.42855346679754,17.4826684570328,22.2509228515645,39.6247875976598,59.4649414062535,69.6715966796875,72.295546875,78.944208984375,69.0995068359395,67.3135449218711,66.5361035156211,37.6580688476585,30.3126879882821,48.5682763671833,-2.19408782958965
"6083",-1.19451110839854,5.44582031250049,1.87451385498064,8.12242675781322,6.09741943359429,8.80705200195391,18.9635095214861,23.7311376953146,40.5910986328161,61.0461865234411,70.629921875,72.18390625,79.01669921875,68.4183056640645,66.5842187499961,66.3811230468711,41.4651269531275,32.1898095703134,49.4872949218707,-2.22495468139629
"6084",-1.39529617309583,5.28201232910203,1.65670928955093,7.75845703125069,5.7694598388677,8.83700561523516,19.4614794921892,24.9662207031272,41.9451757812537,64.8789501953163,72.8415234375,76.9597265625,82.39083984375,72.1808789062521,69.3796337890584,69.7039990234334,43.9138085937526,32.8214624023447,52.1400292968705,-2.30570892333964
"6085",-1.29944580078137,5.3360656738286,1.78289535522477,7.90196960449289,5.70134582519582,8.60112548828202,18.7481933593767,25.419489746096,41.8791748046912,66.940107421879,73.272236328125,77.74314453125,83.1353515625,73.0915039062521,70.8664208984334,70.6525878906208,45.5033984375027,32.6795727539072,52.2149316406204,-2.19531784057598
"6086",-1.55927383422865,5.49868103027393,1.83845977783219,7.55766601562567,5.6552148437505,8.72730773925859,17.6720410156266,25.2166040039085,40.9735546875037,64.6376123046913,72.02673828125,77.0473193359375,83.20830078125,72.8954589843771,71.2197314453083,70.9700878906208,46.8964990234403,32.3407470703134,52.7014697265579,-1.92078323364241
"6087",-1.30638626098644,5.53941955566456,1.89024124145525,7.62135803222724,5.97548950195366,8.49223876953201,17.2691247558609,24.6716455078147,41.7621289062537,67.242275390629,73.4197900390625,78.931220703125,85.9348828125,75.0918554687522,75.0489160156206,75.1665624999955,52.2743505859406,34.1701611328135,54.6592236328077,-1.89132110595687
"6088",-1.44036453247083,5.53478271484424,2.06678344726581,7.95868896484446,6.05575195312554,9.51901489257897,17.6356445312516,24.6633056640647,40.5824804687536,65.4249121093789,71.9474267578125,76.050029296875,82.31439453125,71.5835839843771,70.4453369140584,70.4590869140583,47.2965332031278,32.2830981445322,52.8077148437454,-2.08006240844708
"6089",-1.48428863525404,5.47237426757861,1.88900146484392,7.88164978027414,5.91643554687553,9.31440673828208,16.8529809570328,24.8682055664085,41.3416601562537,66.830673828129,73.11650390625,77.8870263671875,85.31083984375,74.6967919921897,76.2171289062455,76.0749511718705,52.1284521484406,34.484472656251,55.2869091796827,-1.87147460937484
"6090",-1.61843322753921,5.0953784179692,1.72816253662125,7.49969421386786,5.57830871582081,8.67394836425859,15.4904711914076,23.5256933593771,40.8627661132849,64.8329150390663,72.2099560546875,75.1146484375,83.58111328125,73.3384570312521,74.8474023437456,76.066352539058,52.3971630859406,35.2379052734385,54.6314648437452,-1.70936553955063
"6091",-1.61672119140639,5.11402191162155,1.69372680664078,7.8355078125007,5.37278869628954,9.40854736328209,15.9644042968764,24.780075683596,41.7491748046912,66.868925781254,73.317587890625,76.98779296875,85.360146484375,75.1483740234397,76.2202929687456,77.2545996093704,55.2897705078158,34.637011718751,56.2657421874951,-1.7296768188475
"6092",-1.54733886718764,4.98376220703169,1.9222456359865,7.97971435546946,5.72442321777395,8.93307189941486,15.0189160156263,24.5578295898459,41.6637500000037,66.3925292968789,72.77005859375,74.701494140625,83.930029296875,73.6809667968771,74.6338525390581,75.7837011718705,52.5641357421906,34.326669921876,54.1584179687453,-1.5306326293944
"6093",-1.7239103698732,4.67748840332073,1.68155654907242,7.67791870117256,5.51675903320362,8.55014404296951,14.26635498047,24.5679516601584,40.0611645507848,65.7119921875039,71.975205078125,74.24916015625,82.2578125,71.8013525390646,71.1282324218708,71.1232910156208,47.1990478515653,33.3486401367197,52.1650634765579,-1.63258666992173
"6094",-1.41830474853528,4.84154296875043,1.91775573730486,7.54837585449286,5.2846740722661,7.81554504394601,13.5698229980481,24.1938378906272,40.2055053710973,65.2634423828164,71.6204150390625,74.0313916015625,83.41255859375,72.6739160156271,73.3611035156207,73.5463476562456,49.927597656253,32.9575268554697,52.3720556640579,-1.86439361572249
"6095",-1.65181930542007,4.64665313720745,1.75281494140641,7.20921569824283,5.03515106201217,8.02020874023509,12.9386096191418,23.9337280273459,40.1737304687536,66.2511425781289,72.006875,75.049755859375,83.923671875,73.3817968750021,75.3169628906206,75.928071289058,53.0091796875032,34.719785156251,53.1411181640579,-1.96925354003889
"6096",-1.5723135375978,4.71123260498089,1.86542205810564,7.2758618164069,4.98921417236373,7.43738403320379,13.0867944335949,24.1498681640647,42.4387988281288,68.032246093754,74.274814453125,77.5531298828125,86.89939453125,75.8768310546897,78.1718554687454,78.0083349609329,55.1148437500033,37.6311523437511,53.9785253906203,-2.25942428588847
"6097",-1.48140747070326,4.58819335937541,2.04155120849628,7.20415100097721,5.16517395019577,7.63451416015693,12.9873303222668,24.3913208007834,41.3787304687537,63.9626367187538,72.5453515625,74.5533984375,84.4703125,73.7077001953146,77.2654589843705,77.5952001953079,56.7325048828159,34.2624267578135,51.536997070308,-2.22460556030254
"6098",-1.58345428466811,4.59950653076213,2.044085083008,7.20489990234439,4.85253021240278,7.43263183593816,12.2947509765636,23.8422216796896,41.6010839843787,61.3758691406286,71.2972265625,73.36296875,83.32671875,71.9889990234396,75.1235839843706,75.329995117183,52.3216601562531,33.6850439453135,49.7828515624957,-1.66134887695298
"6099",-1.45289230346693,4.45998779296915,2.09047088623065,6.75521423339904,4.79033813476605,7.28861328125065,11.4710168457041,24.0226171875021,41.6272363281287,60.2244531250036,72.713232421875,74.4946875,84.32037109375,72.9495800781271,75.0842529296831,75.8255078124955,48.8611328125029,32.3194262695322,47.9975488281208,-1.33725128173816
"6100",-1.635339202881,4.47609069824259,1.99457824707049,6.68394897460997,4.92460876464888,8.02569641113353,12.2387158203136,26.2346044921898,43.1191601562538,63.5781738281288,75.5740234375,78.143154296875,87.853623046875,77.0071582031272,80.8873242187453,83.0313378906201,62.3900976562537,36.2113427734386,51.2351367187455,-2.04817932128888
"6101",-1.30465240478527,4.74225646972699,2.33253967285177,7.56263610839911,6.00967529296929,9.24483459472739,13.758962402345,28.3033618164088,45.5087792968791,66.743554687504,77.8772216796875,79.87498046875,89.2170703125,78.3730712890648,82.8231640624952,84.393007812495,66.6806787109415,38.0749560546886,53.2471289062454,-1.99917053222639
"6102",-1.55402938842787,4.73156738281292,2.26712646484395,7.22563598632877,5.59865783691456,8.50436767578201,12.6606884765636,27.1913452148462,44.868486328129,63.9585205078163,76.400673828125,77.88203125,87.53462890625,77.4447363281272,81.5285400390577,83.64350585937,65.6357910156289,36.9775000000011,51.9213769531205,-1.60349121093736
"6103",-1.44594589233411,4.96164733886763,2.28618377685567,7.07326416015688,5.53573547363331,7.7994628906257,13.141688232423,25.5479248046898,44.1101171875039,63.7047460937538,75.5247900390625,77.07080078125,86.564287109375,76.6223437500022,78.7104882812454,81.2785058593702,57.2623632812534,32.8348974609385,48.5391894531208,-0.813730163574148
"6104",-1.70747940063492,4.87845306396528,2.1222183227541,7.06688781738344,5.54188842773487,7.95339599609446,14.4198876953138,26.9554785156274,45.135585937504,66.0392187500039,76.0044384765625,76.91166015625,85.7896484375,76.2961425781272,78.7020361328079,81.5064697265577,59.4602539062535,35.5183520507823,50.3001562499956,-1.03777565002432
"6105",-1.59928527832045,5.20674682617234,2.17317657470723,7.50925659179754,5.38288330078173,7.35881469726628,15.1109155273451,26.6548242187524,45.5452441406291,67.8990966796915,77.816572265625,78.64607421875,86.827509765625,78.0902539062523,79.9786132812453,82.7704101562451,60.2037207031286,34.958115234376,48.5359326171833,-0.808008117675711
"6106",-1.59585021972671,5.25706176757859,2.30769744873067,7.5518908691413,5.68959106445363,7.45216674804754,15.8692687988295,27.3124755859399,46.4316699218791,69.9071582031291,78.457685546875,77.429970703125,85.49126953125,76.4409765625022,75.0795263671831,77.5592529296829,53.8898681640657,31.9706201171884,44.7181249999961,-0.425266952514611
"6107",-1.67251495361343,5.25771850585984,2.26900085449239,7.37635009765691,5.84161865234427,7.93513793945383,17.045737304689,27.8919433593775,45.6041845703166,69.2070410156291,77.7361083984375,76.74740234375,84.548037109375,76.0859179687522,75.9830468749956,77.9021630859329,54.5681640625033,32.1982324218759,45.2656054687461,-0.493406944274859
"6108",-1.48106582641615,5.45033203125049,2.38130126953146,7.80383422851632,6.26570373535212,8.9615966796883,19.1847045898455,29.8087329101589,45.4672900390666,69.2394384765666,77.6473046875,77.0396240234375,84.176015625,75.9641064453147,76.5936035156205,78.9534667968703,57.3206591796909,32.2275366210947,47.5996874999958,-0.894953689575117
"6109",-1.65102569580093,5.3192932128911,2.35688095092795,7.00338867187562,5.590024414063,8.68124572753984,18.0392944335954,29.7880957031277,44.259833984379,67.127285156254,76.81125,75.71232421875,84.01689453125,75.2556542968772,74.2630761718707,77.1478320312454,54.7851025390658,31.5529443359384,45.959951171871,-1.02980834960928
"6110",-1.78795135498063,5.16146728515671,2.28216979980489,7.03250427246157,5.58836791992237,8.7990704345711,17.4648413085953,28.1452734375025,42.0723291015663,61.6204785156286,72.7738134765625,69.638515625,78.6219189453125,69.078691406252,66.3365234374961,69.5861718749959,47.6054882812528,27.315607910157,42.3099365234338,-1.23036437988271
"6111",-2.04678741455096,4.94368194580122,2.03893508911151,6.25285034179743,5.1606146240239,8.92010070800861,17.3766296386734,28.6104589843776,40.9496875000037,61.9224365234412,71.210322265625,67.159453125,77.5360888671875,68.007646484377,62.5376562499963,66.3270800781211,43.6443945312526,24.6873486328132,41.2678906249964,-1.26407104492176
"6112",-2.04621078491229,4.8080505371098,1.907592315674,5.74537841796926,4.22691253662147,7.36240112304753,15.6789648437514,26.3121484375023,37.3382983398471,57.4353222656284,67.839931640625,60.57208984375,71.4197998046875,60.9046972656268,47.4566406249972,52.8150830078094,31.2537207031269,20.0966467285162,34.3422045898407,-1.18816734313954
"6113",-2.01873901367206,4.64674468994182,2.07430694580097,5.637553710938,4.28111816406288,8.77718872070391,17.9885083007829,29.2278735351589,40.2819873046911,62.9310205078162,71.6067578125,67.03833984375,77.3908935546875,66.4305664062519,58.2565234374966,62.0071874999963,37.5550781250022,24.9919824218757,41.7322656249964,-1.52937637329088
"6114",-2.13469345092793,4.85712677001997,2.19174514770527,6.0491656494146,4.45580902099649,8.97074523925861,17.6335485839859,26.3070849609399,35.9054833984407,58.333657226566,67.61400390625,64.626826171875,74.992001953125,63.9334375000019,58.9007910156216,62.3575683593713,37.6953808593773,24.2524291992195,43.8048632812462,-1.76751434326156
"6115",-2.04065704345721,4.72249511718792,2.45816467285178,6.31668762207088,4.10754699707068,8.11950744628979,18.0901928710954,26.7197167968774,37.7205810546909,62.0318603515662,70.95486328125,68.412314453125,78.5613232421875,66.4586816406269,58.8446826171841,61.8317333984338,36.2001904296897,24.0635791015632,45.386601562496,-1.76789749145492
"6116",-2.1793130493166,4.71050537109417,2.31920318603536,6.08291015625054,3.16041168212919,7.13286376953189,16.0348242187514,24.1605151367209,34.9446386718781,58.2178125000034,66.6125146484375,61.7908984375,73.483974609375,61.0603222656268,54.1597363281218,58.8038769531215,35.7472900390646,21.8622460937506,41.9712939453088,-2.10605911254864
"6117",-2.2183854675295,4.7903454589848,2.42618957519553,6.49724121093808,3.86573883056675,7.92626464843821,17.9125292968766,25.4197387695335,36.8921337890658,60.3457128906286,69.118271484375,66.2284765625,75.776103515625,62.4280957031268,55.7902343749967,59.1881054687465,35.1345947265646,22.9213940429694,44.3123583984336,-2.53369995117165
"6118",-2.43982788085959,4.56506835937541,2.27481185913106,6.14153930664117,3.41104187011749,7.53228698730536,16.8877734375015,25.1715869140647,37.5001171875033,61.5280175781286,69.762509765625,69.21427734375,77.2512158203125,64.3948974609394,57.5970410156216,61.0413281249964,36.986716308596,23.7989208984382,45.354873046871,-2.82074859619116
"6119",-2.42563842773459,4.41006652832071,2.21723648071309,6.23585571289118,3.03657165527371,7.81837585449289,16.4801342773452,24.6853564453147,36.8405883789095,58.653471679691,67.8240234375,64.084833984375,73.96400390625,61.1203564453143,52.5619580078094,56.4738183593717,34.248750000002,22.0827661132819,42.0589453124963,-2.40397003173807
"6120",-2.34226837158224,4.53443023681681,2.33349731445333,6.32560302734431,3.37435302734405,8.17133422851635,16.941206054689,25.0575439453147,38.6145458984409,60.8580419921911,69.515986328125,68.1165966796875,76.17060546875,63.3833593750018,55.9531152343717,58.7211328124965,34.8194433593771,23.0000219726569,43.3487402343712,-2.41242553710916
"6121",-2.44474273681662,4.55981445312541,2.36831024169943,5.8513757324224,3.34595428466827,7.06148803711001,15.3907031250014,24.1034448242209,36.809919433597,57.4187402343784,67.1074609375,65.623251953125,75.2722900390625,61.6334765625018,53.6368554687469,57.0695507812466,33.524033203127,20.6158691406256,40.5459155273402,-3.52517913818329
"6122",-2.23447158813496,4.74987426757855,2.41602752685568,6.0822369384771,3.50542419433625,6.78481994628967,15.2390185546889,23.2164721679708,36.5632373046908,57.5176269531284,66.30283203125,64.6139599609375,74.2645849609375,60.4750195312517,53.1700292968719,57.0103808593716,33.4547192382833,20.2458740234381,39.4666284179653,-2.9696588134763
"6123",-2.44025482177756,4.56108886718791,2.01422485351581,5.68249877929738,3.18372436523466,6.0815826416021,13.6864172363293,23.1520776367208,36.8023242187533,58.0712792968784,66.7810693359375,65.8546728515625,73.798369140625,60.6428613281268,49.7660644531221,54.4723974609343,31.4978076171894,20.32576538086,38.5985766601529,-3.06956817626926
"6124",-2.30865356445333,4.54653564453166,2.0795211791994,5.73099365234426,3.4841571044925,6.89992065429749,15.4520520019545,24.8466210937522,40.0193457031286,62.1744042968787,70.0881591796875,67.76693359375,76.703095703125,62.8022753906268,51.985263671872,57.8402246093716,34.6794091796896,23.9534643554694,41.2595507812464,-3.1148800659177
"6125",-2.48665100097679,4.26476623535194,1.92255249023455,5.69466918945363,3.80654968261753,7.00077087402406,14.4581494140638,22.0126391601582,36.7712426757845,55.3195019531283,65.553876953125,64.2243896484375,74.151552734375,60.1971826171892,54.9043066406218,60.1913574218714,36.4992187500022,24.4672436523445,40.8766210937464,-3.10834625244114
"6126",-2.6010568237307,4.13213104248084,2.19749099731465,6.25610717773493,4.38671905517617,8.47850708007888,16.2129333496108,25.1814868164085,39.708881835941,59.745561523441,69.226650390625,66.46197265625,77.289599609375,62.5044238281268,54.3250537109343,60.0765917968714,38.0330126953148,26.3453002929695,43.6579833984337,-2.15912628173809
"6127",-2.77722534179712,4.00518585205114,1.97765518188494,5.83788146972708,4.43342254638711,8.5941351318367,15.1311181640639,23.6536230468771,38.6927587890659,58.0137207031284,68.9753076171875,68.1137744140625,78.791826171875,63.6012597656268,60.3196679687465,64.7957128906212,41.5009472656275,27.5204589843758,46.7190771484334,-2.55372421264626
"6128",-2.86197448730494,3.96787780761754,1.8449456787111,6.01339233398491,4.0655853271488,9.01619506836018,16.5598608398452,24.7186254882835,40.7980273437536,61.5180566406286,70.47119140625,68.133916015625,80.247802734375,64.8957714843769,63.9687207031213,67.8690283203085,48.6997705078154,31.7291186523447,49.2746777343707,-2.46918197631814
"6129",-2.71836730957056,4.19044982910194,1.93147033691423,6.10648620605523,4.32288574218789,8.86332885742267,16.615024414064,24.1271484375022,39.9281298828161,60.7281933593786,68.8929443359375,66.4881787109375,79.510234375,63.6939746093768,63.8735351562463,67.344482421871,47.9200000000029,30.6957226562509,50.0753222656206,-2.35842559814433
"6130",-2.88834777832057,4.02886535644567,1.83298660278337,6.08653503418023,4.52427185058634,8.9493017578133,16.8728894042984,25.7617602539085,40.6442285156286,60.4724853515661,69.7590625,68.7947412109375,81.843232421875,65.8206738281269,66.3540722656211,70.0170166015583,49.6569091796905,31.0775659179697,52.5651660156204,-2.36610687255839
"6131",-2.73624206542993,4.04427490234411,1.74204711914078,6.44583251953183,4.56765441894572,9.45809692382897,16.6650195312515,25.7743896484398,41.7517138671912,62.5437304687537,71.1254736328125,69.97490234375,83.273984375,67.120810546877,68.293613281246,72.4396435546832,53.6939257812532,31.5346801757822,53.7109472656203,-2.3439273071287
"6132",-2.80550415039087,4.00736267089879,1.69924957275406,6.74359436035216,5.38954528808642,9.84436889648525,16.5317578125015,26.2136035156273,40.9044824218787,59.7264062500035,69.783203125,68.3814697265625,82.061396484375,65.5153515625019,65.2125048828087,69.2870410156209,50.3538720703155,31.8358374023447,51.748647460933,-2.65188171386696
"6133",-2.64410095214867,4.24534393310585,2.12909133911152,7.22171081543033,6.50136779785214,11.1652661132822,18.632103271486,28.6692211914088,43.7026367187539,65.0315527343789,72.1820654296875,70.85900390625,83.168017578125,66.0209863281269,61.9157128906214,65.3510009765586,48.7852099609404,33.2899267578135,52.0383593749955,-2.28089797973613
"6134",-2.55680984497093,4.31996337890664,1.88207946777361,6.89191345214905,5.95660766601616,10.2271844482431,17.9158984375016,27.7325097656275,44.0743701171914,65.7202294921914,72.418564453125,71.841064453125,84.148447265625,67.073691406252,66.5575048828086,69.1979052734334,50.351318359378,32.5402319335947,52.7325634765579,-2.44108581542947
"6135",-2.69756072998071,4.20050231933631,2.06216857910175,7.1363775634772,5.637319335938,10.2553747558603,19.0611816406267,29.6568237304714,45.6548095703166,67.7226025390665,73.6772705078125,73.0457861328125,86.5237109375,69.032089843752,67.7735205078085,70.5112597656208,52.7914794921907,33.8685180664072,51.1940234374955,-2.49139312744119
"6136",-2.67394531250024,4.12895111084021,1.67242187500015,6.33131835937557,4.95343627929732,9.07738403320394,17.4736315917984,27.1375292968774,42.8225585937538,63.8303417968788,71.627421875,70.236669921875,83.816171875,65.1272949218769,58.5885742187466,62.3764062499963,44.2742822265651,29.9595556640634,44.5782421874961,-2.46705902099588
"6137",-2.6973184204104,3.89337829589878,1.71479568481461,6.50336486816464,5.16732482910202,9.15959594726644,17.9956823730485,28.6368847656276,43.4355175781289,64.2872216796913,72.1731884765625,70.414248046875,84.13052734375,65.7946191406269,60.5549999999965,64.8727880859336,44.8837744140652,30.1909692382821,43.7848632812462,-2.27260559082011
"6138",-2.71065612792993,3.95026367187535,1.6985751342775,6.36838500976619,4.83608428955121,8.62696777343827,17.352055664064,29.8584814453152,44.6214794921915,66.975400390629,74.0183203125,72.7616162109375,86.74193359375,67.398925781252,61.2656298828089,64.2209277343712,44.2780664062526,30.9908593750009,44.6330517578086,-2.00340423583967
"6139",-2.69922363281274,3.91609558105504,1.6270710754396,6.6081182861334,4.82486999511762,8.49728454589919,16.1595874023452,28.8879541015651,43.4570996093789,66.0112744140664,73.548681640625,72.2051953125,84.246123046875,66.6050000000019,60.1294238281215,64.4415234374962,45.2835009765652,31.0625952148447,43.8028173828087,-2.11219360351544
"6140",-2.61213378906273,3.96212951660192,1.95915451049822,7.07082641601626,5.70258666992238,8.92813537597736,16.405629882814,28.4715917968775,43.1429882812538,63.9176708984413,72.2679833984375,71.7716259765625,84.2202734375,67.1190625000019,67.2450292968711,71.5108886718708,53.1099755859407,32.750263671876,47.8402636718708,-3.174790344238
"6141",-2.68020690917993,3.99035797119176,1.65237854003921,6.16678833007867,5.31408996582079,7.63698852539131,14.8284655761732,27.1067822265649,40.3909497070349,61.6357177734412,71.97701171875,72.3257373046875,83.94578125,68.096103515627,68.229169921871,72.0791113281207,52.2965576171906,31.1528344726572,46.8472558593709,-3.30609161376924
"6142",-2.70434448242212,4.11808349609412,1.81979156494157,6.71844970703185,5.84193603515677,8.36817016601637,15.6839672851576,27.6224975585962,40.8172753906286,61.4450390625036,71.73375,71.914404296875,83.01728515625,67.3325927734395,68.032607421871,71.5972851562458,53.2108105468782,31.8205834960947,47.0835937499959,-3.2735272216794
"6143",-2.74648040771509,4.12235382080115,1.9938473510744,7.07448669433657,5.96343383789116,8.08482360839916,15.2849780273451,27.0114257812524,40.6094091796911,60.0569921875036,70.878935546875,70.2202001953125,82.1615234375,67.1839062500019,66.0290380859336,70.0291601562459,51.9054248046906,31.9204125976572,46.8233544921834,-3.40165893554658
"6144",-2.87683166503932,4.0013958740238,1.56378021240248,6.8252801513678,5.53745910644581,6.46274169921933,14.4954321289075,25.8366845703148,37.7968945312534,56.7151123046909,68.31291015625,67.0849072265625,78.4439892578125,63.3940039062518,63.6224121093713,67.9602294921835,48.8821777343779,28.8211718750008,44.3409521484336,-3.92010803222622
"6145",-2.90276245117213,3.98359405517614,1.65459747314468,6.52129272460996,4.93160095214888,5.18406127929734,13.7761157226575,25.201550292971,37.6270117187534,58.1795703125034,69.022236328125,66.99361328125,78.4198046875,63.0077343750018,55.2491162109343,60.4296923828089,41.51315917969,27.6006152343758,40.145454101559,-2.64500213623024
"6146",-3.00865692138699,3.9384643554691,1.67447967529312,6.41178527832088,5.08363159179733,4.84667297363325,14.0989477539075,25.4150122070335,37.8143505859409,56.8395703125034,66.893837890625,64.6269384765625,75.2949462890625,60.2990185546892,53.3421386718719,59.1734765624965,42.0571972656275,25.6111596679695,39.1313720703091,-2.76657287597632
"6147",-3.03103820800808,3.81668334960971,1.64106781005874,5.91233886718803,3.60296691894563,4.01958801269567,13.7014501953137,24.9026757812522,38.3854931640659,60.5311718750036,70.68546875,70.791484375,80.5005224609375,66.0826660156269,64.0847216796838,68.2515820312459,49.9147900390655,30.3264160156259,44.7641308593711,-3.3098846435544
"6148",-3.08974853515653,3.76891845703159,1.68262512207046,6.11498840332086,3.92271484375035,5.16526123046921,13.9927941894544,25.1469165039085,38.965737304691,58.7355468750035,69.834384765625,70.24228515625,78.945966796875,64.4767285156269,63.0933789062463,67.1874072265585,48.7068652343779,30.1646289062509,44.0101953124962,-3.74876892089811
"6149",-3.15813476562528,3.67910400390658,1.91562255859392,6.69821411132872,4.73517333984417,6.06789428710992,14.4547949218763,26.4859277343774,39.765717773441,57.9159521484409,69.32005859375,67.5908837890625,76.167294921875,60.9734375000018,52.7505859374969,58.2530859374965,41.9149609375025,27.9054418945321,38.0121752929654,-2.95961669921849
"6150",-3.19946960449247,3.68118255615267,1.95111236572283,6.6841650390631,4.32118835449257,7.09895935058657,14.4655957031263,27.2671899414087,40.2528906250036,59.0455371093785,70.219384765625,70.356083984375,77.8096630859375,63.7997119140643,59.9731445312465,64.6090820312462,45.3252978515652,28.7104052734383,42.9261230468712,-3.41033447265595
"6151",-3.31670989990264,3.43984832763703,1.87855041503923,6.52299316406308,4.3149606323246,6.87860168457093,13.1534680175793,26.2051660156273,39.048735351566,57.3959375000034,68.29873046875,67.42978515625,75.43244140625,61.0567675781268,55.9982128906217,61.0129541015589,43.3760058593776,27.9773291015633,41.0764453124964,-3.38398803710908
"6152",-3.35355407714874,3.24784729003935,1.59083511352553,5.81618835449271,3.39661743164093,6.31960327148494,12.813309326173,25.9632299804711,39.357954101566,57.9659765625034,68.47646484375,67.484833984375,75.8572900390625,62.8645654296893,58.2882666015591,64.3890527343712,46.0666796875027,29.3153027343759,44.9242578124961,-3.28739562988253
"6153",-3.13176025390653,3.2176104736331,2.00962722778338,5.95523254394584,4.22124359130897,7.21921447753971,13.643728027345,26.1965893554711,38.6309277343784,55.0335498046908,65.587607421875,64.0068798828125,73.329033203125,59.6646044921892,54.9063720703093,61.7962597656213,43.4588671875026,28.1418603515633,44.5071679687461,-3.75278656005827
"6154",-3.08623626709012,3.24222442626982,2.09814300537128,6.17178527832086,4.47899444580118,8.22549926757886,14.8527099609388,27.8512304687525,41.1216845703162,60.3755175781286,69.232236328125,69.379765625,78.67328125,64.2967480468769,62.3052978515589,67.7367529296835,49.695507812503,30.5325976562509,49.3340673828082,-4.12435852050745
"6155",-3.19578887939482,3.01623596191433,2.15004119873066,6.22878662109431,4.66419250488323,8.31432861328199,16.5748046875015,29.4148657226589,43.4600976562539,62.0260253906287,70.51697265625,69.53978515625,79.3899169921875,64.7627929687519,58.7101757812466,64.0016699218712,46.0172949218777,28.6507470703133,47.6089550781208,-4.11701049804652
"6156",-3.1164416503909,2.93700927734401,2.10864532470722,6.39088867187557,4.11711181640662,7.53719116211005,15.4467968750014,27.4497680664087,40.4787255859411,58.7405957031285,68.473193359375,65.81673828125,76.8822216796875,61.9057910156268,53.2991894531219,59.5221289062465,41.71583496094,26.7698339843758,44.7241601562461,-3.15415740966769
"6157",-3.08193389892606,3.05926574707058,2.36754623413107,7.27810424804752,5.62851135253956,8.39229125976637,17.2264843750015,29.4965356445339,42.8575390625038,60.6448242187536,69.954521484375,66.581025390625,78.09169921875,62.6571972656268,53.1826074218719,58.859252929684,42.8388769531276,27.8542578125008,45.8630029296835,-2.85136749267553
"6158",-3.17340240478544,2.98846862792995,2.3571192932131,7.2806030273444,5.87233703613334,8.90069824218829,17.8255493164078,30.3268115234402,45.1243017578165,63.8624218750038,71.70314453125,69.515712890625,81.21251953125,65.4907324218769,57.9003124999966,62.9693017578088,45.4411718750027,30.5272583007821,48.8245312499957,-3.26622375488253
"6159",-3.10659851074246,2.6324957275393,1.21373306274425,4.35124847412148,1.55053009033217,2.72995361328149,10.2485595703134,24.1156689453147,40.2886669921911,63.0992382812537,73.3823046875,77.0697802734375,89.009248046875,73.9530029296896,70.4608447265584,74.3599169921831,48.2934179687529,26.8484375000008,52.2562597656204,-3.09787231445286
"6160",-3.23587432861357,2.32695465087911,0.338257675170929,2.16302734375019,-1.04841026306162,-2.092444458008,4.56013427734416,18.4897875976579,35.5266357421907,58.9175292968785,71.5075927734375,77.2762060546875,91.547421875,78.3176855468773,82.9802734374952,86.4706445312449,65.2624267578164,27.5948608398446,59.0170507812449,-3.51999328613251
"6161",-3.3033657836917,2.4261167907717,0.791359252929758,3.5916946411136,0.502892875671432,1.32411315917981,9.78531250000087,22.5253247070333,40.2297802734411,64.5515869140663,74.77892578125,77.8663671875,90.701220703125,76.7626562500022,78.5205273437454,82.0989160156201,61.4831445312537,33.5394409179697,58.3621533203074,-3.72951538085905
"6162",-3.13995117187528,3.02186950683621,2.12007446289081,6.44845764160214,4.38983459472695,7.26535827636784,16.7946496582046,27.6661035156275,44.361357421879,66.911738281254,73.6070703125,73.498466796875,84.524609375,70.0009912109395,68.511357421871,71.7449121093707,53.9265234375032,36.0195898437511,53.2151953124954,-4.15132324218714
"6163",-3.25365936279326,3.16565948486356,1.97470062255877,6.16378112793024,4.05867065429724,6.89410461425843,16.6238183593765,27.5835546875025,45.5864941406291,66.6532177734415,72.5246142578125,72.07265625,83.4763671875,68.851406250002,65.8429443359337,68.6618310546834,52.8533496093782,35.2540551757823,52.4015332031204,-3.87146179199185
"6164",-3.20525573730497,3.14107360839872,2.04073135375995,6.31617553710994,4.16917388916053,6.85935974121155,15.982506103517,26.4168139648461,42.2848632812538,63.7527539062538,69.47548828125,67.40525390625,78.921630859375,63.5696191406268,55.9517382812467,59.7946582031215,44.8185156250027,32.3316308593759,45.550527343746,-3.53014221191375
"6165",-3.27239440917998,3.127338562012,2.34374496459982,6.77137939453185,5.20752197265672,7.60110534668037,16.1477111816421,25.7345458984398,41.9946923828162,62.9580273437537,67.65494140625,64.8570458984375,75.453681640625,60.6958984375018,53.7993310546844,58.647514648434,43.8257617187526,32.0863842773447,42.5052441406213,-3.83802856445279
"6166",-3.21182983398466,3.29353759765654,2.1288150024416,6.42939697265682,4.81677429199262,7.75463745117257,16.2225390625014,25.4311840820335,42.9988232421913,65.0850781250039,70.0977197265625,69.6552685546875,79.4113671875,64.9224902343769,62.3004248046839,65.8342480468711,48.1224072265654,34.0180517578135,44.8041992187461,-3.89729309081997
"6167",-3.19757537841825,3.37663116455108,2.04943908691425,6.28100463867244,4.76913696289105,7.41813659668035,16.4589062500015,25.6428369140648,42.3796484375038,65.8738525390664,70.6408154296875,69.433427734375,80.2268505859375,65.6351562500019,61.4043896484339,65.4009228515586,46.9714257812528,32.3946118164072,42.7444238281213,-3.80723876953092
"6168",-3.01954437255886,3.43633026123078,2.16600158691426,6.99513305664125,6.5297344970709,9.16179931640707,18.5896533203142,26.7666845703149,44.2985449218789,66.3255664062539,70.4186181640625,68.54873046875,77.94421875,62.8289941406268,55.9642041015592,60.6621826171839,44.7693798828152,31.8884936523447,39.6326367187465,-3.48058410644501
"6169",-3.0757385253909,3.06121948242215,1.97507522583025,6.62027099609434,5.74512573242239,8.05989196777416,16.6860815429702,26.2107324218773,42.0970263671913,64.2713281250038,69.6074169921875,67.612509765625,76.6480224609375,62.0446582031268,53.7633789062469,57.7809570312466,41.413247070315,29.4337524414071,36.7287011718718,-3.78050140380826
"6170",-3.13493469238309,3.19017669677763,2.14921417236347,6.65951477050841,5.02749633789107,8.12344238281323,16.9892346191421,26.2845117187523,41.5499658203162,63.3656591796912,67.982724609375,62.324306640625,73.16412109375,58.9556054687517,48.4932470703097,55.1876855468717,40.3832666015649,28.1349365234383,34.3978271484345,-3.52705322265594
"6171",-3.1902178955081,3.07844787597684,1.9295681762697,6.33499084472713,4.79260833740277,8.24368408203198,16.8561889648453,26.5675317382836,43.1258056640663,66.2704882812539,70.88384765625,69.764755859375,78.15845703125,65.6499707031269,59.7079003906215,62.5994970703088,44.3587207031277,31.2391430664072,40.345668945309,-3.71266662597624
"6172",-3.23207427978544,3.01666687011746,2.16617950439472,6.66956420898497,4.63942657470744,8.62898071289139,17.2466503906265,26.2369018554711,41.5619628906287,63.0742822265662,67.8617431640625,63.370048828125,73.2073779296875,60.3791992187518,52.2557714843719,57.3702050781216,41.3768261718775,29.0949853515633,38.7740795898404,-3.72826171874968
"6173",-3.09909271240262,2.98459075927761,2.22303070068379,7.35764404296941,4.88137084960981,9.56124389648523,18.4233618164079,27.812583007815,44.2259277343789,65.4920507812539,69.8149072265625,64.880751953125,73.953017578125,60.0903125000017,47.6460888671847,53.5409277343718,39.9894067382836,29.3799682617196,38.3613061523404,-3.58956298828094
"6174",-3.1217590332034,2.93154541015651,2.26279113769551,6.62269531250059,3.77533447265659,7.82312255859445,16.4896301269546,26.8829125976587,42.0790429687538,64.8190429687538,69.1109765625,63.738828125,74.20416015625,60.4995898437518,46.7357666015598,53.2813427734343,38.9771655273461,29.1867285156259,38.0944384765592,-3.44541870117157
"6175",-2.98649780273464,3.17316101074247,2.41109497070334,6.8164764404303,3.89827148437535,8.26270324707105,16.5910327148452,26.1476855468773,40.9240283203161,63.2662109375038,68.53205078125,63.38130859375,73.7325634765625,60.7433544921893,49.6302929687471,54.7469238281218,39.6495385742211,29.1516748046884,40.2521972656215,-4.51120025634726
"6176",-3.03083679199246,3.07468811035184,2.46859970092795,6.6787988281256,3.40086791992218,7.96448486328196,15.5581066894545,26.6143115234399,42.3262060546913,64.1664355468788,69.9497314453125,66.2632177734375,75.1584375,63.3251171875018,50.928408203122,55.9615087890592,39.3329345703149,29.7680175781259,40.9211621093714,-4.72869476318318
"6177",-3.20003540039091,2.92592102050807,2.29261932373067,6.47746826171933,2.94291870117214,7.37261474609441,15.2274658203139,27.6238574218775,41.1004980468787,62.4236523437537,68.79845703125,63.9295703125,73.964296875,61.3409667968768,44.0693359374974,50.1660498046845,36.0575537109397,27.9299121093758,39.4086816406216,-4.42287139892539
"6178",-3.06507232666043,3.08961517334012,2.45516296386741,6.90464965820374,3.70767761230502,7.76211364746163,15.0414233398451,29.2760791015651,42.3061132812538,63.4709619140663,69.6102978515625,66.15005859375,74.3530859375,61.0168066406268,41.8221093749976,47.7193554687472,36.6610449218772,29.0483056640633,39.2846215820278,-4.07952148437464
"6179",-2.98688659667995,3.15243347167997,2.5425117492678,6.64218750000059,3.65738800048861,7.27808471679752,15.3677648925795,30.1305224609402,41.7549365234412,62.7993994140662,69.294892578125,65.5144677734375,75.341982421875,61.8112207031268,44.4928808593724,50.794277343747,38.2056054687523,29.8263720703134,39.983784179684,-3.80594848632779
"6180",-3.06241394042996,3.0723645019534,2.21733734130879,6.31410278320369,2.80893524169947,5.80804443359427,13.3255151367199,27.668774414065,36.8257031250033,57.4384179687534,63.18759765625,55.9483984375,68.2061083984375,54.6212402343766,39.7213745117164,46.8964794921847,35.9261279296896,26.109553222657,36.7314550781218,-3.61638244628875
"6181",-2.94084533691432,3.27832946777373,3.02319335937527,7.14057006836001,3.36285034179717,5.76590270996145,15.5957055664076,28.8096069335963,37.9162695312534,59.6838085937535,67.3362646484375,64.450498046875,76.39638671875,64.0687548828144,59.0891015624965,62.7071972656213,46.1455517578153,31.6745751953134,46.7544775390584,-3.6858395385739
"6195",-1.2952215576173,5.37984619140673,1.77985656738297,7.57585937500068,4.78917144775433,7.42129455566472,17.2247143554703,22.390263671877,38.6460498046909,56.8282812500034,67.6430859375,70.282392578125,76.529970703125,67.2814013671894,63.9637939453088,64.8083007812462,34.2318798828145,31.6033447265634,47.4306201171834,-1.66239440917954
"6196",-1.29580413818371,5.47270141601611,1.89961608886736,8.03972717285228,5.42310791015673,7.79186279296944,17.4505114746109,22.125966796877,39.0478613281285,57.8671435546909,67.52330078125,70.1514892578125,75.9549169921875,65.7270410156269,61.8191894531214,62.6141748046838,35.0391650390646,31.2282543945322,47.3869042968709,-1.84069320678695
"6197",-1.31638946533215,5.4368145751958,1.84653930664079,7.64449279785224,5.33495849609423,8.09880126953197,17.4823962402359,22.0760180664082,39.0537792968785,58.4038378906285,68.5696142578125,72.70111328125,78.573232421875,68.4362548828145,65.9163769531211,66.3589990234336,38.9191894531273,30.4864038085946,49.9683789062456,-1.77286880493149
"6198",-1.32246398925793,5.25687988281297,1.82944458007829,7.77142639160225,5.40181335449267,8.33939636230543,18.1296679687516,23.4491064453146,40.0850952148473,59.9432617187535,69.259375,73.121953125,78.5873095703125,67.594609375002,64.8662695312462,65.4643554687461,40.2614575195337,32.1417285156259,50.7373876953081,-1.79339828491195
"6199",-1.27453651428234,5.38847290039111,1.68536407470718,7.33157348632878,5.29489501953172,7.96335998535227,17.4623986816422,23.9722778320334,40.7701123046911,61.8702392578162,70.1880859375,74.0423779296875,80.311064453125,69.088437500002,66.8986621093711,67.6934228515585,41.9338085937525,31.8611181640634,51.3407031249955,-2.00488677978498
"6200",-1.54046798706068,5.56987426757862,1.76772048950211,7.3040454101569,5.78453918457083,8.60462036132889,17.5045141601578,25.2521191406273,41.8755566406287,64.2545507812538,71.4826953125,76.7222998046875,81.903486328125,71.5350244140646,71.0098242187458,70.7351220703083,46.7798632812528,34.1684350585948,52.8647167968704,-2.44148208618143
"6201",-1.45796585083021,5.3050109863286,1.73826248168961,7.23971435546939,5.62778686523488,8.33730651855543,16.897465820314,24.7974633789085,42.4143017578163,65.1111279296913,71.738134765625,76.456796875,82.624404296875,71.7002343750021,71.6893115234333,72.0509228515582,47.4904199218778,32.1601318359384,52.4139257812454,-2.8749487304685
"6202",-1.44198501586927,5.42457763671923,1.87707244873064,7.29299255371159,5.34709350585985,8.5265521240242,15.5032446289076,23.6309228515646,40.8756982421911,62.3107812500037,70.412568359375,75.148251953125,81.9373828125,70.7575390625021,70.7196386718709,71.5030957031208,46.0972412109403,32.4638378906259,51.8792480468705,-2.66683410644508
"6203",-1.50980346679701,5.30999877929735,1.70332626342789,7.38445068359441,5.59833557128956,8.85257202148516,15.1412133789076,23.8369482421896,41.3206445312537,62.5416503906287,69.74091796875,73.984970703125,80.704267578125,69.673369140627,71.0920947265583,71.6455566406208,47.7689013671904,34.2130224609385,52.1968749999954,-2.45433151245096
"6204",-1.50199234008803,5.20922607421921,1.88319976806657,7.42656005859441,5.43992553710986,8.77162658691485,15.2634448242201,23.9323730468771,41.6045703125037,63.6287353515663,70.7004052734375,74.7769384765625,81.9673828125,71.1529687500021,71.9728173828083,73.0507519531207,48.6886132812529,34.517255859376,52.5421728515579,-1.96880645751936
"6205",-1.64172546386733,4.99812011718795,1.56018005371108,6.92198852539124,4.48405029296915,7.51220886230536,12.8650585937511,22.425458984377,40.4199780273474,62.8022460937537,70.8420703125,74.806630859375,83.167119140625,72.8494335937521,75.1683398437456,76.1858886718705,53.1164892578157,35.9316845703135,54.0439208984328,-1.83311523437484
"6206",-1.63523361206069,4.75921569824261,1.64536010742202,6.8160076904303,4.60285644531291,7.43237548828191,12.4674035644542,22.5860913085958,40.4534472656286,64.6316357421913,71.245673828125,75.3573681640625,84.032431640625,73.7348046875021,75.2376464843706,76.4323339843705,53.1262695312532,34.5103076171885,53.8961621093703,-2.05549743652326
"6207",-1.72454376220719,4.68930908203167,1.41169235229505,6.40179748535213,3.83718048095737,5.49065551757861,10.4929028320322,21.4154272460957,37.2641503906283,61.1394335937536,69.520625,73.0215234375,82.11841796875,72.1357714843771,72.8925390624957,73.9289062499956,47.4497460937528,31.0343090820322,51.165991210933,-1.82877700805648
"6208",-1.69564468383804,4.5879754638676,1.46369216918958,6.30774169921931,3.70846740722689,5.83688354492239,10.234835205079,21.3690991210957,37.7520410156284,62.4547753906287,69.931396484375,73.0369189453125,82.165087890625,71.8504589843771,73.1220361328082,74.0762499999956,48.8746875000029,32.1791577148447,50.6917724609331,-1.86862701415999
"6209",-1.68613769531265,4.77752014160199,1.77507141113297,6.69697814941466,4.72547790527386,6.92315917968812,11.6136596679698,23.5408959960959,40.1069799804723,65.0592480468788,72.14765625,76.0664013671875,83.655068359375,73.2578320312521,72.5246093749958,73.2176660156207,47.0725244140653,34.139238281251,51.7089257812455,-1.83065353393539
"6210",-1.56189163208022,4.81578582763715,1.98018859863299,7.00948364257875,4.94606414794966,7.82403747558663,13.0305725097668,25.0000122070335,43.3934765625039,69.3674853515666,75.491435546875,78.2048828125,86.065849609375,74.5648583984397,74.2476611328082,73.6825683593706,44.9062353515652,37.0134228515636,50.8029003906206,-1.18841110229482
"6211",-1.70021820068374,4.72482116699261,2.04301712036151,6.99630004882875,5.33142456054735,7.95004028320383,12.0954248046886,24.5059277343772,42.6729296875038,66.4165136718789,73.3608447265625,75.075244140625,83.747294921875,71.1943750000021,68.693925781246,68.2745068359335,40.2481933593774,33.7059448242197,47.1865624999959,-1.02421096801749
"6212",-1.72735534667984,4.55365600585978,1.86028778076188,6.50152832031308,4.26604553222694,6.56957519531309,10.5286401367197,23.7428491210959,42.7188916015663,64.6712255859413,74.606123046875,77.6585302734375,86.85716796875,74.9438476562522,78.1103222656204,78.1081005859329,54.7669189453158,38.5031542968761,51.851010742183,-1.28485275268543
"6213",-1.60884948730483,4.70660827636761,2.10248962402363,6.70333251953185,4.80841552734418,7.74433166503975,11.6537365722667,24.9617041015647,43.5766357421914,63.4373437500038,74.47728515625,76.7550390625,85.906279296875,74.3442089843771,78.2250195312454,78.7955761718703,59.4690722656286,37.2908447265636,51.9018554687455,-1.72271347045883
"6214",-1.69531570434585,4.45996948242227,2.20240142822285,6.70814697265685,4.84725372314496,8.05804077148509,11.8660546875011,26.0151391601586,43.9824316406289,64.0397802734413,75.2862744140625,77.638515625,87.23384765625,76.1208837890647,80.7207666015578,83.1592675781201,65.7697705078164,38.8725903320324,52.7966552734329,-2.00973037719709
"6215",-1.61090972900405,4.48319152832071,2.18432708740254,6.30556640625056,4.39522216796914,6.86375488281311,10.154122314454,24.2303955078147,42.6475732421913,61.9539062500037,74.2777392578125,76.5678955078125,87.110390625,76.3635302734397,81.5834570312452,84.011445312495,66.224541015629,41.4713427734387,51.574106445308,-1.93293060302717
"6216",-1.66787048339859,4.59405670166057,2.11680023193378,6.29308593750056,4.21687438964881,6.55833251953184,9.82523925781338,24.2306445312522,41.8596582031287,59.2049511718785,72.5968359375,74.135498046875,84.48955078125,74.5153955078147,77.6938281249955,80.3472949218702,58.1661718750035,37.1544921875011,48.8365039062457,-1.30828063964832
"6217",-1.69846450805679,4.8691070556645,2.2343424987795,6.62362548828184,4.94646942138716,7.02519165039125,11.2452038574229,25.1477050781272,43.8209082031289,62.5584472656287,73.6651318359375,75.681337890625,85.262734375,75.7372314453147,80.0768847656203,82.8824511718701,63.9222705078163,37.7140112304699,51.3241210937455,-1.32307556152332
"6218",-1.78230438232438,4.84772766113324,2.1147215270998,6.52794433593808,4.76770751953168,6.32312805175838,11.8108691406261,25.1975390625022,43.7423974609414,63.9921777343788,75.053203125,76.8192724609375,86.4006640625,77.1589892578147,80.3791210937453,83.1337695312451,59.069252929691,36.9555102539073,49.8839550781206,-0.687696990966737
"6219",-1.84889358520524,4.77736511230511,1.9831945800783,6.13462951660211,4.15211975097693,5.59003051757862,11.9781909179698,24.7458911132835,44.0991357421914,63.8772558593788,74.5719189453125,74.7708447265625,84.505830078125,74.9869042968772,76.237885742183,79.5074511718703,54.7090625000033,32.9260693359385,46.248984374996,-1.17682228088369
"6220",-1.98203125000018,4.98253967285201,1.67724990844742,6.04041320800835,4.04054870605505,5.19714599609421,11.9253759765636,24.1124414062522,43.2448291015664,63.3357031250037,73.870546875,73.2624658203125,82.31333984375,73.4728417968771,75.4576025390581,78.0704785156204,53.5272363281282,30.5712231445321,44.1460644531211,-1.38110168457019
"6221",-1.82716064453141,5.01468078613326,1.92734710693377,6.25120178222712,4.58416442871135,5.93587463378959,13.0254467773449,24.870935058596,43.2114550781289,64.5902050781288,74.3241845703125,72.9951708984375,81.7678564453125,72.8916748046896,72.3648144531208,74.0930712890581,45.3371093750027,28.6400781250008,42.2743847656213,-0.549172821044874
"6222",-1.71843475341812,5.26622863769578,2.19312255859395,6.91116210937562,5.3082189941411,7.81268249511789,15.5390600585951,26.5963085937524,43.2780566406289,63.3267041015662,72.7660498046875,70.041142578125,78.752685546875,68.4637060546895,62.6245019531213,65.8404101562461,41.3859179687525,28.7102929687508,38.7360058593716,-0.538390769958449
"6223",-1.74247634887711,5.2991467285161,2.44642959594748,6.99987915039125,5.52041137695362,8.29410949707105,16.7563122558609,27.9866308593775,43.2528320312539,63.0890429687537,72.553662109375,68.9613330078125,77.88630859375,66.9617089843769,59.917153320309,63.4996289062462,39.3396264648461,27.7948925781258,37.9690332031217,-0.553147277831983
"6224",-1.80879272460954,5.29322021484422,2.5853292846682,7.38522338867253,6.28033081054744,9.35441284179771,17.2823120117203,28.0707031250025,42.0125830078162,62.8617529296912,72.080048828125,68.8370703125,78.2584912109375,67.736533203127,62.9933203124963,66.1870605468711,43.3082714843776,29.1298242187509,41.5856396484339,-1.01067382812491
"6225",-2.13196823120136,5.13353881835983,2.24687255859395,6.14335144043024,5.45373779296924,8.8304620361336,16.2764550781265,27.8303027343775,41.1847021484412,64.3956591796913,71.764609375,69.708525390625,79.4646044921875,69.0722705078145,66.8153417968711,70.1706054687458,46.9026757812528,28.4419335937508,43.6735888671837,-1.5349197387694
"6226",-2.22353363037129,4.88417877197309,2.05514816284198,5.63222290039113,4.31517761230507,7.37256103515691,15.7323962402358,25.8459570312523,37.3326513671908,57.6344140625034,67.8271337890625,63.8149658203125,74.2875732421875,63.1231201171893,55.9876464843717,60.7678417968714,36.0967968750022,23.2971777343757,39.2632983398403,-1.38640014648425
"6227",-2.25741882324239,4.7594274902348,2.2112466430666,5.83499145507864,4.61690979003947,8.58233642578202,16.6734118652359,26.8153369140649,37.7269970703159,59.3055859375035,68.4631787109375,65.772783203125,75.84109375,64.0160156250019,58.1978027343716,62.1374414062463,37.029060058596,24.8129931640632,41.6057519531214,-1.57694610595689
"6228",-2.12990020751972,4.89775756835981,2.490429992676,6.16168090820368,4.59644500732463,8.63843261718827,16.5955078125015,26.2392456054711,37.1037988281283,58.9602539062535,68.128212890625,65.3795263671875,75.5434326171875,63.6658203125018,59.6604687499965,62.7179589843713,36.3924023437522,26.1160644531258,43.6815234374962,-1.43298263549792
"6229",-2.15412612915058,4.78331298828168,2.28238479614278,5.88762329101615,4.00592468261754,7.79605529785226,16.0633630371108,25.0062451171897,35.6452270507844,58.0678320312534,67.4501171875,62.932919921875,73.968759765625,61.5087548828143,53.1857763671844,58.6330859374965,32.3458886718769,23.3337597656257,40.8858789062464,-1.11747634887686
"6230",-2.26745529174825,4.79181549072308,2.28468048095724,5.8521032714849,3.42600555419952,7.44294311523504,16.4664074707046,24.6374462890647,36.8813598632845,60.2933007812536,69.228740234375,68.13150390625,77.312236328125,64.2601562500019,60.6468945312465,62.8972314453088,36.906813964846,25.3686669921882,45.651416015621,-1.8295465087889
"6231",-2.30102630615255,4.87378356933637,2.4710290527346,6.25291748046931,3.71189208984408,7.56020690918036,16.0032739257827,24.2645361328147,36.6789648437533,59.7781542968785,68.5049169921875,66.373818359375,76.6098974609375,62.6012988281268,57.5136962890591,60.6784960937464,36.1008349609397,24.6520507812507,44.5353076171836,-1.8248802185057
"6232",-2.40189239501975,4.63472106933635,2.43053802490256,6.63324584960997,3.83249267578159,8.19803039550854,16.8632397460953,24.2658105468772,37.6175976562534,61.1308398437536,68.947265625,67.578564453125,76.6830615234375,62.5560156250018,55.6290380859342,59.3551953124965,36.2784106445334,24.8921679687507,44.0673486328087,-1.39285690307605
"6233",-2.45041809082053,4.68721862793011,2.5697253417971,6.45200927734433,3.21082153320341,7.63147644043037,16.5063305664077,23.8365673828146,37.3201513671908,59.6972656250035,68.373427734375,67.351357421875,75.895732421875,61.1201757812518,53.9106738281219,56.2505371093717,32.5563378906269,23.6310449218757,41.5507373046839,-1.16060745239248
"6234",-2.50371078491233,4.59100036621135,2.50817733764671,6.17195678710992,3.61633941650423,7.35216430664128,16.0154638671889,23.7562695312521,37.0329150390658,58.636020507816,67.2830810546875,66.55296875,75.000048828125,59.4036181640642,51.873427734372,55.4068115234342,32.4200146484394,22.4268017578132,40.6803515624964,-1.38628280639636
"6235",-2.55635437011742,4.82652893066449,2.77789550781275,6.54569824218808,4.48909423828165,7.78453369140694,16.9411108398453,24.6091625976584,39.6861791992223,62.1338427734412,69.641044921875,69.84779296875,77.6680859375,62.3384570312518,55.6210546874967,59.229672851559,36.2290014648459,25.9006445312508,44.9049609374961,-1.44708877563464
"6236",-2.35355621337912,4.79083618164105,2.4808760070803,6.04260864257866,4.03873748779333,6.58809814453184,14.8180200195326,23.0337646484396,36.3772216796907,56.9154394531284,65.2904296875,63.0391943359375,72.536875,56.9027734375016,48.5001611328097,52.8564355468719,30.5212353515643,21.7863696289069,38.8811669921841,-1.71174087524399
"6237",-2.56685577392601,4.73232360839886,2.64275024414086,6.38329528808651,4.28012603759804,6.6849365234381,15.640777587892,24.971735839846,39.9678271484411,60.6801611328161,67.7867041015625,65.74064453125,75.46646484375,59.4753515625017,50.8627587890595,55.0640234374967,33.5172802734395,24.0696093750007,40.7909985351527,-1.51102050781237
"6238",-2.68242767334008,4.73482971191449,2.48346191406272,6.43897949218807,4.70694641113323,7.26957397461002,15.8275439453139,24.1300976562522,39.552983398441,57.5196142578159,66.8248046875,63.747685546875,74.3824755859375,57.8684033203142,47.9936865234347,54.0903369140593,32.6755419921895,23.7605761718757,40.6677392578089,-1.04213439941397
"6239",-2.5792599487307,4.55135131835978,2.32596740722677,6.37461608886776,5.22268066406297,7.65122680664131,16.5978198242202,25.467438964846,42.3608203125038,62.3243750000037,71.4384765625,70.75974609375,81.009013671875,65.2735107421894,61.2348583984339,64.7674902343712,40.0247509765649,29.6807348632821,46.8167431640584,-0.920803604125896
"6240",-2.58742309570336,4.44582397460977,2.37598999023459,5.98914672851616,4.77731018066449,6.97862304687562,14.8856958007826,23.1974560546896,39.1270410156285,56.6005957031284,66.45443359375,64.50388671875,75.7008447265625,59.4784765625017,55.7720507812467,60.8856249999964,38.2715429687523,26.8511425781258,44.3442724609336,-1.4371073913573
"6241",-2.65221191406274,4.29081542968788,2.30120437622091,5.90366882324271,4.62739074707073,7.36848571777409,14.4578076171888,22.1521533203145,37.3086816406283,52.7071826171906,63.851552734375,60.924951171875,73.132578125,56.9553906250016,54.0255224609343,59.4629296874965,37.4086840820335,25.2865014648445,43.7443066406212,-1.66797012329087
"6242",-2.69405578613305,4.27192871093788,2.27350555419942,6.29187866210994,4.80483398437543,8.01638305664134,16.1105944824233,23.0148046875021,39.199643554691,56.6976025390659,65.8884619140625,64.527880859375,76.129423828125,59.7433984375017,60.293754882809,64.9887890624962,44.6164746093777,28.9783496093759,47.3932128906209,-1.64489242553697
"6243",-2.62173706054711,4.31088745117226,2.051672973633,6.34173583984432,5.22461669921922,8.63142761230546,17.194331054689,24.8389086914085,42.1931250000038,61.0430371093786,69.132734375,68.6840185546875,79.7506591796875,63.5557421875018,65.7737988281212,69.9422851562459,51.013642578128,32.4340966796885,51.527084960933,-1.82352233886703
"6244",-2.59118988037133,4.42513092041055,2.41594482421897,6.71209411621154,5.68198181152394,9.25564575195395,17.852445068361,26.1469653320336,41.5876269531287,58.302456054691,66.79896484375,64.97748046875,76.923671875,59.8292089843767,60.1461914062465,64.7934374999962,44.8570849609402,29.9638525390634,48.9411132812457,-1.74471405029282
"6245",-2.53071456909202,4.35089416503945,2.32003845214865,6.96064514160218,4.76746978759808,8.63770141601639,16.8101635742202,26.2743115234398,42.6107519531288,62.4489990234412,69.749130859375,68.612255859375,80.3953125,63.3607031250018,65.6312695312462,69.2998974609334,50.637490234378,31.6115722656259,52.149047851558,-1.76529357910141
"6246",-2.52198303222679,4.37251190185586,2.23395874023457,7.30315856933659,5.93244262695365,9.66096435546961,19.0540747070329,29.7352392578152,46.0009179687541,66.0282373046914,73.2264990234375,72.674580078125,84.71517578125,67.3018994140645,70.1922656249959,73.5180322265581,55.8040966796908,35.4424780273448,55.8604980468701,-1.83050170898422
"6247",-2.53955459594749,4.41090148925821,2.31206924438497,7.28275573730534,6.10536437988336,9.68979248046961,19.2007531738298,29.7937231445339,46.6529101562542,65.7955273437539,72.194638671875,70.26900390625,83.22357421875,64.8002294921894,65.5417724609337,69.1404101562459,51.4895214843781,34.0814794921885,53.0062597656204,-1.89089706420882
"6248",-2.40636322021506,4.52019622802775,2.24658416748067,7.57293884277411,6.37761047363338,9.39195556640709,18.5087902832048,29.3694335937526,45.106875000004,65.9456640625039,72.3749072265625,71.61228515625,84.473125,66.2057128906269,68.990322265621,71.6478613281208,53.7756835937532,33.3910131835947,54.0601953124953,-1.78068801879867
"6249",-2.57028839111351,4.36185607910195,2.21783538818379,7.14372375488345,6.22533325195368,8.96099792480549,18.7148657226579,29.1926635742214,44.797597656254,64.7718457031288,71.0960205078125,69.448916015625,82.385849609375,63.8340673828144,65.9036035156211,68.7281347656209,52.2661718750031,33.8103295898447,50.6073876953081,-2.68111999511695
"6250",-2.41592987060568,4.50588623046915,2.15779907226582,7.18475097656314,6.06145446777398,8.60419250488358,18.547210693361,29.5479907226589,45.4089013671916,66.3853076171914,72.7201220703125,70.7196484375,84.327373046875,65.3737695312519,66.5892138671836,68.9404687499959,53.0670312500032,34.476669921876,49.9203710937456,-2.43516143798807
"6251",-2.37851715087912,4.38982910156289,2.230050506592,7.18797546386783,6.34104675293025,8.82344482421954,18.3645288085954,28.4598071289088,43.6899902343789,63.6809960937538,71.2915576171875,69.565341796875,82.4196875,63.3805859375018,62.7260937499963,65.9137792968711,48.7804003906279,33.4717114257822,46.024873046871,-1.98245697021467
"6252",-2.35501022338888,4.63570281982463,2.47707534790061,7.72622314453194,6.22480285644587,9.41486511230553,18.7366503906267,29.9494335937527,44.879248046879,64.5249511718788,72.1482568359375,69.605126953125,82.86595703125,63.5197509765643,62.1695312499964,66.5124023437461,50.0740283203155,33.462080078126,46.253535156246,-1.78323547363266
"6253",-2.33956405639669,4.52896514892619,2.56675903320335,7.76010498046944,6.83197814941467,10.0299444580087,19.6833569335955,31.4825341796903,47.4411865234417,67.568974609379,74.41908203125,72.69048828125,84.7754296875,66.1252929687519,66.1264257812461,69.8207324218709,53.2920605468782,36.3138330078136,47.9365478515583,-2.14075744628888
"6254",-2.3677867126467,4.41163787841836,2.71800659179712,7.82711059570382,7.10912353515688,9.53299133300866,17.8638012695328,29.2876977539089,43.2481689453164,63.8705664062538,72.2940625,70.4314306640625,82.931708984375,64.8939794921894,64.5733300781212,68.4203906249959,50.761943359378,33.750039062501,46.3119580078085,-2.54304077148415
"6255",-2.38597579956076,4.50908569335978,2.77528137207056,8.06470458984447,7.35788330078191,9.71907470703212,18.4541857910173,29.9751000976589,43.2514697265664,63.6109619140663,73.2029150390625,71.4520703125,83.612021484375,65.9581640625019,66.2209082031211,71.2372119140583,53.5625585937532,34.280830078126,46.8929785156209,-2.52608718872048
"6256",-2.6340289306643,4.48353363037149,2.62998382568383,7.91175537109446,7.22372985839908,9.20231872558676,18.4403930664079,29.5551806640651,42.2140332031288,61.7522021484411,72.097021484375,70.046240234375,81.670361328125,64.9930322265644,64.9406054687462,69.5543847656209,51.6677490234406,32.701083984376,46.163808593746,-2.69331054687476
"6257",-2.55789794921898,4.5281640625004,2.30256790161153,7.63220642089912,6.57510864257871,8.04776428222728,16.8605883789078,28.4353833007838,41.7502441406287,63.2636621093787,73.3018701171875,72.337861328125,82.93259765625,67.2483251953145,67.7554736328085,72.4891796874957,53.5958007812532,34.478710937501,48.7719970703082,-2.33271926879863
"6258",-2.43140472412131,4.49662750244181,2.55119445800804,7.8559619140632,7.22610473632877,7.67652099609444,17.0514001464859,27.5934082031275,39.2031469726597,59.7324511718785,70.37841796875,68.1987109375,78.620908203125,62.3675781250018,59.8853222656215,64.2202197265587,44.6393847656277,30.2848852539071,43.9881347656212,-2.848117675781
"6259",-2.64731811523461,4.47070129394571,2.44865936279319,7.64299560546943,6.32675048828181,6.56212890625059,15.1455541992201,26.1068945312523,38.2883007812534,57.8611083984409,69.0022265625,65.386669921875,75.762119140625,58.9057910156267,46.0371240234348,52.5988769531219,37.5975781250023,26.2451855468758,36.912482910153,-1.27203094482411
"6260",-2.62025787353539,4.30988159179726,2.29978393554708,7.56763122558661,6.48398803710995,6.77417419433654,16.3004650878921,27.4104687500024,40.1487426757848,60.4676806640661,70.948515625,67.239814453125,76.3548779296875,59.8091503906267,46.3925585937473,54.0350683593718,39.4939794921899,28.0612988281258,37.8481030273404,-1.31122436523426
"6261",-2.84421112060572,4.21283172607459,2.25633087158223,7.49307739257879,5.56490661621143,6.90415832519593,16.2829174804702,26.7563598632836,41.1318457031287,59.4938574218785,71.0435546875,69.2915234375,77.337744140625,61.1554394531268,54.8048242187468,59.0050195312465,42.0958300781275,28.5975390625008,39.6647729492153,-2.0421536254881
"6262",-2.73560333251978,4.28936828613319,2.32775909423849,7.51090209961005,5.66980224609426,7.96007080078196,16.4401684570327,26.4740478515649,40.8929614257849,58.9573046875035,70.594072265625,70.61572265625,78.820146484375,62.9326074218768,61.9336523437464,66.0792919921836,48.0918359375029,31.8038769531259,44.5134082031211,-3.35451080322236
"6263",-2.88724792480494,4.12911926269568,2.56005218505882,7.78804321289132,5.72268981933645,8.90739685058673,17.0873608398453,27.87798339844,43.3236718750039,61.5737402343787,72.4478125,73.4293359375,79.7287646484375,64.7561767578144,63.2051220703088,67.602998046871,50.015693359378,33.7327294921885,44.6121289062461,-3.07016296386692
"6264",-2.94671630859401,3.97282928466832,2.49535110473655,7.75692443847725,5.36451171875048,8.82870727539141,14.8849841308607,26.8178857421899,40.9057031250037,56.7745263671909,68.6202294921875,68.902412109375,74.092431640625,59.8630664062517,55.5401074218718,61.4859228515589,44.0494531250026,30.3451098632821,41.6457958984339,-3.14670349121066
"6265",-2.99985687255886,3.89716522216832,2.58549621582054,7.41845336914129,5.71048583984426,9.96005371093839,16.4519433593765,29.7012231445339,43.2966259765664,61.4870996093786,72.1112109375,73.548076171875,78.75287109375,64.5604150390644,62.0747021484339,66.8333447265585,49.3819580078155,33.267958984376,46.3837890624959,-2.74868438720679
"6266",-2.93211608886745,3.79869323730503,2.46196105957053,7.45813842773504,5.64934814453175,9.85737304687588,15.169234619142,28.1643090820338,41.6323535156287,56.2688574218783,67.5548876953125,65.7387890625,73.029970703125,58.2144726562517,53.1266210937469,59.910083007809,43.6569726562526,29.8930371093759,42.1523535156213,-2.50317016601541
"6267",-2.74843353271509,3.72807403564486,2.65125091552758,7.01885559082094,5.25887512207078,9.20427307128988,15.2297204589857,28.2725781250025,41.4922753906287,58.372583007816,68.772265625,67.0590087890625,75.597470703125,60.0781689453142,56.0187597656217,62.7289257812463,45.5817675781277,29.6768334960946,44.5168212890586,-2.93537170410131
"6268",-2.84932678222682,3.64154479980501,2.66881927490258,7.25206237793033,5.41158813476611,9.52041870117272,14.7488171386732,27.2714843750024,40.3751269531286,57.4445996093784,67.5908203125,64.811923828125,73.6176513671875,58.4787597656267,54.5327246093718,61.2800683593714,44.1122558593776,28.7988891601571,44.5340332031211,-2.91489105224584
"6269",-2.78313476562525,3.57081329345735,2.94253753662136,7.58420227050849,6.09267700195367,10.2145446777353,17.7138696289078,30.316232910159,45.3800634765665,63.0423242187537,72.15560546875,70.3384326171875,79.29521484375,63.2873779296893,58.7578466796841,64.2029296874962,46.9902392578153,31.3299218750009,48.0747900390583,-2.41274932861307
"6270",-2.83393035888697,3.4958270263675,2.8241317749026,7.59495605468818,5.84430664062552,10.3004882812509,18.6197290039079,31.1377392578153,46.3788574218791,64.6764892578163,73.7427099609375,72.188271484375,82.00421875,65.7354785156269,63.5642822265588,67.342900390621,50.014033203128,33.4780297851572,50.8026904296831,-2.42696701049783
"6271",-2.53196304321312,3.57894927978547,2.84129730224635,8.04498474121166,6.50518005371152,9.83796630859463,16.9036547851578,28.6096582031276,43.8008300781289,62.1741162109412,70.625205078125,68.1720068359375,79.3770263671875,62.7974218750018,60.6456738281215,64.6802050781212,48.6210205078154,31.6063427734384,49.4693554687457,-2.55017883300759
"6272",-2.63640991210961,3.6089343261722,3.02132873535183,8.54727905273514,6.83555297851624,10.5547900390634,19.9102832031268,31.7127441406278,48.6944677734418,67.7492919921915,75.881240234375,75.1381640625,86.517314453125,70.097822265627,70.2360888671834,74.2293017578081,57.2886425781284,37.5185107421886,56.8282470703075,-2.5100941467283
"6273",-2.68066009521508,3.51477600097688,3.0734533691409,8.42359252929763,6.84149291992249,9.87211669921963,18.0897229003922,28.2008105468775,44.0527929687539,61.7789404296912,70.778720703125,69.562783203125,81.3879296875,64.6087500000019,64.8098291015587,69.1614746093709,50.845019531253,33.4437841796885,52.144204101558,-2.46442886352518
"6274",-2.68973602294946,3.28251739501982,2.69915710449243,6.98431274414125,4.62240234375041,7.46267578125067,16.880668945314,26.8693359375024,43.6999121093789,66.0569580078164,74.648310546875,74.473359375,86.343857421875,69.808330078127,68.650976562496,73.1343164062457,50.9442431640655,33.9252172851572,54.3521728515578,-1.72129791259751
"6275",-2.68501831054712,3.34814392089874,2.95129516601589,7.65910705566475,5.67827209472707,9.04756591796956,19.0496386718767,28.9840087890651,47.0024707031292,67.9113818359415,75.6946923828125,74.392470703125,86.6073828125,69.601103515627,66.9282324218711,71.4013378906208,51.1703271484406,36.6996240234386,52.8336816406204,-2.09999450683575
"6276",-2.63619934082055,3.60458221435579,3.14765045166044,8.19981079101636,7.2309985351569,9.42941040039147,20.9642309570331,29.9825244140652,48.5607910156293,68.253330078129,74.9419921875,72.483046875,83.98439453125,67.1245117187519,63.3667578124963,67.272324218746,51.6084423828156,38.3281542968761,52.0796289062455,-2.30716186523417
"6277",-2.65351379394555,3.6558874511722,2.8216366577151,7.27970336914127,5.52004882812549,6.7351220703131,16.778920898439,25.4131762695335,41.2795117187537,60.4061425781286,68.231044921875,66.012353515625,77.82923828125,62.0660546875018,61.1512207031214,65.6903564453086,48.7857177734404,32.3762231445322,48.1568847656208,-2.82023559570288
"6278",-2.63100952148461,3.57778930664094,2.7541055297854,7.27035583496159,5.14994262695358,7.13388488769595,17.0865405273453,25.6555297851585,42.4705761718788,62.7730957031287,69.4731640625,67.8991064453125,79.21404296875,63.0577539062518,60.7639404296839,65.4765429687461,47.9728808593779,32.6552294921885,46.9036474609334,-2.71756500244117
"6279",-2.65620452880883,3.53841308593781,2.64726745605492,6.98356262207094,5.24454833984422,7.1383404541022,17.6821337890641,26.1621093750023,44.1686181640664,66.2984423828164,72.729150390625,71.77818359375,82.49431640625,66.1368603515644,62.4693847656213,65.9376464843711,45.8924218750027,33.568623046876,46.6950048828084,-2.3767169189451
"6280",-2.58627380371117,3.80486450195346,2.82391906738306,7.76413574218819,6.22081481933649,8.18417480468823,18.5726354980485,26.7721997070336,42.7562548828163,65.3395361328164,71.5254296875,71.108828125,81.727529296875,65.5335058593769,64.8815624999962,68.4770361328085,49.807382812503,34.660937500001,46.348720703121,-2.54148223876931
"6281",-2.57028778076195,4.04082214355505,3.05748535156277,8.30260070800855,6.83167480468811,9.65748657226649,19.4954309082049,27.2148876953149,42.8504345703163,63.5185009765663,70.0426953125,68.92892578125,78.536171875,62.6739941406268,64.1151513671838,67.879296874996,51.8812353515656,34.2963818359385,45.1361181640586,-3.27986328124971
"6282",-2.53581787109398,3.8849047851566,2.81966369628931,8.32476989746168,7.63540771484443,10.2025390625009,20.8156347656269,27.9213500976587,42.8129394531288,61.7804443359412,69.08130859375,68.0457763671875,77.159736328125,61.1822558593768,61.3570800781214,65.4279199218711,47.9049462890654,32.791523437501,41.7003955078089,-3.14933197021457
"6283",-2.41959411621115,3.86496368408238,2.9775759887698,8.36773559570387,7.14712890625064,9.43813354492272,20.9130004882831,27.5066186523462,41.9982226562537,64.0496191406288,69.8728271484375,68.050576171875,77.038095703125,60.6124316406268,54.6736914062468,59.5889941406215,42.8202294921901,30.2517993164071,38.4093115234341,-1.98497131347639
"6284",-2.60057586669945,3.72661010742221,2.68206695556665,7.92055908203196,5.81244567871146,8.79093261718828,20.3011401367206,26.7626171875024,41.0005761718787,63.8451416015663,70.6921875,68.3442626953125,78.5064013671875,61.8418359375018,55.4667285156218,59.8864062499964,41.9903222656275,30.2103564453134,36.5466918945281,-1.94842208862288
"6285",-2.52656204223655,3.71696228027377,2.88267272949245,8.31585571289137,6.49461791992246,10.2112854003915,21.0138916015644,27.3406884765649,41.7328076171912,62.8305175781287,68.91923828125,66.29912109375,75.511884765625,58.9916308593767,52.9116796874969,58.422944335934,41.6678906250025,29.1121215820321,36.0016455078094,-2.46982376098611
"6286",-2.52135498046897,3.55769165039094,2.88222137451198,7.89246337890695,5.5186553955083,9.48360351562585,21.0853198242206,27.6242944335962,41.6335644531287,63.5553955078163,70.047197265625,68.456181640625,77.1622119140625,62.2143212890643,57.7627343749966,62.3888183593713,43.7353320312526,31.4654565429697,40.5026953124965,-2.93127960205052
"6287",-2.44485961914084,3.35581268310577,2.81600708007838,7.75943481445382,4.85447509765668,8.8392071533211,19.777424316408,27.1428393554712,41.1968066406287,62.8160107421912,69.3526953125,66.90490234375,76.594296875,61.5279541015643,54.5038916015593,58.6261523437465,40.8598730468774,29.7611474609384,37.8205810546842,-2.94054870605443
"6288",-2.50128753662132,3.51080474853547,3.03508483886746,8.22182006836011,5.12819396972702,9.3918267822274,19.4376916503924,27.3017480468774,41.1730957031287,60.5042236328161,68.2047314453125,62.3117333984375,73.9762939453125,58.3608349609392,48.9044726562471,55.6833691406217,39.7590380859399,28.7027099609383,36.2264306640593,-2.74395477294898
"6289",-2.50722473144554,3.75193450927768,3.10328857421903,8.28434753418043,5.19803466796921,9.65310363769617,19.8474804687518,28.2420434570338,42.1591210937538,64.5229345703163,69.4537353515625,62.73955078125,73.438818359375,58.0088476562517,43.6412646484349,51.6220458984344,37.3026318359397,28.1186181640633,34.8730346679657,-2.91988891601537
"6290",-2.58952911376976,3.70602905273471,3.19269622802763,7.88510925293039,4.96273529052779,10.0689343261728,18.4245275878923,27.820473632815,42.1413378906288,63.1943359375037,70.433603515625,66.5808349609375,76.9593701171875,62.8351367187518,54.0801171874968,58.911840820309,42.3246484375025,31.0174462890634,39.2891113281216,-3.59532287597625
"6291",-2.48169708251975,3.73195068359408,3.17922943115263,7.84493286132883,4.25818237304725,9.68252441406336,17.5867944335953,28.280786132815,40.8926000976599,59.5011425781285,69.1667529296875,64.33109375,76.0091748046875,61.6843505859393,53.1555322265594,58.0695312499966,40.9786816406274,29.7652172851571,38.3238818359342,-3.09410949707004
"6292",-2.33938293457052,3.81746215820347,3.42778442382843,7.94625976562571,5.16417236328171,10.1582763671884,18.0650048828141,30.1429052734402,41.5879394531287,60.6604638671911,69.089150390625,65.0728662109375,76.9677587890625,63.0350195312518,57.4754101562466,61.1262792968714,44.0122314453151,32.0186767578134,40.600698242184,-3.20436157226534
"6293",-2.24002456665059,3.82697204589878,3.52290527343781,8.03067932128978,5.12866210937546,9.4975415039071,17.9046069335953,31.8503173828153,43.1530908203164,64.7068017578163,72.7477490234375,70.71857421875,82.3144140625,68.092695312502,61.3527832031214,64.5678613281212,46.4746240234403,34.3416625976573,43.9759033203087,-2.91623321533178
"6294",-2.17321777343769,3.80462768554721,3.16785888671903,7.44288574218816,3.3349136352542,7.35456481933659,15.9845654296889,30.6006835937527,40.0858593750036,62.3967675781287,70.0337353515625,67.133662109375,79.3310302734375,65.7493994140644,59.3549609374965,63.0313183593713,43.6384423828151,31.7248681640634,41.9585058593713,-2.60423645019508
"6295",-2.11737030029316,3.81100891113315,3.62413574218782,7.63577636718818,3.27675384521514,5.81176147460989,15.4329577636733,28.0305664062525,35.6887915039094,58.2200732421909,68.789580078125,66.20060546875,77.7342138671875,64.9061669921894,59.8606152343715,63.4307861328087,43.2640576171901,30.0123315429696,42.2328710937463,-2.10950088500958
"6308",-1.38373641967786,5.42401550293017,2.13204132080097,7.97481384277415,5.75927001953176,8.27333007812574,17.4134143066422,22.6924194335958,38.1516162109409,54.4416162109407,62.831630859375,62.60697265625,70.615283203125,59.4283593750017,52.237792968747,55.6071386718717,30.8654467773456,30.7058593750009,42.5406347656213,-0.979287261962805
"6309",-1.50566558837904,5.47413696289111,2.29171325683614,8.63662231445389,6.78133544921936,10.1543493652353,19.7377587890643,25.540993652346,41.9356250000037,59.9406738281285,65.8628515625,67.20474609375,73.3101171875,62.1443847656268,56.9052539062467,59.242739257809,34.4276611328146,32.833818359376,45.645908203121,-1.28443420410145
"6310",-1.53116943359389,5.48304687500049,2.21743942260762,8.49063354492263,7.0823785400397,10.3464526367197,20.3321740722674,27.2808056640649,43.4168554687539,62.5682910156287,68.4883203125,71.515390625,76.8889208984375,65.4437500000019,61.5331591796839,61.7695800781213,37.1742138671897,33.9957275390635,48.9269580078082,-1.10205085754385
"6311",-1.52367507934584,5.40101318359423,2.19765258789082,8.60825439453202,7.22746948242252,11.1047094726572,20.8955053710956,28.1448706054713,43.9426562500039,65.6184960937539,69.82248046875,71.9922998046875,77.137685546875,65.3143847656269,62.1837597656214,62.6621826171838,40.2403540039087,34.4480981445323,49.7830029296831,-1.100814590454
"6312",-1.40988555908216,5.39828430175829,2.27272369384786,8.63204589843827,7.76565673828194,12.2214868164073,20.9465087890644,30.6484082031277,45.3577685546915,67.9785693359415,71.412666015625,74.257705078125,79.665341796875,67.0843261718769,65.4661523437462,65.7268896484336,43.7305761718776,35.6696166992198,50.9143310546831,-1.38878753662097
"6313",-1.50025390625013,5.64986145019582,2.46188140869163,8.58133422851639,7.65633850097725,12.709998779298,20.8682666015644,31.2612768554715,47.0612500000042,70.3419775390667,74.137197265625,77.8390380859375,83.5737109375,71.3092480468771,71.5528857421833,70.8350878906208,47.6775292968779,37.1516894531261,52.7580273437454,-1.6107220458983
"6314",-1.48612075805677,5.49947692871143,2.50975601196311,8.13277038574291,6.87489746093811,11.5731066894542,19.5677734375017,29.7286425781276,45.6229882812541,70.0944677734417,74.253828125,78.09091796875,84.2071484375,71.9026855468771,72.4293359374958,72.0552246093707,47.9629443359404,35.3505297851573,53.3109082031203,-1.42091690063464
"6315",-1.47834793090833,5.40255493164111,2.33808258056662,7.76509643554757,6.37421447753963,10.9901306152354,17.922630615236,28.6115600585963,44.0236474609414,68.149521484379,73.96021484375,77.435302734375,84.7676171875,72.2170117187521,72.9997070312457,72.8357812499957,47.2035302734403,35.3748681640635,53.7532861328078,-1.16318702697744
"6316",-1.67149734497085,5.26556213378953,2.10990295410175,7.73273376464913,5.97754516601616,10.3675390625009,16.5733276367202,28.2896777343775,43.3650732421914,66.7862548828165,72.22458984375,74.1523828125,81.88888671875,68.668544921877,69.6407714843709,69.5069824218709,45.2916601562527,33.8386376953135,52.2444726562454,-1.00747329711905
"6317",-1.65981430053726,5.29448486328172,2.08809951782245,7.56673400878974,5.78190185546927,9.22492431640707,15.4720703125014,27.4403222656274,42.1229150390663,65.6770312500039,72.303251953125,74.879140625,83.50603515625,70.7172167968771,72.5876025390583,72.9315478515582,48.2596289062529,34.4367065429698,53.3603466796828,-0.807601470947195
"6318",-1.72482421875015,5.19116882324265,2.06161453247089,7.58509460449286,5.79104370117239,9.72370544433681,16.4281506347671,28.3407324218775,44.2548193359414,67.571210937504,73.4369921875,75.78794921875,84.913623046875,72.4413574218771,74.1823925781207,74.0389648437456,50.129042968753,36.5510693359386,55.1202832031202,-0.528740234374954
"6319",-1.7381567382814,4.97143371582076,1.95845306396502,7.07303222656313,5.24603698730516,8.56936279296951,13.8325097656262,25.7359814453148,41.2352294921912,64.5917480468788,71.493154296875,74.3984765625,83.298427734375,71.0108007812521,73.0114160156207,73.1882226562457,48.6828222656279,32.3819238281259,52.3799462890579,-0.3212641906738
"6320",-1.92586853027361,4.78453125000043,1.81832672119157,6.64102478027403,4.33775817871132,6.74272827148498,12.2945959472667,25.1866796875022,41.1564648437537,64.7950195312538,72.250478515625,76.086220703125,85.4001171875,73.5661181640646,76.4156933593705,77.3556249999954,52.8048291015657,32.9733325195322,54.6073535156202,-0.520458831787064
"6321",-1.79210937500016,4.84228118896528,2.02343963623065,6.68452270507872,4.242974853516,7.25690551757877,12.6448339843761,26.1195483398461,41.4643017578162,65.4330566406289,72.879296875,76.47599609375,85.507265625,73.6945996093771,76.658491210933,77.6516406249954,52.5025097656281,33.956953125001,54.6362841796827,-0.661733856201114
"6322",-1.73695617675797,4.89594909668012,2.23887802124043,6.91435852050843,4.86987060546918,7.88521240234445,13.146297607423,26.4746582031274,42.0202197265662,65.2365234375039,72.434697265625,75.1122607421875,83.8433984375,70.8976074218771,68.700332031246,68.6491943359334,42.2740625000025,33.8358544921885,48.4061474609333,-0.262071933746315
"6323",-1.71764587402359,4.91994812011763,2.41650177001975,6.79074951171936,5.35085998535204,8.41752136230544,13.4809631347668,27.1231054687524,43.0829541015663,66.3453710937539,74.0593603515625,75.8513720703125,84.350439453125,71.1473583984396,68.794345703121,68.7045507812459,41.3471386718775,34.0567993164073,47.7657324218708,-0.604562835693307
"6324",-1.6226455688478,5.04467193603561,2.59130249023461,7.00129333496156,5.41294555664111,8.15208007812573,13.7062939453137,28.006469726565,43.9630957031289,66.0956933593789,75.433447265625,76.6825537109375,85.92775390625,71.7681152343771,68.6712060546835,67.5844384765585,38.9845361328148,35.1158618164073,46.7702685546834,0.073673849105829
"6325",-1.65547027587905,4.92476348876997,2.75294067382837,7.19592956543033,5.98202819824272,8.41928527832106,13.849938964845,27.9046289062525,45.201005859379,64.2612109375038,74.7833203125,75.1662939453125,84.843134765625,71.2795312500021,72.3420068359333,72.0055761718707,46.6423486328153,35.9127978515636,47.7018310546833,-0.460879287719686
"6326",-1.59150009155288,4.8220285034184,2.58693542480492,6.52057006835996,5.14449401855515,7.29753051757877,12.6343518066418,27.49017089844,45.2734814453165,63.4345019531288,75.464443359375,77.441123046875,87.61859375,74.2736279296897,78.9077929687454,79.9304296874953,59.4712597656286,35.9183935546885,52.0118945312455,-1.3466468811034
"6327",-1.72092819213883,4.50252685546915,2.3610125732424,6.04098266601616,4.53805297851603,6.4698937988287,12.0162170410167,26.6023095703149,45.2563037109415,63.5394531250038,76.001328125,77.4240380859375,88.323046875,75.5163867187522,81.3133007812452,83.4356054687451,65.3736230468789,36.6837329101573,53.8504296874953,-2.09866531372052
"6328",-1.61280624389663,4.62952575683635,2.54364593505882,6.277743530274,5.03035339355514,6.32101562500056,12.5184033203136,26.7843139648461,45.179785156254,62.3886718750037,75.341533203125,77.4385986328125,88.565791015625,75.7743164062522,81.2584667968703,83.43504882812,63.0706005859413,36.8521752929698,52.4883740234329,-1.95514709472639
"6329",-1.61127166748061,4.95626220703169,2.88543334960963,6.94906494140687,6.39498840332088,8.88674926757892,15.0218579101576,30.6246826171902,48.4742675781293,64.6217529296913,76.25775390625,77.353076171875,87.70501953125,74.7391455078147,78.0405468749954,79.5527050781203,56.5785595703159,37.5095898437511,51.4792773437455,-1.17740020751943
"6330",-1.53907592773451,5.0985116577153,3.00033233642605,7.60900268554755,6.73412536621154,9.30399169921958,15.3116894531264,30.7449511718777,48.8815722656294,65.8016503906289,76.12810546875,76.664443359375,86.682431640625,72.9311816406271,73.5184277343707,74.6482617187456,49.2830566406279,36.0126611328136,48.8786083984332,-0.169039649963364
"6331",-1.59388214111342,5.11100463867233,2.76961791992212,7.13866394043032,6.43278503418026,8.20508178711011,14.1853466796888,28.7925073242213,47.7333496093793,63.8238281250038,75.04083984375,75.6443408203125,86.600341796875,73.0074121093771,74.9970996093706,76.4682519531205,52.2997265625031,34.740654296876,49.7914160156207,-0.24004467010496
"6332",-1.59063674926772,5.25928649902391,2.71325225830102,6.92634399414124,5.25472045898484,7.45106018066473,14.6824462890638,29.2853442382839,48.7725781250044,65.6508203125039,77.257431640625,78.1256201171875,90.009482421875,77.0344335937522,81.5293554687452,84.34178710937,62.0889941406287,35.870488281251,52.1783886718704,-0.779356231689385
"6333",-1.50439361572279,5.50820495605518,2.95671905517605,7.36158508300847,5.81225585937552,8.18197692871167,15.2507519531264,29.3524365234401,48.0639941406293,66.0506933593789,76.486142578125,75.26734375,86.158427734375,73.7667968750021,75.5436669921831,78.3462646484329,54.9800830078158,33.5786572265635,47.8022558593708,-0.291089172363256
"6334",-1.55664505004897,5.40542541503954,2.87137878417994,7.31379516601628,6.07250915527398,8.20991088867261,15.8421899414077,29.0046191406276,47.0187646484417,66.0227539062539,76.905390625,75.761484375,85.972919921875,74.6377929687522,77.3763378906205,79.2922851562453,53.3305371093782,33.9074853515635,47.1223437499959,0.3165109825134
"6335",-1.49533477783217,5.52065368652393,2.91109375000026,7.61587646484443,6.38742736816463,9.02549011230549,16.1777441406264,28.6576440429713,44.677753906254,63.4702929687538,74.4162353515625,72.2273828125,82.010087890625,70.0163525390645,67.5639892578085,70.2638232421833,47.2129150390653,32.1022607421884,43.4020361328087,0.370881919860807
"6336",-1.63984222412124,5.51142089843799,3.00158782959011,7.81003540039132,7.15040283203189,9.48818237304772,17.3549609375015,29.6487500000026,44.719658203129,64.7977636718788,74.687939453125,71.6981103515625,81.803984375,70.4198388671895,70.5392089843709,73.5375195312456,48.0746679687529,32.6531323242197,45.0260595703086,-0.064702053070063
"6337",-1.73356948852555,5.45785522460986,2.96595062255886,7.5264807128913,7.00042968750062,9.64198486328211,18.3165502929704,29.6147094726589,44.3960791015665,65.5939892578164,73.649208984375,69.8229296875,80.01294921875,67.942675781252,65.9515527343711,69.3038964843709,46.1620214843778,31.4982348632822,42.9349707031213,0.006710338592529
"6338",-1.83614044189469,5.46212890625049,3.0403103637698,7.03901184082094,7.05166503906313,10.2827893066415,18.7686389160173,29.4224853515651,44.2165673828165,65.2962304687539,73.502578125,71.521328125,81.769853515625,69.148720703127,68.573466796871,71.1212207031208,48.0866308593779,31.3350366210947,45.0283984374961,-0.718301849365172
"6339",-1.87718963623064,5.27853332519578,2.92815765380886,6.42617980957089,6.27717773437556,9.62262756347742,17.3450952148453,28.0453930664088,41.7020996093787,62.3451074218787,71.006748046875,67.114736328125,77.223935546875,63.9219580078144,58.1464208984341,61.8517138671838,40.2881738281274,28.1249316406258,41.1659326171839,-0.441103324890098
"6340",-1.94669692993181,5.35719970703173,2.93775543212917,6.61845581054747,6.08807617187554,10.4132116699228,17.6525476074235,27.2220556640649,38.6652099609409,59.4149218750035,67.332529296875,63.71880859375,73.604091796875,60.3158544921892,54.2357324218718,59.5516992187465,36.6783056640647,25.7684814453133,40.438647460934,-0.47565891265865
"6341",-1.94159500122088,5.30049194335985,2.98754089355495,6.53301696777402,5.46761901855518,10.225723876954,17.7635302734391,27.1052221679712,39.0790600585972,60.9831640625036,69.3063232421875,66.0972705078125,75.5605810546875,62.8078369140643,58.5108056640591,61.7865039062463,38.328073730471,27.6793896484383,43.7504833984337,-0.650038452148381
"6342",-1.79306976318375,5.2285589599614,3.06792297363309,6.72186462402404,5.30811096191454,10.3594946289072,17.858558349611,27.2228222656274,38.0976269531284,59.6947070312535,68.21490234375,65.225927734375,74.4282568359375,60.3520214843767,56.8243066406217,60.1362451171839,37.7770825195335,26.2773828125008,43.2169628906212,-0.7859933471679
"6343",-1.99746643066424,5.08388519287155,3.08411376953153,6.88418884277405,5.20291381835984,9.87650146484463,18.1947241210954,26.5580664062524,37.7525805664096,59.8017968750035,68.6739453125,66.122158203125,74.927978515625,60.2389306640642,55.4488964843718,58.970864257809,36.1167187500022,25.921604003907,43.1611669921837,-0.740568618774349
"6344",-2.10453308105487,4.96493194580122,2.97311523437526,6.72955627441466,5.09925720214889,9.25104125976645,16.871166992189,25.3412060546898,36.7120507812533,57.9468212890659,67.3541455078125,66.110595703125,74.893984375,59.8154394531267,57.3280029296842,60.6562109374964,36.8804003906272,25.3106835937507,44.3419433593711,-1.99697906494123
"6345",-2.12066986084003,4.80787231445355,3.0198855590823,6.39620422363338,4.09864318847693,7.51450988769598,16.2732556152358,24.1084912109397,36.4402880859408,57.1752050781284,66.8711572265625,65.101435546875,74.3984423828125,58.0429101562517,54.1739453124968,57.7919824218716,34.6595947265646,22.8572949218757,42.7253124999963,-1.53971206665026
"6346",-2.25923370361348,4.75417907714886,2.76562988281275,6.262470092774,3.81613311767612,7.06667846679751,15.9303015136733,23.4640698242208,36.6935888671908,56.0607324218783,65.8639599609375,64.76392578125,73.45900390625,57.3026660156267,55.3776025390593,58.9457519531215,34.4600366210958,24.2564062500007,42.9472558593713,-1.60406112670884
"6347",-2.21824645996114,4.95643280029341,3.03909851074246,6.69494323730528,4.56652038574259,7.62022827148505,17.3433398437515,24.7182324218772,38.6731079101597,59.405590820316,67.9364208984375,69.094951171875,76.442021484375,59.3844824218767,57.9900732421841,60.1287011718714,36.4030078125022,24.9070776367195,43.7328808593712,-2.66254974365211
"6348",-2.45274017334006,4.91954132080122,3.11223144531278,6.64745056152403,4.48351379394571,7.07241760253969,17.1702612304703,24.0892480468771,37.9725317382846,57.7863574218784,66.779658203125,66.878828125,75.4175439453125,58.2295410156267,54.0177929687468,57.4093847656216,34.193974609377,25.2898315429695,42.9944091796837,-1.49291763305651
"6349",-2.28255233764669,5.0014135742192,2.95795867919948,6.42919677734432,4.71973236084026,6.48665832519589,15.9950219726577,23.8538623046896,37.8541943359409,56.2359814453158,64.710478515625,63.260986328125,72.740009765625,55.5579345703141,49.9847802734346,55.1200341796842,32.7117651367207,24.224221191407,40.9743945312464,-1.20505241394032
"6350",-2.30446380615255,5.01259948730513,2.86705444335963,6.62705444335997,4.58536376953166,6.71690612793029,16.736430664064,24.8811523437522,39.7200585937535,58.7219433593785,67.1989013671875,64.8269775390625,74.146083984375,56.5767285156266,48.7230468749972,54.2038867187468,33.4605908203145,25.4794140625007,41.3066601562464,-0.841941375732348
"6351",-2.19651443481465,4.88394409179731,2.73775878906274,6.35151245117244,4.43711853027383,6.73596557617248,16.3096997070327,24.4102563476584,38.6417919921909,57.1132128906284,66.556845703125,64.19099609375,75.02759765625,57.7565917968767,52.027841796872,57.1694482421841,35.4550268554709,25.9832910156258,42.6801220703088,-1.05061126708975
"6352",-2.27474014282247,4.75466552734417,2.68679687500024,6.22454223632868,4.80205993652387,6.69551940918029,15.6353112792983,22.774287109377,37.5911083984409,54.2897949218782,64.76673828125,60.7081298828125,72.3240869140625,54.7631738281266,49.9466601562471,55.9110351562467,35.4614111328146,26.1099389648445,40.8076635742152,-1.18215202331533
"6353",-2.15824172973652,4.81332489013715,2.87278594970729,6.69921203613341,5.27924255371141,7.4544573974616,16.5829907226577,24.853386230471,39.6337792968785,58.306831054691,68.884306640625,66.61294921875,78.613544921875,61.8084472656268,59.9715039062465,64.7379199218712,43.1147021484401,30.8013452148447,47.6158691406208,-1.2321646118163
"6354",-2.12712036132831,4.7261770629887,3.11306427001981,6.94872314453187,5.42682189941455,7.6205334472663,16.5091284179702,24.2372094726584,39.201635742191,54.9647070312532,66.557158203125,63.2013671875,76.018564453125,58.3355078125017,58.5152539062466,64.5313867187462,43.8902685546901,30.6549267578134,47.1426562499959,-1.5597991943358
"6355",-2.21549911499043,4.69205505371136,3.0866564941409,6.9664147949225,5.21403991699265,7.65546508789131,17.9191210937516,25.2313330078148,41.0942041015662,59.240834960941,69.7536865234375,68.2331640625,80.6369677734375,63.0419873046893,66.1481689453086,70.6550048828083,50.724130859378,35.207929687501,51.210209960933,-1.70840118408188
"6356",-2.17314361572285,4.85042663574262,2.96384643554714,7.31386535644597,5.69436035156301,8.42916015625075,18.6935888671892,26.1816064453148,42.7828906250038,60.6634960937536,70.6772509765625,69.750927734375,81.5426416015625,63.5346826171893,67.1271191406211,71.2003027343708,51.7972460937531,35.7574658203135,52.4587744140579,-1.23462677001942
"6357",-2.18989807128926,4.96044372558638,3.16098693847684,7.83481079101632,6.35331298828182,9.3688336181649,20.4803027343768,27.713715820315,43.8477246093789,61.2577832031286,71.38783203125,69.967939453125,81.2957421875,63.4970703125018,68.3047412109335,72.1681445312457,52.4732617187531,36.7029541015636,53.6273925781203,-1.2227375793456
"6358",-2.07361724853534,4.8926617431645,3.03275848388699,7.8343359375007,6.49455139160214,9.09456848144612,19.7518066406268,28.392680664065,43.8438720703164,63.1150781250037,72.6959423828125,70.9273583984375,82.85666015625,64.7610058593769,68.5784326171835,72.2738037109332,53.5284619140657,35.3728564453135,53.2098681640579,-1.09726341247549
"6359",-2.07228012084979,4.79263366699262,2.73850036621118,7.62313293457099,6.03385009765679,8.78857299804766,18.3586621093766,27.3667651367212,42.8726025390663,62.4082373046912,72.4023095703125,71.6188671875,83.091484375,65.1420800781269,70.3404541015584,73.9842089843706,55.8807470703158,35.287167968751,53.6039746093703,-1.54822662353502
"6360",-2.08277343750019,4.86061706543012,2.80048919677759,7.50653564453192,5.81944213867239,8.45141113281325,17.1922949218765,27.8776586914087,41.5152636718787,61.3600585937536,71.486064453125,69.6572998046875,82.275576171875,63.4924902343768,64.7089941406212,68.5397314453084,49.367734375003,32.5298437500009,50.4574462890581,-1.30160964965809
"6361",-2.06335021972675,4.81526702880902,2.87283355712916,7.91921203613352,6.62309814453184,9.02392150878987,17.8774072265641,29.5509765625026,43.6907324218789,65.1980957031289,74.4257861328125,74.049345703125,86.60626953125,67.686699218752,72.1448095703083,74.7374072265581,56.0081347656283,36.1605761718761,54.2039550781203,-0.954916687011635
"6362",-2.05510116577167,4.77714843750043,2.9172698974612,7.89562255859445,6.60245483398496,8.28783691406324,17.4172045898453,29.3281689453151,43.3792675781289,63.6597412109413,74.46380859375,73.825234375,85.998818359375,66.5812255859394,69.5771191406209,72.0823242187457,55.0009521484408,35.037822265626,52.9701953124954,-1.36770187377918
"6363",-1.95636749267596,4.85724609375043,2.82265289306666,7.60734252929755,6.23848205566462,7.60177001953193,15.7073937988295,27.4631762695337,41.1605859375037,59.413500976566,70.3709765625,67.75099609375,81.6376513671875,61.8961035156268,65.6897753906212,69.2843212890584,51.1303759765656,33.4988940429697,48.3767382812458,-1.74228485107407
"6364",-2.03325057983417,4.73217071533245,2.78115051269556,7.21854858398502,5.38120605468798,6.52380432128964,15.1999145507826,26.3412231445336,39.9489721679723,57.3187939453159,70.79556640625,68.331064453125,82.73458984375,63.4743652343768,66.4020605468711,70.3194482421833,50.592734375003,33.0653076171885,47.8800195312458,-1.69513397216782
"6365",-1.85888015747087,4.9877139282231,3.00760437011746,7.85854736328195,6.1765942382818,7.22366333007877,15.4994238281264,27.0470166015649,39.3577636718785,56.6519042968784,70.9479833984375,68.366884765625,82.09359375,62.7354980468768,65.2531249999962,69.6902050781209,50.387919921878,33.0081176757822,47.1143896484334,-1.76117172241196
"6366",-1.93764953613299,4.91092895507856,3.02969879150418,8.01547973632884,6.43478271484432,7.16904968261783,16.1021557617202,28.07313964844,41.3708593750037,58.6943261718785,72.5421484375,69.821708984375,82.9999609375,64.0823681640644,66.0404492187461,70.8687011718708,52.2748095703156,35.053935546876,48.3402978515583,-1.89985931396468
"6367",-1.94866744995135,4.78472991943402,3.03727874755887,7.88330200195383,6.44486816406307,7.18910339355533,16.0358264160171,27.8837207031275,41.3597656250037,60.3254980468786,73.760048828125,72.5230859375,85.16720703125,66.8048876953144,70.4735498046834,74.4215429687456,56.7893408203159,35.549160156251,49.0266015624957,-1.96231246948225
"6368",-2.03620208740253,4.74128723144574,2.9979730224612,7.59492919921943,6.7024755859381,7.47561767578192,16.4983386230483,28.7171997070338,41.5362792968787,59.410463867191,74.139228515625,71.040400390625,83.94505859375,65.9513964843769,68.7543603515585,73.3601074218707,55.1024658203158,35.5297021484385,47.8219677734333,-2.0541003417967
"6369",-2.26618682861348,4.85615539550825,2.97502990722683,7.96520385742259,6.75616271972716,7.78382995605538,15.807027587892,27.4275000000024,37.6808789062534,54.1187744140657,70.2092236328125,65.79474609375,79.708427734375,61.4631591796893,61.6868261718714,66.5845507812461,47.9517236328154,31.3823681640634,43.4240966796837,-2.18495407104473
"6370",-2.02292236328143,4.98893493652388,2.98131958007839,8.33345336914137,7.0336511230475,7.54445556640692,15.5116040039076,26.7746508789086,38.0719799804722,57.4215429687534,72.7477099609375,70.2123681640625,82.6705078125,65.0282666015644,64.6666748046837,69.8660986328084,49.8234423828155,33.7441772460947,44.6916015624961,-1.37428970336902
"6371",-2.10052261352558,5.13939270019577,3.32609466552764,8.4984124755867,7.2460034179694,7.85128234863351,15.8662792968764,26.4796679687524,36.671608886722,55.4930664062533,70.6077685546875,66.328447265625,78.5170361328125,60.7394140625018,56.9039501953092,62.7001269531213,43.8731201171901,31.2516894531259,40.5809936523402,-1.20557579040517
"6372",-2.13686462402363,5.03525085449264,3.22424835205107,8.44652954101638,6.94124694824281,7.29509887695378,15.4315466308608,26.6095507812524,36.4815673828158,55.0639648437533,70.0090625,66.379365234375,78.21958984375,60.6231054687518,55.9306103515592,61.8086328124963,42.8936767578151,30.0740576171884,40.4747167968715,-1.24913833618153
"6373",-2.22419723510762,4.8974273681645,3.02872436523465,8.06202514648509,6.44399902343807,6.6045245361334,15.8013696289077,26.8737719726586,37.1323535156283,53.6794726562532,69.837197265625,64.5355029296875,74.96533203125,55.8917333984391,45.1932226562474,54.0937255859343,39.0155590820336,28.1892065429696,36.3312353515593,-1.14544464111318
"6374",-2.20643844604512,4.7943234252934,2.78676727294947,7.51834289550848,5.17723327636765,5.78242553710989,14.7304077148451,25.4765551757835,37.3857177734408,55.5548535156283,71.41630859375,68.33080078125,77.419560546875,59.0867480468767,44.1738623046849,52.1505859374969,36.6714746093772,26.888303222657,35.8626904296844,-0.640465011596624
"6375",-2.31472396850607,4.80814453125043,3.05491302490262,8.04719604492259,5.71722534179739,6.82069763183655,15.2237304687514,25.4036230468773,37.6642309570346,54.0060839843782,70.3588818359375,67.7809716796875,76.658994140625,59.7909277343767,53.9257080078093,60.7619042968714,41.8957714843775,29.7068261718759,39.3998583984341,-1.46253662109362
"6376",-2.34874053955099,4.59546630859416,3.0715393066409,7.82375061035226,5.74768920898489,7.51170715332098,16.1417529296889,27.0524951171899,40.1214526367223,58.9822558593785,74.07810546875,75.039130859375,82.096689453125,65.8021972656269,61.6802392578089,66.5488867187461,45.5382275390652,32.2728417968759,43.9830371093712,-1.32074264526356
"6377",-2.25486999511739,4.5205859375004,3.06634307861356,7.90669067382883,5.77670349121145,8.75511962890703,15.1513574218764,26.2481933593773,38.825434570316,53.5972314453157,69.236337890625,66.317861328125,74.1072314453125,58.1457128906267,49.7516503906221,57.8661523437466,39.7680639648461,29.5195703125009,39.1041137695278,-1.58256072998033
"6378",-2.43464569091819,4.26308654785194,3.03834533691433,7.67983154296944,5.30868530273485,9.37667663574302,15.1898547363295,27.7358886718775,41.0677490234412,59.1695117187535,73.1134423828125,72.9934521484375,78.953291015625,63.9112207031269,57.5526611328091,63.3496386718712,44.2545507812526,31.8113964843759,42.1842626953088,-1.73332870483383
"6379",-2.27723159790059,4.21876281738319,3.08814270019559,7.71154541015694,4.98231597900435,9.59347412109461,13.7239111328137,26.1969848632836,38.1420996093784,53.6930273437532,67.370419921875,63.05890625,73.12712890625,57.3304345703142,49.3573193359346,58.0938427734341,40.0772119140649,27.9796630859383,39.2145776367153,-1.84054031372054
"6380",-2.1764973449709,4.2299035644535,3.19642517089872,7.63238159179755,4.67482177734417,9.41807495117271,13.7958715820325,26.6555126953149,38.8669824218785,58.8290625000035,71.160029296875,69.36173828125,78.928271484375,63.2802929687518,60.4068652343715,66.4141357421836,46.3258935546903,30.6660668945322,44.1690869140586,-1.99183914184553
"6381",-2.1903173828127,4.27884948730507,3.31294891357452,8.23266479492261,5.18904357910203,10.7909619140635,13.6034423828137,27.0281689453149,38.4519580078159,58.3081445312535,69.42205078125,66.0598583984375,77.16279296875,60.4829248046893,58.4218554687466,64.9645996093711,45.9505029296902,30.9775439453134,43.2080322265587,-2.09369796752911
"6382",-2.13648132324238,4.07337280273474,3.47720336914093,7.85582641601633,5.28506774902391,10.8144775390635,15.8848522949233,29.1144604492213,42.4025878906288,62.3387500000037,72.678876953125,69.5641796875,81.0437060546875,63.5098583984393,61.4777587890589,67.337089843746,49.0457373046904,33.805966796876,46.6244580078084,-2.13875335693341
"6383",-2.25462112426778,3.98359741210973,3.50704589843781,8.00520874023509,5.21669189453172,11.1155871582041,16.9097937011734,29.9687158203152,42.6756250000038,64.1027539062538,73.79404296875,72.7665283203125,83.655986328125,66.4701806640644,65.0343164062462,69.2261474609334,51.0444775390656,35.9975756835948,48.4731640624958,-2.0912861633299
"6384",-2.08194000244159,3.95846557617223,3.62199066162142,8.26924743652418,6.15953308105524,11.0393420410166,17.8660156250016,30.568811035159,45.258613281254,67.339042968754,75.3457421875,74.0527978515625,85.3622265625,67.767802734377,65.6869873046837,69.6395214843709,51.3028271484406,37.3166650390636,50.5924414062456,-2.20141250610332
"6385",-2.16415100097676,3.90382263183629,3.46385498046906,7.80657287597726,5.30080505371141,8.64730651855546,18.0631103515641,30.6128710937527,46.7038867187542,69.2434033203166,76.7791650390625,77.23083984375,87.55345703125,70.667265625002,72.0297363281208,75.4633203124955,58.6643652343785,39.2704541015637,55.2630908203077,-2.12198577880841
"6386",-2.09308074951191,3.92094238281285,3.58941711425813,7.95612365722727,5.69810913085988,8.49348449707107,17.5958959960953,28.557563476565,44.5866357421915,67.242402343754,73.88509765625,74.3512353515625,84.720419921875,67.964980468752,69.5970751953084,73.4775976562456,53.8732275390657,36.3046728515636,53.0110986328079,-2.09563491821271
"6387",-2.0229016113283,3.91622985839879,3.8118316650394,8.69001831054765,6.76082641601623,9.94430358886807,20.013781738283,29.0370166015651,45.7829833984416,67.2872216796915,73.991611328125,73.333671875,84.3166015625,66.8744824218769,64.6270312499962,68.6245654296834,52.5017431640656,35.772402343751,51.9687109374955,-1.90877441406233
"6388",-2.08145690917987,3.94556976318394,3.97664367675817,8.83889160156329,6.35917358398494,10.0757226562509,20.6131030273456,29.3400878906276,46.6269287109417,69.4955273437541,74.9290478515625,72.862021484375,84.638662109375,66.9015917968769,60.3518945312465,65.4061669921836,46.6086083984403,36.0645776367198,48.1173291015583,-1.39729827880847
"6389",-2.09384216308612,3.8336724853519,3.98255187988317,9.16888549804769,7.69468872070381,10.0796801757821,22.4484814453145,30.1293164062527,48.3372070312543,70.5240039062542,75.08642578125,74.454501953125,85.468837890625,67.392724609377,63.7357177734338,67.3948681640585,51.5185449218781,38.6992675781261,51.368159179683,-2.42944976806619
"6390",-2.05313430786151,4.02718627929723,3.63580871582064,8.00854858398509,6.17193298339899,8.19043212890698,18.7951586914079,26.7288964843774,42.9998974609413,66.4789892578164,72.257421875,73.40041015625,84.142421875,67.579306640627,67.6759326171835,71.4512744140583,54.3261083984407,37.1990722656261,52.4663769531204,-2.12881118774395
"6391",-2.07520080566425,3.95143096923863,3.41105438232452,7.720994262696,5.56597045898487,7.33326049804753,16.9405236816421,24.0826098632834,40.4899682617224,63.1145800781287,68.794560546875,68.396240234375,79.9243701171875,63.2696972656268,61.2084765624964,66.3685253906211,48.5774414062529,33.760400390626,47.8977441406208,-2.73562530517554
"6392",-2.14368728637715,3.96936462402379,3.32909790039092,7.48119140625067,5.65725646972707,7.49401672363348,17.9566113281266,25.5749755859398,40.9109619140661,64.3493652343788,70.323466796875,68.4560546875,80.484609375,63.2333691406268,58.2645800781216,64.4205957031212,45.3312304687527,33.5743383789072,45.9357275390585,-2.12499389648419
"6393",-2.05482437133807,4.15212097168006,3.50513244628937,7.66119262695381,5.60739440918019,7.32746398925847,17.7152587890641,25.064997558596,39.681127929691,62.9867138671912,68.766640625,67.1597021484375,78.843505859375,61.4227929687518,58.2918847656216,63.9772460937462,43.8892773437526,32.0300585937509,42.2858203124963,-2.25121887207012
"6394",-1.99351318359393,4.25710723876991,3.34240600585967,7.79791564941476,5.18552001953171,7.35649902343816,18.3024755859391,25.8850195312523,41.2872705078162,66.1348095703164,71.99228515625,72.1385546875,81.5103857421875,65.1896777343769,63.1166308593713,66.852304687496,47.6347412109403,34.5625732421885,44.6047216796836,-1.96753585815412
"6395",-2.05595169067401,4.28896545410194,3.29782287597686,7.8334570312507,6.37088195800838,8.26776855468824,19.9022558593768,27.5871289062525,42.2374853515663,67.749267578129,72.2768310546875,72.058486328125,81.5078125,65.5157861328144,64.7037988281212,68.9906347656209,50.4587939453155,35.4428295898448,45.5926611328085,-2.49433425903299
"6396",-1.88201904296892,4.09342590332068,3.35077087402374,8.04602783203197,6.33864990234432,8.64791748046952,20.1872729492205,27.1509521484399,41.5209326171912,65.6317187500039,70.3287109375,70.67748046875,78.903720703125,63.0102197265643,64.1123144531212,68.9007910156209,48.8039257812529,34.148798828126,44.2118066406211,-2.18969451904278
"6397",-2.14769805908222,4.10275848388708,3.3410595703128,8.0344744873054,5.85981018066459,9.00465270996174,20.9500708007831,27.3927416992212,42.8004199218788,68.224267578129,71.508076171875,71.6871923828125,78.99056640625,63.6406787109393,60.073579101559,64.3836230468712,45.6942773437527,33.7801831054697,41.9111328124963,-2.2195590209959
"6398",-1.90332290649431,3.96688842773473,3.43308715820343,7.98448608398509,5.42987182617236,8.87298950195392,19.9558459472674,26.6874169921899,42.8439941406288,68.5026806640666,71.342705078125,72.468515625,79.37861328125,65.0207470703144,63.0440380859338,66.2261279296836,47.2352148437528,34.5895068359385,41.9320458984338,-1.96668304443342
"6399",-2.18874908447285,3.61244262695345,2.9617230224612,7.45049011230535,4.31219909668007,8.56869323730545,19.5683544921892,26.6514843750024,41.6949804687537,66.701923828129,70.959375,72.350390625,79.91912109375,64.4744238281269,59.377553710934,63.4767480468712,43.6509277343776,32.1122949218759,40.5708081054652,-2.10154830932599
"6400",-2.20304122924824,3.65527465820345,3.36313232421905,8.04169067382884,4.33000244140664,9.5477221679696,19.7644384765643,27.1525708007837,40.7093627929724,66.0372802734414,69.672119140625,68.819326171875,76.9434619140625,62.7619726562518,55.3414355468718,60.9425683593714,42.7126318359401,31.4882421875009,39.5694213867153,-2.32514434814433
"6401",-2.13280944824238,3.6784054565433,3.55063537597688,8.2139654541023,3.91272155761754,9.44032409668053,19.0839428710955,27.1197485351587,40.9791503906287,65.6981689453164,69.59607421875,67.056240234375,76.50037109375,62.2672705078143,54.6449999999968,60.2540478515589,41.3985937500025,31.4791528320322,38.3210302734342,-2.03595382690412
"6402",-2.23452529907247,3.93481231689488,3.64199432373079,8.28009704589918,4.30889556884804,9.68358459472743,19.1184570312517,27.746274414065,40.7848193359411,67.7215966796915,70.7142626953125,67.2827880859375,76.274013671875,61.0093164062518,46.2044873046848,52.5790380859344,36.8929687500022,29.2237622070321,34.5236840820282,-1.74849914550766
"6403",-2.01312622070331,3.93099060058629,3.66733856201205,7.88537353515695,3.68830047607455,8.81376220703204,17.9457666015641,27.3459179687524,40.8779980468787,67.404609375004,72.244736328125,68.393017578125,78.922333984375,64.1726953125019,45.4974023437473,54.3620312499968,36.9109594726585,29.8515966796884,35.5347265624969,-1.21034118652333
"6404",-2.25654891967794,3.92145141601597,3.68629699707064,7.63426696777412,2.93290344238307,8.28370300293043,17.2597534179703,28.445532226565,41.5219531250037,65.7099902343789,72.0537890625,68.1847265625,79.545498046875,65.0841113281269,51.1593017578095,56.6131787109341,38.4120434570335,31.1986376953134,36.7328002929655,-1.94208251953108
"6405",-2.10959442138691,3.85260009765659,3.68946563720736,7.48869262695379,3.32253723144561,7.80475708007882,16.3276733398452,29.0742626953151,42.7139501953163,65.4989892578164,72.222177734375,70.2587255859375,81.1250927734375,67.361474609377,59.3687597656215,63.3658789062462,42.430903320315,33.8923779296885,41.3625244140589,-1.86156326293929
"6406",-2.12255447387714,3.96485015869176,3.61198089599642,7.37397460937566,3.75006958007846,7.52549072265692,16.0560900878921,29.8313403320339,40.7938964843786,64.2947851562538,71.10201171875,68.8392431640625,80.900029296875,65.9280078125019,56.2462695312467,60.5083056640589,41.138188476565,32.890478515626,39.3005688476528,-1.75656616210922
"6407",-2.0221742248537,3.87167510986363,3.5289227294925,7.13459960937564,2.64437957763695,6.98969238281312,15.1601123046889,29.4271289062526,39.426450195316,62.1350488281287,68.425087890625,64.48240234375,77.2704345703125,62.9545947265643,56.8692285156217,60.6458398437464,40.7921044921899,31.3951684570322,39.5330737304653,-2.62497009277321
"6408",-1.84676437377946,3.82114410400425,3.57471313476594,7.11835754394595,2.73106719970728,5.5160919189458,14.8847290039076,28.1247460937525,36.7032617187533,61.1909130859411,69.517216796875,68.956865234375,76.0953466796875,62.9758007812518,58.0191748046841,61.4941308593713,40.8437939453149,28.8390917968758,40.1141284179652,-1.91083160400374
"6419",-1.08561294555674,5.52304138183643,2.37095657348654,7.4825042724616,5.61722595214894,8.06369018554759,17.3204895019547,24.0686425781271,37.7411840820346,57.5493896484409,64.395703125,62.9066552734375,69.8262744140625,57.3721923828142,51.2737158203095,54.6596874999968,31.9737500000019,31.7633227539072,42.7196386718713,0.291275615692113
"6420",-1.28074676513683,5.53305664062549,2.35888916015646,7.42066284179754,5.73898681640676,8.51703491211013,17.5900219726578,24.6044677734397,38.974477539066,59.4166015625035,66.348671875,65.8523046875,72.575673828125,60.2513183593767,54.7479199218718,57.1420019531216,33.8504272460958,31.5994970703134,44.2518945312461,0.095666007995597
"6421",-1.45259689331068,5.33428649902391,2.22200317382832,7.67849548339912,5.69192443847707,9.126637573243,19.074738769533,27.76431152344,42.6975341796913,65.2805859375039,70.981630859375,71.687607421875,78.3912060546875,65.9638720703144,62.5123681640588,63.4016308593712,38.176267089846,33.1613159179697,49.0687207031207,-0.067673563957208
"6422",-1.41919265747083,5.32711608886766,2.2683757019045,7.54827514648505,5.71603393554738,9.35600708007896,18.7256311035173,27.77296386719,42.8251513671913,66.5197802734414,72.4032080078125,72.9862109375,79.4231005859375,67.1326855468769,65.4299414062462,65.4277783203086,40.5353491210962,33.9545385742197,50.5193798828081,-0.099580698013297
"6423",-1.47352905273451,5.37557434082079,2.21782424926778,7.44661926269598,5.99456054687553,9.78241638183681,18.695882568361,29.4717578125026,44.8211669921915,68.9475195312541,73.853896484375,75.5762451171875,82.137333984375,69.420400390627,68.838222656246,68.9623046874959,43.6886376953151,35.0984619140635,51.086684570308,-0.066656112670893
"6424",-1.38661956787122,5.50691284179737,2.27892303466817,7.4724603271491,6.16746765136774,10.1057189941415,19.0925463867205,30.4261303710965,45.6050830078166,69.7250292968791,74.899384765625,76.738212890625,83.537392578125,70.338984375002,70.3644677734334,70.3393359374958,44.4698828125027,36.2934423828136,52.6057421874954,-0.204624118804914
"6425",-1.36518157958997,5.50664672851612,2.41036361694357,7.38638671875066,6.04538208007866,9.8583166503915,17.2723706054703,28.5152832031275,43.2927978515664,67.890283203129,73.69048828125,75.162880859375,82.6594140625,69.835458984377,70.1553955078084,69.9830078124959,45.8695703125027,33.5762182617197,51.8051953124955,-0.276716403961157
"6426",-1.51312606811537,5.30794677734422,2.24945022583028,6.87109680175843,5.14695861816452,9.19525695800863,16.8724121093765,27.8162377929712,43.2507275390664,67.2735302734415,74.4271875,76.0638671875,84.26765625,71.0392187500021,72.0246191406208,72.2579101562457,45.8161914062527,33.680263671876,52.4483691406204,-0.452263526916464
"6427",-1.47539077758802,5.17326538085984,2.00442245483416,6.47884155273495,4.55971923828166,8.03724548339915,13.8844909667981,25.4646923828148,40.2480053710973,64.7426171875038,73.04572265625,74.3896533203125,83.6608984375,70.6352685546895,73.6192773437457,73.6929785156206,47.4070556640653,33.7225708007822,52.7895800781204,-0.321811332702609
"6428",-1.47508804321302,5.29366088867235,2.16761093139668,6.85158691406311,4.8807379150395,8.54961791992264,15.5904199218764,28.6752026367213,43.6563134765664,67.6786572265665,75.97798828125,77.73919921875,87.46009765625,74.1801513671897,78.0016699218704,78.5218798828079,52.8218310546907,37.9691601562511,56.5025488281201,-0.183214912414535
"6429",-1.50392227172865,5.35037841796923,2.45588378906272,7.25119567871158,5.41410156250048,9.58131286621179,16.8165039062515,29.5545922851589,44.1182128906289,67.419882812504,75.4790283203125,76.062978515625,86.22796875,72.5420898437521,74.2756542968707,73.9963916015581,49.8419482421905,36.6571875000011,54.3122363281203,0.057228384017939
"6430",-1.61504211425796,5.05450408935592,2.03076782226581,6.27514038085994,4.43000579834024,6.99135742187562,12.818338623048,24.4334130859397,39.471137695316,61.7978417968787,71.839482421875,73.800947265625,84.74998046875,71.7743994140646,77.0142578124955,77.3804736328079,53.5612255859407,33.2247436523447,54.6408886718702,0.197886466979963
"6431",-1.62767501831069,4.99495422363326,2.24915908813497,6.68005554199278,4.46709197998087,7.75820251464913,14.6999108886732,26.0242626953148,41.7482470703162,64.5849365234413,74.7156591796875,77.16009765625,87.38046875,74.6473925781272,79.7020410156203,80.2273681640578,56.6404589843784,36.7472998046886,56.0323339843701,-0.169024696350083
"6432",-1.68756988525406,4.85586059570356,2.00799484252948,6.23742492675837,3.62147125244173,6.31554199218806,12.2755126953136,24.8492431640647,39.4564453125035,62.4938330078162,73.0860546875,76.1743994140625,86.54630859375,73.7039355468771,78.3426757812454,78.8297363281203,51.9128955078156,34.003701171876,54.2696679687453,-0.113757448196401
"6433",-1.69900161743179,4.84391784668012,2.30779556274435,6.54569091796933,4.28164916992226,6.5381427001959,12.7103100585949,25.278552246096,40.3929394531286,62.3385009765662,73.307138671875,75.28009765625,85.38044921875,71.9627343750021,73.5059033203082,73.5460449218706,45.5751611328152,33.340029296876,50.0230664062456,0.400752105712856
"6434",-1.51965469360365,5.00945495605513,2.58708343505883,6.86988525390686,5.04667297363326,7.35657897949284,13.4876843261731,26.4440209960961,41.8954248046912,63.6382031250038,74.38490234375,75.499638671875,85.45861328125,70.8841845703146,68.460556640621,67.387353515621,37.4104785156272,32.7577783203135,46.9771874999959,0.779476165771416
"6435",-1.34085510253918,4.98297637939498,2.67496704101586,6.6970361328131,5.4795831298833,7.55238159179755,13.2339599609387,26.1568652343773,42.7037988281288,62.6322021484412,74.90662109375,76.5190869140625,86.832294921875,72.2801757812521,74.4774999999956,73.1527636718707,45.0439941406277,34.7482983398448,48.5224707031208,0.173190689086899
"6436",-1.4812699890138,4.74148132324261,2.35910186767599,6.30429321289119,4.69335601806683,6.45155517578182,13.035301513673,25.9408569335961,43.4170117187539,61.8057177734412,75.4844189453125,77.501689453125,88.619404296875,74.6752539062522,80.1267333984328,79.9802050781203,57.0985009765659,36.7746826171886,52.0889648437455,-0.584295387268015
"6437",-1.47367828369154,4.73323791503948,2.51646545410179,6.26341064453181,4.51533294677775,6.64591918945372,12.7023937988293,26.2462646484398,44.0501171875039,61.4927343750036,75.6317041015625,77.1012255859375,88.28125,74.4749267578147,81.0067480468703,82.0918457031201,63.4432617187538,37.3905908203136,53.5992675781203,-1.48584838867175
"6438",-1.54683364868178,4.76495452880902,2.66841308593774,6.38454528808651,4.89046203613325,6.47391967773495,12.3374536132824,25.7874121093773,43.5322363281289,61.2759472656286,76.5607666015625,78.175107421875,89.8848828125,76.1913574218772,82.4947265624952,84.269570312495,65.3630078125039,38.4336767578136,55.0414501953077,-1.5626541137694
"6439",-1.4216084289552,4.81135864257855,2.61804870605492,6.331015014649,4.61533447265666,6.39237548828182,12.4688330078136,26.5851220703149,45.300683593754,63.5039257812538,78.7819140625,81.0270263671875,92.941923828125,79.3456738281273,86.4015234374949,88.2025488281198,65.1794677734414,40.3368408203137,55.2374902343702,-0.744200286865169
"6440",-1.35627441406262,4.95078918457075,2.85471557617213,6.55591430664121,5.09629180908249,6.86479980468811,13.4368713378918,26.8441601562524,45.297656250004,61.2898730468786,77.29380859375,78.22263671875,89.154130859375,75.3123437500022,77.2427929687455,77.3683593749954,48.7271484375029,34.660810546876,49.2411230468707,-0.004269104003906
"6441",-1.22563796997081,5.18070495605515,2.91290771484401,7.12597290039126,5.77454101562552,7.78523132324288,13.9385461425794,27.9922875976587,46.4773242187541,61.2279541015661,77.514521484375,77.8326220703125,89.20154296875,75.0265087890647,77.280141601558,78.9769580078078,49.6370849609405,35.3997387695323,51.233559570308,0.25216899871824
"6442",-1.40112075805677,5.11683410644577,2.9615603637698,7.33050842285222,6.07989379882867,7.55750976562567,14.8414184570326,28.018442382815,47.5638769531292,61.2097656250036,76.889970703125,76.3354345703125,88.65146484375,73.6461718750021,76.5249804687455,78.3499072265578,51.6027148437531,35.894794921876,51.518354492183,0.342082138061494
"6443",-1.35421173095715,5.32548339843798,2.91528442382839,7.35868774414128,5.618959960938,6.84066223144592,14.6341479492201,27.5013549804712,46.6650000000042,59.9186328125036,76.011982421875,74.3585302734375,87.18640625,71.6139111328146,71.5312451171833,75.0227099609331,48.2423681640654,32.5949877929697,47.5299902343708,0.057442913055415
"6444",-1.31874511718762,5.58849304199268,3.12990600585965,7.97963256836009,6.58638671875059,8.13669677734448,16.0437341308608,28.222348632815,47.5690722656292,59.950463867191,74.822548828125,71.1313818359375,84.150009765625,67.283701171877,64.5847509765587,68.4470458984334,44.2260791015651,32.6876538085947,43.4213769531212,0.283247795104956
"6445",-1.3657360839845,5.65866455078175,3.04192871093777,7.86174194336008,6.72452880859435,7.86421508789133,15.7870556640639,27.7089477539087,46.3467626953166,61.2161474609411,76.92802734375,75.0709765625,87.3093359375,72.1914062500021,70.8383105468709,74.0451269531206,43.6338867187526,32.0922680664072,46.0424755859335,0.897882461547773
"6446",-1.32754882812512,5.68461914062551,3.02228515625027,8.09343994140697,7.01405578613344,8.5516497802742,16.6465893554702,27.7551538085962,44.839580078129,59.3248046875035,75.16716796875,72.58431640625,83.63595703125,69.237988281252,65.1437109374962,68.7932666015584,41.6756054687525,31.4071386718759,44.1306591796836,1.09341857910147
"6447",-1.35713302612317,5.59682067871144,3.14763488769559,7.94312561035227,7.71422851562569,9.15668884277425,17.5198828125016,27.5969335937525,43.0196533203163,56.5557812500034,73.008974609375,69.49794921875,81.484931640625,67.4428857421895,65.5216943359337,69.2587499999959,43.2053906250026,31.9191552734384,44.5559912109336,0.349927520751923
"6448",-1.44047760009779,5.68693603515676,3.16124877929716,7.695711059571,7.08984924316469,9.24795410156332,17.6278930664078,27.8227026367212,42.4537988281288,56.5676074218783,72.90634765625,68.0819970703125,79.3445849609375,65.0282226562519,60.6370019531215,66.2519873046836,41.3387988281275,29.7030346679696,42.6591503906213,0.26882322311399
"6449",-1.58796081542983,5.53813964843799,3.19037200927763,7.34792175293034,7.93174072265696,11.0440063476572,20.3591748046893,29.2500390625026,43.0207763671913,58.7804492187535,73.372236328125,68.950205078125,80.4877685546875,65.3436914062519,62.9140820312463,66.5717626953086,42.9995019531276,31.0376733398447,46.149980468746,-0.387755889892544
"6450",-1.63343353271499,5.23420043945359,3.09877105712918,7.07227233886782,6.93720458984437,10.2648864746103,19.0708300781267,27.0897338867212,38.0834130859409,53.0498730468781,69.698203125,64.2166015625,77.6594287109375,62.5307763671893,56.6294189453092,61.4174511718714,37.6474365234398,27.2440576171883,42.0897607421838,-0.490627174377399
"6451",-1.62829727172866,5.49667602539112,3.37419067382843,7.3336303710944,6.93697265625062,10.6833923339853,18.4628271484391,26.2895214843773,37.4380761718783,53.7723974609407,69.3758154296875,64.202822265625,76.3777490234375,61.8566650390643,59.5881249999965,65.3119433593711,39.3553027343774,28.0605004882821,43.9190673828087,-0.875998153686447
"6452",-1.57830780029311,5.56889526367237,3.40404113769562,7.35937072753972,6.51464111328183,11.0227709960947,19.0724194335955,26.4193041992211,36.5845556640658,52.0018164062531,67.748212890625,62.3783984375,74.710380859375,60.3110644531267,58.2535449218716,62.8188476562463,38.4352978515648,27.8041503906258,43.9465917968712,-0.994557800292882
"6453",-1.59311080932631,5.49222839355518,3.19244903564482,7.33165405273503,5.60300720214894,10.5512402343759,17.9445410156266,25.0296630859397,36.366931152347,53.3263867187532,66.5923828125,62.2060302734375,73.32169921875,58.5064160156267,55.8846484374967,61.0445703124964,37.2302490234397,25.8203417968758,42.9880468749962,-1.15667541503896
"6454",-1.69268005371109,5.26130554199266,3.24724090576201,7.10981201171938,5.3779309082036,9.69847900390712,18.2090881347672,25.1032666015647,35.3878686523469,54.1681591796907,66.928583984375,62.550888671875,73.7671826171875,57.6990039062517,52.2743847656219,57.9027929687466,33.6961669921895,25.3742578125007,42.5040624999963,-1.09558151245108
"6455",-1.69922729492203,5.2809973144536,3.48379882812531,7.02645751953188,5.33131225585985,8.7297912597664,17.0186120605484,24.0451806640646,34.1929199218781,52.6685986328156,65.666630859375,63.7964111328125,73.6112109375,57.0497021484392,53.5658398437469,58.5449414062465,34.0321240234395,24.521037597657,43.3007421874962,-2.1754835510252
"6456",-1.88603942871111,5.03995422363326,3.21723632812529,7.24670715332096,5.28372436523485,7.85464904785226,17.5397241210953,23.9547753906271,35.0534667968781,53.7218261718782,66.2565576171875,63.71607421875,74.4776171875,57.6037988281267,57.3120410156216,61.1180615234339,36.2412255859397,25.7329956054695,44.5635302734336,-1.80063827514633
"6457",-1.95129119873064,4.93745300293013,3.01133972167996,7.3867132568366,5.31739562988329,8.76539428711016,17.8354833984391,24.4090991210959,34.7188867187531,53.2355175781282,65.958720703125,63.4805859375,74.4172412109375,56.3437500000016,52.7944873046844,57.5015380859341,33.730302734377,26.5520874023445,42.5729638671838,-1.66641189575181
"6458",-1.96238265991228,5.02709777832076,3.24221710205107,7.15661804199283,5.38905944824267,7.57388061523505,17.4980981445328,23.6534106445334,35.8254345703157,54.6897753906282,66.927744140625,66.3507373046875,76.7067578125,58.5956445312517,58.2411865234341,61.0526464843714,35.6524560546896,26.3419702148445,43.7198046874962,-2.890832519531
"6459",-2.12146026611347,5.31898742675829,3.40031372070343,7.63474426269599,5.65312561035207,8.02338134765697,18.6928308105485,24.7574609375022,36.1164257812532,54.2131738281282,66.29935546875,61.8182421875,74.268203125,55.1665136718766,48.3487109374972,54.5779394531218,32.5402514648457,25.3154248046882,40.7880615234339,-1.19832885742177
"6460",-1.94928573608416,5.36561035156298,3.29003692626983,7.25323608398502,5.83467529296927,7.54377380371161,17.8705065917985,23.8616455078146,36.2146704101595,52.7587548828156,65.091240234375,60.1448876953125,73.9412646484375,55.6095996093766,51.0730517578095,57.5039355468716,32.2585742187519,25.1506933593757,41.1920410156214,-1.11628601074209
"6461",-1.96108673095721,5.1816497802739,3.09243377685574,6.8768914794928,4.72537597656292,6.19137084960993,17.0251623535171,23.6963476562521,37.5281689453158,53.1030908203156,65.1668994140625,59.9973681640625,74.41859375,55.4358105468766,52.3692187499969,58.2598437499965,32.7186767578145,25.855832519532,40.9426074218714,-1.19081771850575
"6462",-1.81958419799821,5.27866516113328,3.22915710449248,7.37153686523503,5.620190429688,6.90589782714906,18.4621643066423,25.6943286132835,39.8722680664098,55.4455859375033,66.727890625,62.291044921875,76.01263671875,57.4760546875017,55.3608398437468,61.4997460937463,38.6641723632836,28.1488525390633,44.7552587890586,-0.953458557128823
"6463",-1.80221206665055,5.16111083984421,3.23600341796904,7.54618469238348,5.8736608886724,6.89830200195374,17.4148828125016,24.2939575195334,39.9189062500036,55.8953613281283,68.347734375,65.9793359375,78.258349609375,59.8584863281267,60.2640527343715,64.8344531249962,39.2137231445336,30.0750732421884,46.8425292968709,-1.32655975341785
"6464",-1.94337753295916,5.12934387207077,3.18585144042997,7.67492675781318,6.38779174804745,8.06651855468822,17.9712280273454,25.7119238281273,40.8883203125036,56.7100634765659,69.991142578125,69.4777490234375,81.442041015625,62.5660253906268,64.0765136718713,68.160517578121,46.2233984375028,35.4986181640635,51.1329980468705,-1.77238067626938
"6465",-1.77648254394547,4.99099609375045,3.49141052246125,7.85902160644601,6.94401428222718,8.5628070068367,18.3225061035173,25.9502343750023,40.6790356445349,53.4705273437532,68.2935888671875,65.922998046875,79.696650390625,60.4896875000018,63.0702929687463,67.710097656246,47.7146679687529,34.2864990234385,49.5830517578082,-1.63071136474595
"6466",-1.99289947509783,4.93303436279341,3.14910430908231,7.55862670898505,6.26179748535212,7.52897644043036,16.9644909667984,23.8937597656271,37.5634277343784,49.957363281253,65.29533203125,61.0387939453125,76.1632373046875,56.3199169921891,58.1220166015591,63.9785498046837,42.6978906250026,30.7520385742197,45.8695947265585,-2.19242767333965
"6467",-1.96280731201189,4.97607360839888,3.36932983398468,8.03295532226634,6.40728271484432,8.74716369628984,18.8578405761736,26.0465014648461,42.0221142578162,57.3802636718784,70.350126953125,69.165673828125,81.37802734375,61.9391601562518,65.2811767578087,69.4744140624959,49.764091796878,37.9832763671886,50.7935449218706,-1.66214584350571
"6468",-1.92996307373064,5.06285461425826,3.31243530273467,8.12821533203197,6.38888671875057,8.55436584472733,18.3391552734391,25.623972167971,39.388315429691,54.7200732421907,69.561962890625,67.857626953125,79.90125,60.6309472656268,64.8719189453087,69.2516406249959,49.0683984375029,35.0252197265635,50.0809570312456,-1.60620742797837
"6469",-1.80850891113297,5.0603149414067,3.20840087890654,8.11454589843822,6.08264770507867,8.70818847656328,18.5065307617204,26.7026928710961,40.1632861328161,57.0198388671909,70.2552685546875,69.2082763671875,81.013974609375,61.6995849609393,66.2505908203086,70.5974804687458,50.826933593753,34.6921850585948,50.2009179687456,-1.62013229370103
"6470",-1.92973312377947,5.02989959716842,3.11470092773465,8.18847473144604,6.20220703125055,8.74780517578203,18.0383666992204,26.5176562500024,39.8820898437536,54.9741894531283,69.7228857421875,68.14728515625,80.3530517578125,61.6413964843768,66.4703710937461,70.3201464843708,50.9372412109405,34.1583544921885,50.1077148437456,-2.09090530395489
"6471",-1.89729095459001,5.05953460693405,3.16937988281278,8.48168212890701,6.54924499511777,9.27315063476645,17.9629089355485,28.3948120117213,41.2931250000037,57.0245214843784,70.6269677734375,68.7528125,80.6660400390625,61.3947265625018,61.3311669921839,65.7538623046836,45.4581933593777,32.0105761718759,45.9453466796835,-1.37355392456043
"6472",-1.87015289306657,4.89552246093794,3.04149322509793,8.39905883789137,6.64326416015684,7.92480102539133,16.1080725097671,26.6923144531274,39.7067651367223,54.9910546875033,68.919189453125,65.718916015625,80.168154296875,59.5902441406267,60.003247070309,64.0274560546837,45.4302001953152,32.1173193359384,45.0383447265586,-1.76043167114243
"6473",-1.83463760375993,5.03006683349654,3.01757263183621,8.50411132812576,7.02760070800844,8.21569580078198,15.6037500000014,26.8607470703149,39.768784179691,54.5430566406282,68.429248046875,66.415986328125,80.368701171875,60.4850292968767,63.9580175781213,67.752685546871,50.183144531253,32.8402685546885,46.9828613281209,-1.89566482543929
"6474",-1.7495646667482,4.92419128418013,3.0719201660159,8.25644348144605,7.15893676757876,8.22263549804761,15.5720800781264,27.7448046875025,41.0387597656287,56.5605175781284,68.691572265625,67.1743359375,80.858837890625,59.9405029296892,63.2775146484338,67.041230468746,49.758984375003,33.8111279296885,47.2412255859334,-2.14207748413067
"6475",-1.75953140258805,4.89910583496138,2.90540283203151,8.10453125000072,6.73315307617248,7.68446716308662,15.5986499023451,28.04491699219,41.3660888671912,57.8181738281284,71.165595703125,71.153056640625,84.54486328125,63.2141894531268,66.2644042968711,69.6951708984334,51.8659179687531,36.6601904296886,49.2943994140582,-2.08625503540021
"6476",-1.68505950927749,5.01883880615279,3.04000732421902,8.3621655273445,6.85649047851624,7.71020141601631,13.9327856445325,26.4234130859399,38.4168090820347,52.6235205078156,67.1117333984375,65.411396484375,78.26263671875,58.1767333984392,61.2295556640589,65.5680371093711,45.8221875000027,33.5450439453135,44.0848046874962,-2.2052360534666
"6477",-1.84488296508805,4.94189575195357,3.22185089111357,8.39250488281325,6.7391113281256,7.51459350586005,14.4911096191419,27.0455493164087,39.764243164066,54.6960693359407,69.4500244140625,67.5554638671875,80.4774560546875,60.4730761718768,62.0116406249964,66.876748046871,49.1316943359404,35.4000732421885,45.0746728515586,-2.05367279052716
"6478",-1.8621755981447,4.92274047851606,3.51245513916047,8.72356323242265,7.10795715332095,8.49613586425857,14.8980859375013,26.9227758789087,39.5431542968785,55.2175732421908,69.5364404296875,67.8630126953125,80.33880859375,60.8954443359393,62.1128515624964,66.858330078121,47.6453906250028,34.2320361328135,44.2423779296836,-1.92855209350569
"6479",-1.81314468383805,4.87605560302778,3.45345916748078,8.39538574218825,6.98167663574281,7.92120605468821,15.3915930175795,27.1615039062524,38.880395507816,56.3811425781283,72.028369140625,69.49974609375,81.616025390625,63.2070556640643,64.4116259765587,69.3369042968709,49.993632812503,35.3016162109385,44.9698730468711,-1.89160644531233
"6480",-2.06764205932636,5.01496948242232,3.25389526367216,8.30611083984449,6.7499560546881,7.93252563476633,15.3104931640639,27.6959301757837,38.5292016601597,56.4527392578158,71.5518505859375,68.322568359375,81.309248046875,63.5762695312518,65.5830175781212,70.4859033203083,50.144628906253,33.279833984376,44.3705371093711,-2.07521545410138
"6481",-1.96225860595721,4.94366088867232,3.2994091796878,8.28901123046949,6.55706176757871,7.0916119384772,14.025329589845,25.4298095703148,35.9265527343782,52.2732470703156,67.740810546875,61.81587890625,77.221611328125,59.0510498046892,57.9196533203091,63.8355664062462,43.3761181640651,31.3508520507822,40.052280273434,-2.20370834350567
"6482",-1.94811737060564,4.89896423339887,3.03317932128933,7.67442016601631,5.45547729492236,6.1116772460943,13.9292602539075,25.7114746093773,37.5915698242221,57.5579199218784,71.312431640625,67.3118408203125,80.79708984375,62.7799267578143,59.803706054684,64.7002343749962,43.3840478515651,32.2509960937509,40.9261743164027,-1.6696720886229
"6483",-2.06030990600604,4.97192321777388,2.97375213623073,7.60261230468818,5.89330505371146,6.17213439941461,13.9630590820325,25.1033715820335,37.0466699218783,56.0218945312533,69.1135302734375,66.3801953125,78.2595361328125,60.4641406250018,58.5122705078091,63.2757714843712,42.6857324218776,30.7761938476572,41.8670214843713,-2.2129818725584
"6484",-1.99449966430682,4.96084960937544,2.94128784179714,7.90927429199289,5.58198059082081,5.91025390625053,13.6585583496106,24.6571459960959,36.1813574218782,52.6781640625031,67.5119140625,61.4219140625,74.2283203125,55.6067382812516,46.7557470703098,54.0840087890593,37.421140136721,26.9195996093758,35.3595898437469,-1.72412216186508
"6485",-2.08749374389667,4.96142272949263,2.97306884765651,7.89187377929758,5.75978393554739,5.92558044433647,13.4501599121106,24.8603222656272,37.0152001953158,53.0058154296906,67.6126953125,62.092578125,73.54501953125,54.9365087890641,41.0085546874976,50.114609374997,35.1822705078146,26.251818847657,33.920058593747,-1.02405952453604
"6486",-1.99283630371111,4.72551269531292,3.05286682128934,8.22626403808667,5.71464904785207,7.19785400390689,15.0570141601576,26.7433959960961,39.1014331054722,55.3833837890658,69.3283984375,65.0635791015625,75.8624267578125,56.8702685546891,46.3354638671848,54.8067382812468,37.5534375000022,27.6114208984383,36.0096752929656,-1.78180923461899
"6487",-2.13255096435566,4.79278442382855,3.27780517578154,8.27720642089918,5.92812744140678,7.71442382812569,14.2703637695325,25.6096533203148,38.0308227539096,53.8083691406282,69.3141259765625,68.6081298828125,77.6071875,60.1402392578142,53.8622949218719,60.3691992187464,40.8248999023462,29.7577636718759,39.3684277343716,-2.1380406188963
"6488",-2.04062667846698,4.42346252441446,3.35877960205108,7.88493896484445,5.13056884765671,8.1436853027351,14.4933227539075,25.8819067382836,38.8688964843785,56.2874853515658,69.389267578125,67.3319091796875,76.40658203125,59.9025000000017,53.9347753906219,60.1775097656214,40.9808398437524,30.3980371093759,40.1721972656215,-2.21396896362285
"6489",-2.18705932617207,4.69841888427776,3.32700073242217,8.35605529785231,5.73439575195364,10.1278515625009,13.9801708984387,25.7303149414085,37.4371215820346,51.175947265628,65.12416015625,58.4481396484375,68.828134765625,52.211352539064,40.7839599609351,51.067968749997,35.6783618164084,26.6843603515633,33.5836474609346,-1.89112808227523
"6490",-2.18314575195332,4.4386865234379,3.6006286621097,8.45131958007888,5.64576293945363,11.2616687011729,15.3506054687514,28.0239843750025,41.6085205078162,59.218579101566,69.10419921875,66.694111328125,74.8269873046875,58.6249462890642,52.3343749999969,59.4591308593715,41.8072070312525,31.4944042968759,39.3889306640591,-2.26994827270488
"6491",-2.03153091430682,4.38793334960977,3.49440948486359,8.2415338134773,5.14975952148483,10.4129516601572,15.3761108398451,27.720512695315,41.6794921875037,60.3922509765661,69.5748779296875,67.1085009765625,75.456669921875,58.7749755859392,51.968945312497,60.5097705078089,41.9305273437525,31.3748339843759,40.7280810546839,-2.18700256347637
"6492",-2.07296096801776,4.50642944335978,3.72552825927768,8.78695068359453,5.90625915527396,11.0306689453135,16.3079711914077,29.4382421875026,42.0873046875038,61.9610351562537,70.8491015625,71.8304736328125,80.248623046875,63.8586279296894,62.8872070312463,68.1461572265585,49.3789697265655,34.356933593751,45.607607421871,-2.35628433227519
"6493",-1.9970617675783,4.16508636474646,3.86640441894566,8.46051696777419,5.66246704101613,11.261582031251,16.7703771972671,29.0326757812526,43.2290722656289,61.0215673828161,70.284208984375,69.0531591796875,79.52400390625,62.6676464843768,60.485024414059,66.5422265624961,48.1362646484404,34.676660156251,45.0009374999961,-2.39352081298807
"6494",-2.07733093261737,4.13406311035193,3.63138671875032,8.56891662597733,6.02220581054741,12.2226220703136,16.9024194335953,29.3232568359401,43.5822753906289,62.3638671875037,70.672275390625,69.706962890625,81.23421875,63.0088378906268,61.3273730468714,65.7762109374961,48.7319287109404,34.7664892578135,47.2378515624959,-2.36616836547831
"6495",-1.82928604125993,4.07770233154333,3.61959289550814,8.5265716552742,5.54299804687549,11.2323486328135,16.2651538085952,28.3751538085963,44.0750781250039,63.8049804687538,70.393828125,69.5977783203125,80.99421875,62.1629492187518,58.5256152343716,62.6484765624963,44.7466796875027,33.3543774414072,45.985898437496,-2.89548431396459
"6496",-1.86007217407243,4.19801635742225,3.49638702392609,8.75766235351641,6.01636657714897,10.6118835449228,16.4747363281265,27.9537084960962,42.9369970703163,61.7710058593787,68.7979443359375,68.7740869140625,79.5307568359375,61.0572460937518,57.3502685546842,61.7951416015588,45.3778027343777,31.9538720703134,46.0435986328085,-2.57065582275368
"6497",-1.89193237304704,4.02579833984411,3.68697448730502,8.28085083007887,6.28644348144587,9.43541748046959,17.5282348632828,28.05700683594,44.1198974609414,65.3257373046914,70.93171875,71.537568359375,81.6112939453125,63.3641894531268,58.5857128906216,63.2816601562462,45.3947363281277,33.1307836914072,46.7815820312459,-2.25445953369121
"6498",-1.87473205566423,4.12238159179724,3.90362426757847,8.95796508789142,6.99589965820375,10.5461694335947,18.7540014648454,28.7560009765651,44.2780517578164,65.1023046875039,71.390859375,70.4373828125,80.8909423828125,62.1556835937518,55.4041992187468,61.0084228515589,45.0356591796902,32.715576171876,45.989541015621,-1.90696319580062
"6499",-1.94462081909197,4.17981353759803,4.10916717529333,8.92034912109455,6.94710632324281,10.3701989746103,19.5930078125017,28.7120800781276,46.3231152343791,67.074921875004,72.6407421875,71.81001953125,82.788037109375,64.6183935546894,59.274985351559,64.4777001953087,45.0473876953152,34.089902343751,47.2031835937459,-1.6643774414061
"6500",-1.84661697387712,3.83780303955112,4.15150146484412,9.37049194336021,6.85043762207092,9.46849243164147,20.1708471679705,27.5336425781275,43.8777148437539,62.6220410156287,69.1476025390625,67.569873046875,78.8081982421875,60.9553613281268,55.0922656249968,61.2762939453089,43.6251416015651,33.4435107421885,45.2467333984335,-2.13263305664044
"6501",-2.057034301758,4.20847473144569,3.88692657470738,9.03847290039143,6.64620117187559,9.1343084716805,19.8771325683611,27.0437304687524,43.5354296875039,64.9500390625038,69.766103515625,69.928779296875,80.4350244140625,63.1596484375018,61.7564306640589,66.2612597656211,49.0125878906279,34.289775390626,49.5605664062457,-2.7202386474607
"6502",-1.81627029418961,4.16678924560584,3.92702697753941,8.78758056640703,7.04879150390688,8.9460839843758,19.330480957033,26.1853662109398,42.5302685546913,63.7692089843788,67.9537255859375,66.601611328125,77.540947265625,60.4044921875018,58.8646630859341,64.6292236328087,46.2463037109403,33.5894873046885,47.2964404296834,-3.20778869628878
"6503",-1.84500961303727,4.5861834716801,3.7025460815433,9.01001037597737,7.61843566894599,9.67005065918055,19.804592285158,27.3012426757837,42.9679980468788,62.7830761718787,67.666552734375,64.261552734375,76.5881201171875,57.9224804687517,54.0921728515593,60.1300146484339,43.8435253906276,31.9973608398447,44.3651708984336,-2.77734741210913
"6504",-1.81987762451188,4.5709100341801,3.92429290771519,9.05480102539143,7.92018310546946,10.1578546142587,19.9241052246112,26.1979907226586,42.5417138671913,64.7193164062538,68.338037109375,66.3830810546875,76.6111669921875,57.8757714843767,54.5419042968718,60.8152050781214,44.1336083984401,32.5855712890635,43.6902246093712,-2.78070373535132
"6505",-1.6867961120607,4.56877380371135,3.54821166992219,8.25156555175855,6.19114379882868,8.88733032226642,19.5189208984392,26.6553417968774,43.4353613281289,68.213945312504,71.9459033203125,72.4105908203125,81.3574365234375,63.1971386718768,60.0264648437465,64.8390478515587,45.9259912109402,35.2380810546885,44.8973144531211,-2.31622283935527
"6506",-1.6873966979982,4.49945251464884,3.90480194091832,8.66422363281327,7.24758178711002,10.0262091064462,20.4405395507831,27.4607177734399,41.3869921875037,65.0184472656289,68.5847314453125,68.6761181640625,77.534921875,59.4813867187517,56.9137060546842,62.1633105468713,44.1501269531276,33.347226562501,41.8739306640588,-2.61143798828102
"6507",-1.52057388305678,4.32321807861367,3.91992584228551,8.90191589355548,7.41044738769597,10.18456604004,21.2106640625019,27.7817456054712,42.4147314453163,67.144121093754,70.4919140625,70.84513671875,78.3975537109375,60.9724267578143,58.0901269531216,63.4779833984337,46.1370214843778,35.6495068359385,43.4153613281212,-2.34656982421855
"6508",-1.66779800415054,4.37046997070351,3.80071411132846,8.56786743164139,6.26304443359431,10.0403698730478,19.733410644533,26.9032617187524,41.3631103515662,66.7982470703165,70.3732177734375,70.299423828125,77.683642578125,61.1064501953143,55.5011425781218,60.8767285156214,43.8562207031276,33.2034716796885,40.484077148434,-1.81185028076156
"6509",-1.48632904052748,4.28121154785194,4.15973693847693,9.22100402832113,7.30540161132878,11.8297705078136,22.9475244140645,29.1085229492213,44.773193359379,67.880986328129,71.3829443359375,71.792802734375,76.711220703125,62.6419189453143,60.9521484374964,64.5442285156212,47.8606347656279,35.5858447265635,43.7377783203087,-2.58991516113259
"6510",-1.77050277709977,4.17560607910193,3.81664886474644,9.37079223632896,6.42013916015682,11.3319592285166,22.1217163085957,28.28843261719,44.1980712890664,68.4139843750041,71.327666015625,72.158681640625,77.3291064453125,62.7358251953143,56.2752978515592,61.5414501953089,45.3553906250027,34.4120092773448,41.1285156249964,-2.31916397094706
"6511",-1.59944992065444,4.07506958007849,4.25484954834022,9.24800537109457,6.353817749024,12.1953100585948,22.3831982421895,29.3775830078151,44.882441406254,69.0674023437541,71.359921875,72.3782177734375,78.32265625,64.7233593750019,61.6760400390589,65.5068554687461,46.9749951171903,35.183701171876,43.2931396484337,-2.34962677001933
"6512",-1.47167449951185,4.20047393798866,4.25581481933632,9.41146606445396,5.35151184082079,11.3444555664073,20.6505102539081,28.9402685546901,44.2055468750039,67.7191845703165,70.3470703125,68.495390625,76.02822265625,60.9037402343768,51.322490234372,57.2180566406216,40.2550000000024,32.9389233398447,38.3062475585904,-1.68159561157212
"6513",-1.5655589294435,4.45334564209024,4.28229003906288,9.44878540039147,5.64268493652394,11.6872387695323,19.7878625488299,29.0978857421901,43.1813623046913,66.9482861328165,69.6369775390625,67.289833984375,75.0071484375,59.4529003906267,44.3373730468724,51.7074023437469,36.9585791015647,30.0915722656259,34.9749218749969,-1.5259890747069
"6514",-1.31547241210949,4.43853790283243,4.2689547729496,9.5537329101571,6.14884399414117,11.5399731445323,19.2505249023455,29.4686938476589,43.8720214843789,66.3500927734414,70.1360400390625,65.5014306640625,75.341484375,59.1949121093767,43.65320800781,51.4917041015594,36.6986425781272,30.2338256835946,34.4240356445282,-1.4671804809569
"6515",-1.57593627929702,4.53862274169962,4.16301696777381,8.96752563476642,5.21668640136765,11.327294921876,18.5154077148454,30.1090014648464,43.4464355468789,66.4307910156289,71.402958984375,70.6055078125,79.52642578125,64.8291503906269,57.8100878906216,61.8247656249963,43.3378027343776,34.426943359376,40.8223046874964,-2.91293731689428
"6516",-1.3598864746095,4.47930541992227,4.43352294921915,8.84901000976642,5.1039852905278,11.1464770507822,18.1087329101579,30.643967285159,44.0682958984414,66.2841796875039,71.832744140625,69.903798828125,79.9980078125,65.3558984375019,58.1738232421841,61.6019042968713,42.297407226565,34.8469677734385,40.123315429684,-2.53188980102517
"6517",-1.48135650634779,4.83350677490277,4.50934326171915,9.40003356933678,5.51720214843799,11.8845898437511,17.8889086914078,31.9693408203154,42.6524023437538,63.3814599609413,70.1942919921875,68.985703125,78.76767578125,63.8345751953144,57.5960986328091,60.9910156249964,43.3171630859401,34.7649267578135,40.5238061523402,-2.44189727783182
"6518",-1.41651092529309,4.5275048828129,4.41642578125039,8.61689086914139,4.29074615478554,9.74126892089931,16.7355554199234,30.9367163085965,41.7867138671912,62.4171240234412,69.4136962890625,67.53806640625,78.174140625,63.6840429687518,57.5557666015591,60.2213330078089,41.8166601562525,33.9052026367197,40.6819458007777,-2.34569671630839
"6519",-1.41254043579114,4.48822418212931,4.28177368164101,7.92508544921946,2.82098510742213,7.18252563476627,14.7659545898451,28.346840820315,37.7879541015659,62.6054589843787,71.15244140625,72.03955078125,83.081982421875,69.308847656252,68.572929687496,70.7758105468708,51.2239550781281,36.0606909179698,46.9308642578084,-1.76732757568344
"6535",-1.09561752319346,5.50048217773487,2.36763580322287,7.78554565429757,5.64298706054738,7.49180725097723,17.1053784179703,22.1455004882832,35.9977783203157,51.3760107421905,64.091259765625,61.587421875,71.6808984375,58.5761767578142,50.8925927734345,55.6732812499967,29.1047607421892,27.6000488281258,40.0071972656215,-1.27230888366688
"6536",-1.06822319030771,5.43165893554736,2.37741149902365,7.84122802734445,5.50773132324268,7.59680053711005,17.1592980957047,22.1732495117207,36.6943359375033,53.7293652343782,65.7607958984375,64.4483056640625,74.8799951171875,61.4948339843768,55.3179833984343,58.5192382812465,31.5009033203144,28.6871020507821,41.9891064453088,-1.20453399658193
"6537",-1.12023170471201,5.33267944335985,2.56022918701195,8.01909484863353,6.59299804687559,8.58117065429764,19.0668505859392,25.2559375000023,39.9721142578161,58.8418847656285,69.327919921875,68.703525390625,77.2568212890625,63.4271191406268,58.4531347656216,60.3988916015589,35.5777197265646,30.6523364257821,45.330468749996,-1.88736938476546
"6538",-1.18743270874034,5.39436523437548,2.5674157714846,8.25283935546949,6.98696533203187,9.87762817382901,20.6285815429706,27.5766015625025,41.7645019531287,64.7388720703163,73.7120361328125,75.1370361328125,83.151689453125,69.507353515627,68.2099560546835,68.188017578121,40.7753808593774,32.0697314453134,50.8687255859331,-1.4126200866698
"6539",-1.24375930786144,5.39348815918017,2.40454421997092,7.99515380859446,6.65676452636778,9.74080566406337,19.9005664062518,28.6398120117213,44.3589013671915,68.2994482421915,75.8622998046875,77.0106396484375,84.8455859375,70.476914062502,70.3215039062459,69.7244824218709,42.4608007812525,33.7240087890635,51.7726757812455,-1.36634979248035
"6540",-1.2976663208009,5.52513427734424,2.58340118408226,8.26207946777417,7.46080810546942,10.8826806640635,20.0253686523455,27.7823950195337,41.9071240234412,63.9938867187538,73.342548828125,72.811064453125,80.4234814453125,66.2578613281269,65.7487109374962,66.2457177734336,41.3700878906275,32.0024243164072,49.1649218749957,-0.992509918212804
"6541",-1.20894828796398,5.42654663085986,2.76192474365259,8.31073608398512,7.34576049804753,11.3374157714854,20.0211816406268,28.7117724609401,42.9329589843788,65.4458886718789,74.92689453125,75.381171875,82.991640625,69.5305419921895,71.5388476562458,71.7474316406207,45.0473779296902,31.3726245117197,51.2886621093705,-1.28818038940418
"6542",-1.25174705505382,5.39382568359423,2.90020996093776,8.23745056152417,7.15231445312564,11.7977111816417,19.4106396484392,28.3574877929713,42.6015234375038,62.3441503906287,73.8186181640625,72.727177734375,80.579482421875,66.5199609375019,67.1138476562461,67.549677734371,42.2539843750025,30.9994873046884,49.3047705078082,-1.08454132080069
"6543",-1.31733123779309,5.40899536132861,2.59683959960961,8.02878173828197,6.61849487304747,11.0453186035166,18.3699523925798,27.761840820315,42.9638281250038,64.2882421875038,75.03916015625,73.870498046875,83.049580078125,68.2957763671895,68.088251953121,68.3114306640584,42.4363769531275,30.9381103515634,49.5784521484332,-1.33610870361316
"6544",-1.19048072814952,5.27605468750047,2.41498992919943,7.65051086425849,5.91226318359428,9.80962951660244,17.1322094726578,26.5698632812524,42.8798730468788,62.6185253906287,75.21708984375,74.909921875,84.885068359375,70.140146484377,73.3191894531207,73.5227441406206,47.3040234375028,32.9610302734385,52.8523291015579,-1.24954315185536
"6545",-1.20130432128917,5.44762695312549,2.59741027832054,7.72572631836006,5.60831665039113,9.20901000976645,16.1428161621108,25.0045117187522,40.5006298828161,58.8994335937535,72.630634765625,71.989443359375,83.642431640625,68.6437646484395,72.2222949218708,71.9798144531207,46.0813525390653,30.4555419921884,51.942729492183,-1.72458770751938
"6546",-1.32474441528332,5.18725463867234,2.51919174194358,7.35466247558659,5.12103759765671,7.85567321777414,14.5252343750013,22.9877490234396,39.4336816406285,56.2209423828158,70.3758349609375,70.7975732421875,81.505703125,66.7128125000019,70.7494628906209,70.1892871093708,45.9841796875028,29.1386499023446,51.7142871093705,-1.45128143310534
"6547",-1.55583038330092,5.03599029541061,2.44668762207053,7.52238159179755,5.24295715332078,7.79376220703195,15.352554931642,23.6711083984396,38.9835620117222,57.1313574218784,70.6740185546875,71.5405126953125,82.1146875,67.415458984377,71.7982226562458,71.1480566406208,48.3690625000029,30.1721582031259,52.9107421874954,-1.5177713012694
"6548",-1.53071807861342,5.0471899414067,2.41246917724631,7.29265625000065,4.24992248535194,6.95815429687562,13.8814855957044,24.1789990234397,38.867250976566,57.7743261718784,70.5308447265625,72.4214404296875,82.648662109375,68.341650390627,71.2534228515583,71.1676367187458,45.5744726562527,28.3175146484383,50.3985693359331,-0.987975311279211
"6549",-1.3583206176759,4.87328155517622,2.61876831054711,7.19133666992252,5.01799499511764,7.65859619140693,14.6254565429701,25.4055200195335,40.9174853515661,61.6525683593786,73.490400390625,76.002958984375,85.6366015625,71.4494775390646,75.6343554687456,74.9555908203081,49.2435156250029,33.1997338867197,52.6555664062454,-1.559651031494
"6550",-1.33821243286145,4.91827941894575,2.63897918701195,7.35434143066472,5.50799804687549,8.37379882812575,13.840876464845,24.2021044921897,39.5548242187535,59.0455468750035,72.0093701171875,74.435869140625,84.76146484375,69.7188427734395,73.4195703124957,73.3297509765582,49.1786035156279,31.3524804687509,50.1246728515581,-2.02167663574201
"6551",-1.20847091674816,4.95634582519576,2.83885131835963,6.95111755371156,5.06798797607467,7.46581726074285,13.584411621095,25.2084277343772,41.5210205078162,61.3980126953161,74.80138671875,76.3645947265625,87.216015625,72.6011718750021,78.8356054687454,79.0639355468703,55.7694726562533,34.158623046876,53.1348730468704,-1.55204925537096
"6552",-1.17697647094737,4.81637634277387,2.62997558593774,6.52454467773496,4.58207489013713,6.57794433593809,12.4566186523449,23.7726367187521,41.1909472656287,58.530688476566,73.93099609375,74.9524609375,86.285966796875,71.4317187500021,79.5914843749953,79.9044824218703,59.0952441406285,33.4201977539072,52.0134472656205,-1.41602325439441
"6553",-1.25135299682628,5.00428070068404,3.04973327636746,7.07219604492251,5.44742309570361,7.52503417968817,12.7726391601574,24.781062011721,42.8265429687538,57.8848583984409,73.8692919921875,74.225556640625,84.92318359375,69.238681640627,74.9439794921831,75.0783105468706,54.3812988281283,32.5538647460947,50.2272216796831,-1.38839263916003
"6554",-1.19351165771495,4.85578979492231,2.79329528808619,6.50668457031308,4.79000427246136,6.41600646972713,11.7356494140635,24.6451635742209,43.6396679687539,59.2312500000035,76.980380859375,79.55044921875,90.72708984375,76.1146777343772,82.8304296874952,84.382519531245,64.2886523437539,36.2061987304698,54.5229882812452,-1.3780075073241
"6555",-1.355965576172,4.90342742919966,3.15617553710966,7.17257141113345,5.57898986816456,7.65224182128974,14.1070861816419,27.6448950195337,45.5291796875041,60.2022802734411,76.83283203125,79.10166015625,89.6623828125,74.8221191406272,81.8884033203077,83.4524609374951,65.5459863281289,38.8606689453136,56.5021777343701,-1.56232406616197
"6556",-1.24373855590831,5.09025329589889,3.2625616455081,7.4367034912116,5.79824035644583,7.22364990234439,14.8139514160169,28.1469042968775,48.1733056640668,60.7067529296911,77.208525390625,78.0866455078125,89.047939453125,73.0903906250021,76.7102441406205,78.4323828124953,54.5756689453158,34.445048828126,53.0320751953079,-0.876864547729416
"6557",-1.26640777587902,5.2739807128911,3.22763244628935,7.84258422851633,6.62427368164122,8.08974731445385,14.5107812500013,28.0754980468775,46.7912695312542,58.473696289066,75.8623779296875,74.5765673828125,86.41916015625,70.654677734377,69.148212890621,71.5667871093708,44.2212500000026,32.7410107421885,47.1902099609334,0.535698890685988
"6558",-1.12288330078135,5.46756042480517,3.43512420654327,8.06449279785228,6.84525390625061,7.70609130859444,15.2918249511732,28.4035839843775,46.9697412109417,60.3450390625036,77.4117578125,76.5581201171875,88.477646484375,73.0132128906271,74.5913964843706,76.4052734374955,46.6008789062528,33.0711962890635,50.8435986328081,0.368152084350554
"6559",-1.19764083862315,5.69786682128957,3.5321551513675,8.37652832031325,7.15989990234439,8.95983642578205,17.1014672851578,29.7216308593777,48.0864746093793,60.6331640625036,76.1927001953125,74.053759765625,85.835576171875,69.470234375002,69.075996093746,72.0970605468707,46.8673730468778,32.3379931640634,48.1310595703083,-0.964824218749916
"6560",-1.11307800292979,5.6610742187505,3.57242004394563,8.22695983886792,6.67848266601622,8.4574877929695,16.1303247070327,27.8794702148462,47.2183251953167,59.511391601566,75.068544921875,72.5027880859375,83.917255859375,68.153554687502,65.7173730468712,68.097744140621,41.0066601562525,29.7650195312509,44.3829882812461,-0.140189228057849
"6561",-1.16877151489268,5.91717468261772,3.71031372070346,9.03189941406331,7.76205627441475,9.36359497070396,16.8504064941421,27.3584472656274,45.6148095703166,56.6859667968784,73.48994140625,71.190869140625,83.2512890625,67.457285156252,65.7129882812462,67.3891455078085,40.0110742187524,28.8095263671883,43.0567138671837,0.418830108642542
"6562",-1.07946220397959,5.84802246093802,3.60402404785188,9.10150878906331,7.89176513671945,10.2118029785165,17.4321948242203,28.15638183594,43.7436572265664,55.9020898437533,72.592587890625,69.7878125,80.4212548828125,64.4933496093769,58.4623339843716,62.3655615234338,36.6436572265647,28.6632128906258,42.3602636718713,0.637474899291937
"6563",-1.17686965942393,5.80231750488333,3.68656158447298,9.31813476562583,9.04508056640706,11.8409838867198,20.1444433593768,30.2303125000027,46.4079931640666,62.7150634765662,76.993525390625,76.9413623046875,86.447578125,71.8349853515646,72.2056689453083,74.9337255859331,46.5927539062528,32.9384252929697,50.6552832031206,-0.022695446014402
"6564",-1.29031326293957,6.03599121093804,3.85226043701206,9.20477661132895,9.32867675781333,12.921414794923,21.3768286132832,31.3950195312528,46.9064746093792,62.0341503906287,74.82630859375,72.9580322265625,83.344267578125,68.669003906252,69.1528564453085,73.5274414062456,52.3456787109406,33.848222656251,49.7741455078082,-0.550551109313917
"6565",-1.39776519775403,5.91624694824272,3.76298767089877,8.43550842285232,8.87038940429767,12.6465466308605,21.3868750000019,31.2370654296903,45.8468847656291,62.5488964843787,74.962900390625,73.260205078125,83.757861328125,69.0087646484395,69.8079541015584,73.1762792968707,52.7123242187532,33.3909057617197,51.5639843749955,-1.45243820190417
"6566",-1.41811294555677,5.72522583007864,3.57447875976594,7.91900146484446,7.97177368164134,11.6658557128917,20.0481591796893,29.1478466796901,41.3628955078162,56.5752050781284,70.032138671875,67.187939453125,78.0548828125,62.1835302734393,58.0808203124966,62.9563623046838,40.8079443359399,27.7899609375008,44.9700878906211,-0.953550949096596
"6567",-1.57172729492201,5.73189086914114,3.5679397583011,7.99087768554759,7.63943420410224,11.3714306640635,20.2440087890643,29.5623632812526,43.0963671875038,62.7938671875037,73.3162841796875,70.7797607421875,79.960048828125,63.8993652343768,54.7567578124968,58.959907226559,36.0508862304709,27.9618188476571,44.6924218749961,-0.790045700073173
"6568",-1.60586471557632,5.60226684570362,3.34508758544952,7.23137329101627,6.48073120117245,11.2453491210948,19.1936889648455,27.5904492187525,38.5613623046909,55.3147949218783,68.344638671875,65.9650830078125,76.4133642578125,60.9975537109393,59.2623632812465,63.5609472656212,40.5057373046899,26.6149462890633,46.3502978515585,-1.65748809814439
"6569",-1.42627273559583,5.53956054687549,3.39452758789093,7.48259399414129,5.88974182128959,11.5351782226573,18.8057922363298,25.9456298828148,36.3783593750032,53.6696679687532,65.7329296875,63.5086962890625,72.874208984375,57.5805078125017,54.4989160156218,60.0491162109339,35.7932080078146,23.5010791015632,44.7286376953086,-1.60373779296861
"6570",-1.50832275390639,5.41439697265673,3.3827099609378,7.41342407226629,5.24397705078172,10.9777526855479,18.4159753417985,26.6506176757836,36.5797314453158,56.1094677734408,68.025283203125,67.0963623046875,76.672919921875,60.3525048828143,59.0816113281216,63.1570605468713,38.9465136718773,26.6987255859383,46.5188574218709,-1.61643264770494
"6571",-1.61640548706069,5.34467041015673,3.45184997558624,7.3388061523444,4.8663937377934,10.2207098388681,16.9784289550796,24.7095532226585,35.0907226562531,54.5227636718782,66.56640625,66.956103515625,75.0294384765625,59.0158105468767,56.8075537109342,61.4749023437464,35.9672192382834,24.8035937500007,46.022656249996,-1.37783813476551
"6572",-1.69403335571304,5.21296081543015,3.5061590576175,7.45542114257879,4.9864916992192,8.80823669433672,16.6156286621109,24.4145410156272,34.8917651367219,52.7684423828156,65.09392578125,63.0683447265625,73.937373046875,56.4851611328141,55.8529492187467,61.2176855468714,33.900791015627,24.1890405273445,44.6002880859336,-1.97217895507795
"6573",-1.75541564941422,4.98019897460982,3.20895294189482,7.20010498046939,4.74202270507855,8.91138061523517,16.5114941406265,24.0566992187521,35.0899658203156,54.2422216796907,64.89806640625,66.43591796875,76.236923828125,58.2783447265642,60.427915039059,63.9114208984337,38.1309570312523,25.557766113282,46.7827343749959,-2.01808319091779
"6574",-1.84449661254899,5.00106750488326,3.47446472168,7.56326538086005,5.83940673828177,8.92496887207111,18.1375122070329,24.8154516601585,37.0590258789096,55.7982275390658,66.0788525390625,67.6831884765625,77.917451171875,59.4171484375017,61.0501123046839,63.4277978515587,38.6443798828148,27.215910644532,47.4891601562459,-1.74140747070297
"6575",-1.9792102050783,5.36488952636767,3.53693298339875,7.64359191894599,4.92920867919966,8.25601257324293,16.8767480468765,24.0040869140646,35.3902246093782,52.0557910156281,63.1941064453125,62.553271484375,74.703779296875,56.2898486328141,56.8648730468717,60.6290624999964,35.1855029296896,24.6155664062507,44.2823779296836,-1.76210494995102
"6576",-1.80156600952165,5.21290771484422,3.27376525878935,6.72545593261779,5.10034210205124,7.12406982421939,16.2405639648452,24.2004492187522,38.7067456054722,56.7984033203159,65.7443359375,67.545224609375,77.847109375,59.6191943359392,62.6550585937463,66.1918554687461,40.5153076171899,26.296477050782,48.0877148437458,-1.76166625976547
"6577",-1.85813720703142,5.21688354492234,3.02801513671902,6.44735900878964,4.16585632324256,5.33000915527391,15.4697924804701,24.5667797851584,39.174506835941,56.3215820312533,65.8118798828125,66.249755859375,77.8960693359375,58.7800683593767,60.0153906249965,64.6798144531212,37.6839648437522,26.1115869140633,45.865156249996,-2.01686386108381
"6578",-1.72009796142594,5.20412597656296,3.17650817871122,7.16772094726626,5.37706542968798,6.82578369140686,17.1239160156265,26.1093969726586,41.7185449218787,58.2063085937534,67.37015625,69.205859375,80.040869140625,60.4902880859393,61.8741015624964,65.9170019531211,42.4494042968775,28.3002905273446,48.7561767578082,-1.79527435302719
"6579",-1.7214721679689,5.16680053710984,3.22452117919951,7.32024291992253,5.53236389160206,7.02675292968813,16.5258239746108,25.5836816406273,41.2243847656287,57.2011962890659,67.513818359375,68.59357421875,79.374921875,60.5537011718768,64.0054199218713,68.0780029296835,45.5016601562527,30.4468798828134,50.1208056640581,-2.00734374999983
"6580",-1.74855407714859,5.29648254394579,3.3645263671878,7.70581909179756,6.45628234863339,8.53203857421951,17.0444628906265,26.1230102539086,40.6678247070349,55.0690136718783,66.0430810546875,67.290849609375,78.42162109375,59.2625341796892,63.5657617187463,67.755390624996,44.9861962890652,34.1194604492197,49.9565771484331,-2.05881103515607
"6581",-1.75484527587906,4.91806579589888,3.54558105468782,7.752048950196,6.67993347168028,8.67468505859452,16.6679479980484,25.9783691406273,40.1661791992223,54.7993017578157,66.408193359375,66.60033203125,77.872353515625,58.9556542968767,62.8911865234338,67.082958984371,45.9293750000028,34.4802465820323,49.7565380859332,-2.2999348449705
"6582",-2.05088653564471,5.0613827514653,3.50671386718781,7.95918090820383,6.37310546875057,9.22276062011801,18.6027050781267,28.4918847656275,43.0760937500038,59.8395117187535,70.0240283203125,72.24412109375,83.549052734375,64.3177832031269,68.207001953121,72.5350195312457,52.8521386718782,35.7304223632823,53.2272460937454,-1.86951797485335
"6583",-1.70057464599624,4.99872680664107,3.52314819335969,7.8009521484382,6.18318542480524,9.06226013183675,17.8115344238297,25.9828002929711,41.6276757812537,56.1129248046908,67.040078125,67.7356396484375,78.7723193359375,59.1858886718767,62.3455957031214,66.771416015621,46.4489599609403,33.5090502929697,49.4770849609332,-2.07495849609357
"6584",-1.85624114990251,5.1483245849614,3.43181762695343,8.04027038574291,6.23978271484431,9.06568908691487,19.0213574218767,27.7120019531275,43.2547412109414,60.0522558593786,70.9710498046875,72.9297216796875,83.443388671875,64.0183105468769,68.576718749996,72.8776074218707,53.4533740234407,35.632714843751,52.9218359374954,-1.91998382568343
"6585",-1.77535797119156,4.90071899414106,3.42611999511749,8.01925659179759,6.51135559082089,9.02225219726643,17.9134228515641,26.7465991210961,41.0812060546912,58.3422363281285,68.974658203125,70.825361328125,80.987490234375,61.7275292968768,66.9038476562461,71.4648046874958,51.9686376953156,34.3053198242198,50.8717773437456,-2.20525024414043
"6586",-1.7641838073732,5.3167395019536,3.77983825683628,8.99987670898518,6.77827514648498,9.79263549804775,18.5803283691423,27.8538061523462,42.2597851562538,58.7520898437535,69.934404296875,70.39123046875,81.311240234375,62.1369384765643,66.6843945312461,70.2815039062458,51.8268896484406,34.4446435546885,49.9666210937456,-1.80765624999984
"6587",-1.82885406494157,5.2063861083989,3.08096618652371,7.91334899902414,5.30821289062547,7.84884399414133,16.1239831542983,25.8618530273461,39.818989257816,54.7079687500032,67.05841796875,68.416533203125,79.423935546875,59.9475585937517,63.0744238281213,66.841523437496,46.3372656250028,32.0817675781259,45.1627929687461,-1.88813934326155
"6588",-1.62646057128921,5.08650268554733,3.22567810058622,8.15329589843823,6.33083984375056,8.26171386718824,16.9156970214859,28.3464331054713,42.1054345703163,60.4170849609411,71.033916015625,73.054287109375,83.1548046875,63.4004345703143,65.6710009765587,68.4755371093709,49.4007861328155,35.0594555664073,48.7744677734332,-1.97583526611311
"6589",-1.64214309692397,5.27746276855516,3.28943237304717,8.68960510253984,6.83707397460998,9.02202758789143,15.7929931640639,27.9458691406275,41.7224267578162,57.8498242187534,68.980126953125,70.4490673828125,81.4304833984375,61.1487646484393,64.2814306640587,67.1819384765585,48.8736132812529,33.7127612304697,47.6832958984333,-2.2656835937498
"6590",-1.52327804565443,5.0769653320317,3.43086517334015,8.24429077148511,6.38286010742244,8.1511120605476,15.2447607421889,27.2609570312524,41.5601953125037,57.2477392578159,68.3776025390625,68.96990234375,80.6608642578125,59.8517236328142,63.7067285156213,66.893388671871,48.1570556640654,34.256630859376,46.8387011718709,-2.47508743286111
"6591",-1.51383407592787,5.26142578125047,3.47852722168,8.29307800293043,6.6760449218756,8.77779724121172,14.8978173828138,28.6127832031276,42.8845605468788,60.4713769531286,70.8627197265625,72.5211865234375,84.6975390625,63.5309960937518,68.845390624996,71.6806005859332,53.4298828125032,37.8975610351574,48.9760693359332,-2.38661193847635
"6592",-1.46684860229505,5.03775512695358,3.39853210449249,7.98911071777415,6.39393737793026,8.05988342285228,13.3812170410168,26.4907495117211,40.6695800781286,57.2545019531284,69.05955078125,69.6499609375,82.212685546875,60.8850048828143,62.9608691406213,66.1738085937461,46.4398535156278,35.0087548828135,44.5848144531211,-2.25298858642559
"6593",-1.54941070556654,5.1918597412114,3.61145202636751,8.35068359375074,6.8651092529303,8.37965209961012,14.8514025878919,28.5238500976588,41.5018847656287,58.0572119140659,70.565029296875,69.2425732421875,82.106923828125,61.8164843750018,61.5619921874964,66.3577343749961,47.4044140625028,36.3566894531261,44.2553466796836,-1.924097137451
"6594",-1.53991699218764,5.20287597656296,3.68101623535189,8.28563720703199,6.7144189453131,8.45830749511794,14.8568530273451,28.0352270507837,41.4360156250037,55.7030566406283,68.321318359375,63.8855615234375,77.4064453125,57.3257861328142,50.4484326171846,56.4884570312466,39.5026806640649,32.4763867187509,38.0370068359342,-1.22184906005849
"6595",-1.50037506103529,5.07440704345748,3.72495117187533,8.42192504882888,7.35572753906316,8.07144348144603,14.7774145507826,27.5758227539087,40.6651684570349,57.7398095703159,69.456025390625,65.904267578125,78.377255859375,58.9405078125017,56.2894628906217,61.5788916015589,43.1000878906276,33.972187500001,39.9343530273403,-1.80932739257797
"6596",-1.65650497436538,5.46417846679736,3.38981262207062,8.28067382812574,6.74856689453185,7.79530212402413,14.3708349609388,28.4568383789088,40.7362695312536,59.1712792968785,70.74845703125,69.138544921875,81.32134765625,63.3598046875018,65.4934326171837,69.5420800781209,51.2119335937531,34.0009423828135,43.6876269531212,-2.1030487060545
"6597",-1.5279725646974,5.13545532226608,3.43020996093781,8.17052001953198,6.86928649902405,6.95614929199281,13.71295654297,25.9211083984398,38.2949267578159,55.9400878906283,67.4493798828125,64.570107421875,76.878583984375,59.2698095703142,62.8622558593713,67.564257812496,47.2700000000028,31.9582592773447,41.8233300781213,-2.78085723876929
"6598",-1.60361663818374,5.4633624267583,3.48420166015656,8.42813354492263,6.36781860351619,7.41250366211004,14.8624633789076,27.1599023437524,39.2912280273473,57.3090234375034,68.5191796875,65.62603515625,77.4497265625,59.9415429687517,62.0415332031214,67.132382812496,46.8651708984403,31.7012597656259,42.1446630859338,-2.67315124511695
"6599",-1.46650054931654,5.22601562500047,3.43166992187531,7.59438415527412,5.73753906250051,5.97035034179741,12.7409643554699,23.7950097656271,36.1545996093782,51.9635937500031,65.0383544921875,58.80427734375,71.924541015625,54.0425292968766,48.9891845703096,55.4930273437467,36.6091796875022,26.6044042968758,34.9827197265594,-2.4002732849119
"6600",-1.50700729370131,5.49506042480518,3.78132659912143,8.56649047851639,6.82404663085998,7.86308837890695,15.5778625488295,27.3412353515649,39.9650048828161,58.0853906250034,69.3524951171875,65.2360546875,75.993193359375,57.6136230468767,50.977509765622,56.0874023437467,39.6216894531274,30.1908081054696,37.6645996093717,-2.12238662719708
"6601",-1.49147140502943,5.52179199218799,3.93741088867223,8.56281860351639,6.68494201660216,8.1374206542976,15.6602136230483,27.8382324218775,39.9095410156286,58.0192480468784,69.15412109375,66.2340869140625,76.30638671875,58.3904687500017,54.4469189453093,58.536284179684,38.9737207031273,31.0256347656259,38.8681640624966,-2.497245788574
"6602",-1.42331085205091,5.20501281738328,4.06477722168005,9.09443420410237,7.49964172363348,8.74426086425859,15.6363854980483,26.5441821289086,38.973393554691,54.3310644531282,67.829228515625,65.994716796875,74.959326171875,57.1447656250017,53.1343505859344,57.2678857421841,39.9006787109399,31.2169091796884,39.5649414062465,-2.37111068725565
"6603",-1.57778808593764,5.47990844726611,4.12789978027381,9.15200073242269,6.86664001464905,9.5776684570321,15.8271118164077,27.9456176757837,41.0713867187537,56.2683447265658,68.98201171875,68.9674560546875,76.7908837890625,59.5539550781267,57.3011181640591,61.7825830078088,43.3769482421901,33.1411767578135,42.0737304687463,-2.73211334228492
"6604",-1.6000494384767,5.05070861816451,3.97912933349645,8.9303955078133,6.96833007812562,9.91488830566495,15.9854333496108,27.4468847656274,40.1260644531286,56.5127734375033,68.118798828125,66.6386279296875,74.196396484375,56.7761767578141,49.9352636718721,55.5612988281217,39.3901806640649,31.2734423828134,38.3823583984341,-2.81427642822241
"6605",-1.62586563110366,5.40834167480517,3.95532684326207,9.35943847656334,6.47048034668026,10.3244042968759,14.7952539062513,27.74749511719,38.9150976562535,53.4100488281282,65.447900390625,61.052138671875,70.092900390625,52.3765917968765,45.6084423828098,51.9410449218719,36.3023901367209,28.6609667968758,34.9768896484344,-2.26667633056621
"6606",-1.47119338989271,5.24620788574266,4.3554473876957,9.70835998535243,7.3206176757819,12.1011352539073,17.5589648437516,29.2573632812526,42.8218652343788,58.4182031250035,68.244560546875,66.8730810546875,74.2685888671875,56.9733984375017,53.5071777343719,57.9157958984341,41.60153808594,33.1032153320322,39.854165039059,-2.55783340454079
"6607",-1.47947265625013,5.35109863281298,4.40040985107461,9.96495788574308,7.1779937744147,12.0758837890636,17.5093322753922,29.8453808593777,42.2946777343788,59.4473730468785,69.656953125,71.052744140625,78.522451171875,61.9349609375018,64.0126708984338,68.134130859371,49.948652343753,36.2345776367198,46.136679687496,-3.13362823486301
"6608",-1.47426269531263,5.1245941162114,4.59549194335978,9.62656005859461,7.1084429931647,12.0182568359386,17.8371606445328,30.9868310546903,44.8255810546915,62.9634179687537,72.7498193359375,73.4669140625,81.873466796875,65.2042138671894,66.2818066406211,70.1735937499958,52.2534765625031,37.4787451171886,47.6838183593708,-2.48027236938455
"6609",-1.38232269287122,4.77728973388715,4.6196063232426,9.25934326171958,7.08160278320376,11.8953271484386,18.7872705078142,30.4608569335965,44.529433593754,61.6863867187537,71.2288134765625,69.485146484375,79.604921875,62.4158300781268,63.1449267578088,67.365654296871,49.614960937503,37.1478027343761,45.910556640621,-2.5458346557615
"6610",-1.40723083496106,4.90577972412153,4.57939270019572,9.4777221679696,7.46062683105535,13.4919067382825,19.8419519042986,31.1388818359403,45.8512597656291,63.2942138671913,72.4949560546875,71.308203125,81.8057763671875,63.9887158203144,62.8573046874963,65.6584472656211,48.3044873046904,36.7853125000011,45.7316748046835,-2.36386077880839
"6611",-1.09460433959971,4.66652099609417,4.65919677734417,9.08665283203206,7.76081665039132,13.2930493164074,21.1406542968769,31.6364111328153,47.4931933593792,65.0295117187539,73.5701611328125,72.9427734375,83.43900390625,64.9067968750019,65.8196630859337,68.3647656249959,51.2502929687531,38.1076464843761,48.1009863281208,-2.62202239990211
"6612",-1.06868812561045,5.03389282226607,4.60621826171916,9.42543395996178,7.56071044921942,12.6602343750011,20.4095874023456,31.8161352539091,47.7411328125043,65.0217138671914,72.850419921875,72.4963818359375,83.33291015625,64.6676855468769,66.7297265624961,69.0161523437459,50.574882812503,36.9011499023448,48.0533789062458,-2.51637374877908
"6613",-1.02089042663583,4.70302398681683,4.66043701171917,9.19599975586019,8.58526855468827,11.9439099121104,21.3822265625019,29.9471411132839,46.8752148437542,64.1152148437538,72.0623486328125,71.4170751953125,81.771591796875,63.2918701171893,63.3646630859338,64.5430566406212,48.8103515625029,35.5756005859385,45.649335937496,-1.89489013671858
"6614",-1.14268569946299,4.95981628418013,4.70854980468792,9.77263610839931,9.26767883300864,11.9447875976573,20.2767016601581,28.6064990234401,44.480341796879,61.1977441406286,69.40865234375,68.27375,79.0643359375,60.0471582031267,59.2346386718715,61.5676953124964,46.1504882812528,33.2687133789072,44.6322949218711,-1.87785400390609
"6615",-1.17972030639659,4.87440063476606,4.92564941406294,10.0496911621103,9.9431915283212,12.0443237304698,22.8303662109395,29.6552343750026,47.6304248046917,63.9693164062538,70.4735546875,71.3568212890625,81.22052734375,62.3866992187518,63.3349951171838,65.0648632812461,49.8202587890655,36.8366748046886,48.5043457031208,-2.46785827636697
"6616",-1.16557830810557,4.62208923339885,4.69129943847698,9.89941101074307,8.97159484863361,10.22765197754,21.8264062500019,28.59411621094,47.3959179687542,63.7825878906288,69.4388525390625,69.026591796875,79.6790478515625,60.3300732421892,59.3489746093715,60.7306933593714,46.0557568359403,35.625302734376,44.2196972656211,-1.91698638915999
"6617",-1.24307556152355,5.01259094238326,4.7044519042973,10.2748046875009,9.06580932617268,11.022958984376,22.0098071289082,28.44472167969,45.099462890629,61.2035693359411,67.8063525390625,67.7486865234375,77.818125,59.5964013671892,61.7568310546839,63.2782714843712,47.7321484375029,35.570400390626,46.3606249999959,-2.55973052978493
"6618",-1.0039027404786,4.91732910156294,4.54964996337931,9.69253662109461,8.86858764648517,10.2546752929697,20.2999597167987,26.0034716796898,41.5970214843787,59.6149414062535,65.80078125,63.915615234375,74.2467578125,56.0027636718766,54.8177246093718,58.2390624999965,42.5069140625025,31.4481665039072,42.1403222656213,-1.94932266235335
"6619",-1.14539329528819,5.46303344726611,4.66318634033245,9.96163146972745,8.62438720703202,11.7280419921885,21.8704931640645,28.3517382812525,45.193242187504,65.3260449218789,70.60982421875,69.891611328125,79.35189453125,59.9812597656267,56.3770703124967,60.7910058593714,45.4636572265652,33.842783203126,45.2357470703085,-1.80385360717758
"6620",-0.900940093994221,5.15294982910202,4.65583007812542,9.8047033691415,9.06335693359456,12.2378027343761,22.8837670898458,27.77323730469,43.7012109375039,62.5435498046912,67.803232421875,65.6891845703125,75.5180712890625,55.7264550781266,54.9097021484343,59.9493652343714,44.7036816406277,32.9332763671885,43.3232080078087,-2.18672073364239
"6621",-1.01962379455575,5.43116210937548,4.88994018554731,10.0341680908212,8.70222106933671,12.3495507812511,22.5370239257833,28.3836108398463,43.3528564453164,62.9969824218787,68.6349755859375,68.59138671875,76.8119140625,58.9860498046892,61.1031005859339,65.1977685546836,48.3134228515654,35.664580078126,46.095957031246,-2.36155883789042
"6622",-0.953341751098718,4.97469360351607,4.86474060058637,9.54015747070398,8.49399047851638,11.368789062501,21.7710449218769,27.7456347656275,42.9203027343788,63.3208300781288,69.3691796875,70.7082958984375,79.24115234375,61.0999560546893,62.1305468749964,66.3196484374961,48.5531298828154,35.671552734376,46.8682958984334,-2.33159790039042
"6623",-1.01437797546396,4.77068115234418,4.75914825439495,9.9019366455087,8.35542968750075,11.6748901367198,23.1466455078146,28.8123437500026,44.0478955078164,63.7640332031288,69.4802294921875,69.7231396484375,77.2532568359375,58.1280566406267,54.8235937499968,59.2338574218715,44.5224169921902,34.0442846679697,42.2974902343713,-2.24459182739238
"6624",-0.946277008056725,5.02378234863326,4.92366577148481,10.2093005371103,7.68191650390694,11.6991467285167,21.5715625000019,28.7691064453151,43.0396289062538,62.7538867187537,69.021875,68.8142578125,76.2476123046875,58.4162597656267,53.9925634765593,58.7538769531215,42.7178906250026,32.8243530273447,40.5386303710902,-1.82542602539047
"6625",-0.932939910888755,4.82535186767621,4.57781738281291,9.49921997070397,7.64398132324287,11.1848620605479,22.3236987304707,28.7522021484401,43.2264160156289,65.2039355468789,71.0742529296875,73.0048876953125,79.7956103515625,63.4977050781268,62.9008447265588,66.3843701171836,48.1278515625029,35.9214550781261,44.6717578124961,-1.6660229492186
"6626",-0.952077941894616,4.94956298828169,4.92237823486372,10.1342071533212,7.22303222656314,12.3730419921886,23.6767626953146,29.9156640625027,44.465078125004,65.3614062500039,70.8014501953125,71.453037109375,77.719345703125,61.6667578125018,57.9732714843716,61.5786523437463,46.1102148437528,35.7651708984385,42.5627539062463,-1.94189468383772
"6627",-0.807410812378002,4.6432620239262,4.82722106933637,10.026001586915,6.73165405273497,12.5460449218761,23.1921728515646,29.8197802734402,45.6157031250041,66.6363574218789,71.9125341796875,73.051142578125,79.481416015625,64.4083203125019,62.4018798828089,65.7835693359336,48.7460986328154,36.3790380859386,45.662539062496,-2.77750762939429
"6628",-0.99599380493173,4.68230163574261,4.60200744628947,9.52687072753991,5.27822204589891,11.7981286621104,20.6801049804706,29.0255712890651,42.8292822265663,63.1796728515662,69.123564453125,68.729111328125,75.935546875,61.1538085937518,55.5122167968717,60.1229101562464,42.55667480469,33.248291015626,40.6196289062465,-1.91154556274397
"6629",-0.924179687500083,4.84042480468793,4.85343933105512,9.85576171875088,5.77947875976614,12.7567895507824,20.3284350585956,29.7573535156277,43.7481982421914,64.6737402343788,70.4502392578125,69.188681640625,76.82564453125,61.4049853515643,54.1702539062468,58.6519921874965,40.6630810546899,33.292841796876,39.9168164062465,-1.19371604919423
"6630",-0.888994140625079,4.74560302734417,4.95622436523482,9.75140319824306,5.8809948730474,12.8921704101574,19.393586425783,29.8318457031277,42.6212304687538,61.5138916015661,69.131298828125,66.808359375,74.8688232421875,59.4903369140642,49.5150048828096,55.7170410156217,38.7112695312523,31.0165673828134,36.4098266601531,-1.09328308105459
"6631",-0.862054977417069,5.09010131835983,5.2006683349614,10.0672064208993,6.17235229492243,13.2183544921887,19.1107421875017,31.9864208984404,44.1929687500039,62.7208105468787,70.809931640625,68.649619140625,76.7066259765625,61.5749414062518,53.0458593749969,57.6844726562466,41.5459277343775,33.7713330078135,39.4895068359341,-2.11895523071271
"6632",-0.814199981689526,4.82554626464887,5.01816711425826,9.23489746093832,5.72174865722707,11.5152819824229,17.3859204101578,30.1369555664089,43.6035156250039,62.4493261718787,70.8576318359375,69.8366748046875,79.835380859375,64.2114306640644,60.511352539059,63.9739111328087,43.9429980468776,35.5749633789073,41.9729443359338,-2.79695190429663
"6633",-0.829856567382886,5.16548217773484,5.10464019775436,9.54694274902429,5.20096191406296,11.4968530273448,18.1878527832047,31.9888647460966,44.344726562504,63.2710791015663,72.33548828125,71.429287109375,81.6816162109375,66.1356250000019,60.6819042968715,62.9651171874963,44.3363085937526,35.771601562501,43.0549316406212,-2.19555633544903
"6634",-0.789254913330149,4.73320068359417,4.6028289794926,8.95756469726643,4.90710784912153,10.4335107421884,16.6574206542984,30.0829052734402,42.5516210937538,61.0079394531286,69.782900390625,67.7506494140625,78.697705078125,63.2126806640643,56.8621289062467,59.713315429684,42.4664550781275,34.4589135742198,40.0431249999965,-2.28045776367168
"6635",-0.993002624511807,5.09878723144577,4.73931854248089,9.32235961914146,4.20326904296912,9.06693969726643,16.6067968750015,29.7492675781277,38.3248681640659,58.4145703125035,69.203251953125,67.49234375,79.29078125,64.4075976562519,62.4993896484338,64.9055859374962,44.9450244140652,34.3154321289073,43.3384033203087,-1.84522964477523
"6652",-0.7205226898194,5.96674377441459,3.0523547363284,8.87969726562579,6.79550170898498,10.2218188476572,19.3662988281267,24.1270898437522,37.9157910156284,53.9178027343782,65.867275390625,62.6577734375,73.521904296875,58.9845947265642,52.4836376953094,55.6846874999967,31.2643139648456,28.2183276367196,42.0663134765588,-0.376464576721159
"6653",-0.91764472961434,5.86805969238334,3.00875244140652,8.6534631347664,6.59207946777403,10.1210357666025,19.3475878906267,24.4830517578147,39.156499023441,56.9511328125034,67.0121044921875,67.1686376953125,75.554375,61.6124609375018,58.7728613281216,59.823256835934,33.8180493164083,29.2185424804696,44.3122216796836,-0.694553680419861
"6654",-0.905517349243245,5.62813232421925,3.12459045410184,8.6871252441414,6.92042358398499,10.5531591796884,19.5953002929705,25.033229980471,40.4658129882849,56.8500439453159,68.139521484375,67.113525390625,76.004052734375,61.3533300781268,54.5216162109343,56.5096679687467,33.697519531252,29.7950732421884,44.4545214843711,-0.454753150939902
"6655",-1.07946578979502,5.68824890136769,3.14173553466825,9.08833618164144,7.96016113281321,12.1351086425792,21.9928100585957,28.555239257815,43.7042578125039,65.6861132812539,72.3219677734375,73.7064599609375,80.3983642578125,66.0070214843769,60.7673437499964,61.6552685546839,38.5510498046898,32.1795312500009,47.8197119140583,-0.656413040161075
"6656",-1.07676727294931,5.68045654296926,3.19969360351591,8.64476440429765,7.44315185546941,11.0412255859385,19.4401245117205,26.2628662109398,41.9249755859412,60.9582617187536,70.5859912109375,70.9001123046875,78.9547265625,63.8273144531269,62.1324316406214,63.0299023437463,38.4766601562523,30.1265258789071,47.1850976562459,-0.990228042602453
"6657",-1.09046478271494,5.82844848632864,3.22973083496123,8.98107727050861,7.78950927734444,11.4758312988291,20.3056372070331,28.0567895507838,43.6326123046914,63.8648974609413,72.254951171875,73.4004541015625,80.633203125,65.7695312500019,66.2261621093711,66.3003027343711,41.6026269531275,31.4127563476572,49.8278466796831,-1.47795104980456
"6658",-1.11537948608408,5.76188903808645,3.2490737915042,8.83280639648516,7.92185302734446,11.9783618164073,21.2322705078144,29.6278466796901,45.095214843754,66.3887695312539,74.604658203125,76.208193359375,82.660380859375,68.064384765627,68.981933593746,69.1456201171834,44.2840576171902,31.9352099609384,51.2587988281205,-1.20252418518056
"6659",-1.182011871338,5.59352172851612,3.07996643066434,8.24822937011792,6.26044677734431,10.7198974609385,19.0731225585955,27.2627880859399,42.3340869140663,62.8515136718787,73.6503125,73.44439453125,81.0114453125,66.7604101562519,67.0016162109336,66.8617626953085,40.6870581054712,28.4679199218758,49.0790624999957,-0.747435836791927
"6660",-1.06586303710947,5.71788696289113,2.93131042480495,8.32752075195387,7.05284606933657,12.0039147949229,19.8496069335955,30.1711718750027,45.6641357421916,67.138398437504,77.387021484375,77.9858837890625,86.1296484375,71.4046972656271,72.8775537109332,71.9347607421832,46.6258984375028,32.6087133789072,52.5482763671829,-0.883613891601485
"6661",-1.00558547973642,5.54425109863331,3.11925384521512,8.46633666992263,6.45861816406308,10.9694592285166,18.2459619140641,27.7603784179712,43.1935742187539,64.7925634765663,75.64244140625,75.2519140625,85.114970703125,70.0635302734395,72.8858496093707,72.8135839843707,47.4794433593778,31.6715185546884,53.1127197265579,-0.475601234435994
"6662",-0.938766021728599,5.82051696777396,3.35822998046905,8.82129821777422,6.81440429687561,11.5540478515635,17.8436389160172,27.1781835937524,42.2366308593788,63.4713671875038,73.4848828125,74.157197265625,84.55978515625,68.831123046877,73.3784619140582,72.9264013671832,49.4588330078155,32.3350170898447,54.2619970703078,-0.549292602539015
"6663",-1.13957611083994,5.42813659668017,3.15020629882841,8.13094665527416,5.71981201171926,9.95947875976651,15.6404614257826,25.149216308596,40.8911328125036,59.767797851566,71.9133056640625,73.1107421875,82.904677734375,67.498046875002,71.7398193359333,71.1504589843708,47.2021386718778,30.3972412109384,53.7534130859328,-0.544769592285109
"6664",-1.16596420288096,5.52797485351612,3.06968322753934,8.12214111328197,5.50341308593799,9.67875976562586,14.9723620605482,24.1071459960959,39.2469702148473,57.0597167968784,70.4294921875,71.2548388671875,82.28310546875,66.5566406250019,68.192158203121,67.615419921871,43.2935058593776,28.8425585937508,51.0131152343705,-0.448316535949668
"6665",-1.26398010253918,5.3621350097661,3.33863037109405,8.13589050293041,5.55465270996143,9.54357910156335,15.0783679199232,26.0119335937523,41.0423242187537,61.8353369140662,71.1458935546875,73.2074755859375,82.917978515625,67.1431396484394,68.7173291015585,68.279277343746,43.3591894531276,30.6846875000009,51.6832617187455,-0.567031402587841
"6666",-1.14176177978526,5.23044677734422,3.23201995849638,7.88855224609445,5.43458557128955,8.92477844238361,14.7612097167982,25.9463867187523,41.6804199218787,62.7124755859412,71.935478515625,74.927138671875,84.637060546875,69.3160302734395,73.0202197265582,72.4429687499957,49.891201171878,32.3890502929697,52.3358593749954,-0.770794906616144
"6667",-1.10740783691416,5.39350830078173,3.4044125366214,7.9632537841804,5.9007995605474,9.49039428711022,15.0141735839857,26.4143383789086,42.5380126953163,62.2836816406287,72.021474609375,74.796337890625,84.43890625,69.891562500002,75.8283886718706,75.1708203124955,54.2570019531282,34.4795849609385,52.8899072265579,-1.783871154785
"6668",-0.972950973510829,5.45601074218799,3.71580841064486,8.26578613281324,6.285097045899,10.0902899169931,15.028013916017,27.2605468750024,43.9535156250039,62.4483398437537,73.60640625,74.6434375,84.2294921875,69.4301611328145,74.7278808593706,75.1151367187455,54.6018994140658,35.8477783203135,52.9157763671829,-1.42939163207995
"6669",-0.934219360351646,5.31404174804735,3.50755310058625,8.2427105712898,6.25174865722712,10.4156323242197,15.8665673828139,27.7451586914087,44.3358056640665,63.5515722656288,74.985546875,77.2794775390625,86.0046875,70.1073974609395,76.234418945308,76.6481542968705,55.9215234375033,37.2102001953136,53.8036083984328,-1.37071060180652
"6670",-1.03230110168466,5.18855834960984,3.4266342163089,7.64942382812568,6.28249755859431,9.15858642578207,14.6661303710951,26.6101635742211,44.999277343754,62.5978369140662,76.1377734375,77.448701171875,85.763876953125,70.3225537109395,76.2238867187455,76.6663281249954,55.9500878906283,35.038193359376,53.6739697265578,-1.24209495544423
"6671",-0.99201705932626,5.15761352539109,3.50012023925813,8.04051269531322,6.13937377929742,9.8130334472665,15.1845971679701,27.9220800781275,45.7123242187541,63.8496093750038,76.9970703125,78.500244140625,87.353994140625,71.1420898437521,75.1543457031206,77.1737548828079,57.0953613281284,35.2962451171885,53.5221484374953,-1.42495086669909
"6672",-1.03596336364755,4.99834503173873,3.41708618164093,7.39749633789129,5.91926269531303,8.98066101074299,14.2555920410169,28.0686425781275,46.7595898437542,65.1765185546914,77.38087890625,80.885693359375,91.017939453125,76.0169921875022,84.2073535156201,85.1929199218699,67.087763671879,38.9362036132824,58.3746874999949,-1.67156158447251
"6673",-0.82097824096687,5.37645263671923,3.70195800781283,7.81880065918038,6.11162414550836,8.58148254394608,13.6125878906262,28.4288867187525,46.5592773437542,62.0995947265662,76.23267578125,76.7031005859375,88.159609375,71.3909179687521,71.2203124999958,73.9889599609331,47.8395996093779,32.6462060546885,49.6933789062457,-1.03268371582022
"6674",-0.939096221923912,5.59304870605519,3.77914062500034,7.83166748046945,6.59075927734434,9.15613037109457,14.4038415527357,28.8771557617213,48.4394531250043,64.6359814453163,75.6802001953125,76.690693359375,87.58427734375,71.0833544921896,71.4956103515583,73.3140820312456,45.7361865234402,31.9149902343759,48.6957226562457,-1.06398239135733
"6675",-0.868956756591874,5.87254516601615,3.87228790283238,8.17087585449292,7.01711730957094,9.26115478515708,14.204919433595,28.6351074218776,49.1437890625044,64.2211572265663,76.82046875,75.398271484375,87.003681640625,70.8081250000021,67.5447216796835,70.3598779296833,39.2417041015648,30.7371801757821,46.7084130859334,0.27613559722898
"6676",-0.760516433715888,6.10469421386773,3.94804016113316,8.2046783447273,6.54242431640683,8.65421264648515,14.7926440429701,28.5624926757838,47.9341308593793,62.7333740234412,74.6725634765625,75.164208984375,86.10041015625,71.1332812500021,76.391586914058,78.8051562499953,52.9824267578157,32.2164257812509,52.6685058593704,-1.3388327026366
"6677",-0.706363754272524,6.24580810546931,4.18284057617225,8.55417724609451,6.68425537109435,8.84749877929766,15.7662670898452,29.1139599609401,48.9141943359419,65.3685449218789,76.0766552734375,76.445107421875,87.4461328125,73.1776806640646,81.1639501953078,82.6262890624951,61.2480859375037,33.9939428710947,54.9401269531202,-0.84066009521477
"6678",-0.831626815795973,6.31963256835994,4.05228759765661,9.56183593750085,7.95679992675852,10.3095886230478,17.2142590332047,29.5776757812526,47.6101367187542,63.6041357421913,76.00533203125,75.6433837890625,86.388515625,71.5902343750021,73.5725390624957,75.3897070312455,47.9028320312529,32.0177343750009,49.3770898437457,0.629235305786078
"6679",-0.694763641357484,6.02690734863335,4.04423370361364,9.35654907226646,8.89736083984454,11.7506103515635,20.1020568847674,31.7013793945341,48.3249560546918,69.6237011718791,79.3875732421875,79.8223193359375,88.5687109375,73.2659179687521,71.9494873046833,74.9323144531206,48.7309179687529,35.1598486328135,51.9429589843705,0.183513259887679
"6680",-0.665001525878966,6.1715600585943,4.0964544677738,9.81900268554775,9.87160766601651,13.6904394531262,21.0258325195331,32.6815917968779,48.3058349609418,70.3568896484417,78.732177734375,78.0754638671875,88.005830078125,72.4094140625021,72.1942675781208,75.647641601558,50.115312500003,36.5260083007823,52.8443505859329,-0.218960571289043
"6681",-0.773719024658272,6.33817871093806,4.21570678710975,9.54962524414148,9.89945434570401,14.0583825683606,20.7081396484393,31.7196289062528,45.7410693359416,66.2572460937539,75.5038671875,74.6014306640625,84.279423828125,69.146376953127,72.7561035156208,76.0297851562455,52.6905224609406,35.4424194335948,55.0274072265577,-0.590417404174753
"6682",-1.0407290649415,6.18033203125055,4.17004577636756,8.91555541992267,9.16527282714925,13.68326904297,20.7057958984393,31.4327221679716,44.920078125004,64.7901416015663,74.8238134765625,73.8276953125,83.671396484375,68.358964843752,70.4368212890584,73.9898779296831,53.5627587890657,34.6426049804698,54.2400292968703,-1.08204696655264
"6683",-1.00723342895517,5.92252563476615,3.75116394043002,7.71369750976631,7.8100634765632,12.2139306640636,18.9044873046892,28.8078613281276,41.2886181640662,57.7424511718784,69.973837890625,68.10021484375,78.21400390625,61.9334765625018,57.6294580078091,62.2780078124963,40.0263085937524,26.7524462890633,45.830566406246,-0.701493606567322
"6684",-0.956247711181726,5.89427673339896,4.12347198486365,7.67000244140693,7.8095898437507,12.1731506347667,19.3673193359392,28.8477856445338,40.7545410156286,57.4506054687534,68.5355078125,66.1981640625,75.0316796875,58.5980322265642,51.380888671872,56.9249121093716,35.7437695312521,25.7021948242195,43.8000488281212,-0.936270065307535
"6685",-0.869460372924882,6.16971740722711,4.07328491210974,7.74976318359444,7.33254699707097,13.3297924804699,19.9179785156268,29.5960400390651,40.7012695312536,58.547944335941,69.169345703125,67.9174462890625,77.275,61.0796386718768,57.2341259765591,62.2776757812463,39.5060058593774,27.7345800781258,47.3906787109334,-1.37524826049793
"6686",-0.79225082397468,5.89085144043021,3.98931091308629,7.59810791015693,6.95639221191468,12.8823278808605,19.0827612304705,27.8352416992212,38.8720434570347,56.4452490234408,67.0101171875,64.735205078125,74.7911181640625,57.9153955078142,52.2489062499969,57.9614648437466,35.7618603515646,25.0064599609382,45.1846289062461,-0.962787017822182
"6687",-0.896363830566486,6.14062622070367,4.28720825195351,8.6028118896492,7.4863519287116,14.0505432128919,20.8748706054706,29.7347167968777,39.9874438476598,58.965336914066,67.995107421875,67.169443359375,75.2202490234375,58.2554443359392,53.1598730468719,58.810004882809,35.7665698242209,27.1599096679695,46.025468749996,-0.607102432250924
"6688",-0.969787750244227,5.86833557128959,4.04527893066442,7.98456542968821,6.57710327148496,11.7393603515635,18.5686328125017,26.8899169921899,38.1829638671909,56.7220507812534,67.1254296875,67.73037109375,75.794892578125,58.7377539062517,57.9949853515591,62.3296874999963,36.6211694335959,27.1983056640633,48.2630615234333,-0.958808822631752
"6689",-1.16479766845714,5.74272949218801,4.43431182861368,8.52204956054764,6.0017633056646,10.3259643554697,18.2932275390641,26.6323242187524,38.0801196289096,54.8946435546908,66.1163427734375,65.915380859375,75.1938134765625,57.5818994140642,58.5633398437466,63.5142626953087,37.4268359375022,27.4352026367196,48.5822216796833,-1.03646270751944
"6690",-1.11362655639658,5.55463684082081,4.01685821533239,8.07382934570385,6.08130065918023,10.5725622558603,17.9451171875016,25.9630346679711,37.5132324218783,54.2157861328157,65.2193310546875,66.3941259765625,75.0880078125,57.2751855468767,58.1109765624966,62.9901708984338,37.4905224609397,27.072658691407,48.6482031249958,-1.08382865905752
"6691",-1.24825889587413,5.40692871093798,4.03933166503942,7.67616638183662,6.58532592773496,10.3175292968759,18.4100988769548,27.1215551757837,39.5000366210973,58.6667773437535,67.506943359375,69.582529296875,80.1296923828125,61.3381494140643,64.3376416015587,67.426494140621,42.51341308594,29.4449316406259,51.4221582031205,-1.49134399414049
"6692",-1.25538177490246,5.81204223632864,4.05530975341833,7.94404541015696,6.18937377929743,10.0128753662118,17.9125170898453,26.5250927734399,39.5286816406285,56.3367968750033,66.2309521484375,69.8953173828125,79.4937548828125,60.6472851562518,64.2270166015587,67.0548095703085,41.9138769531275,28.9560913085946,50.0613330078081,-1.2149242401122
"6693",-1.14694152832041,5.53366882324268,3.84591461181675,6.97640991211,6.22005981445368,8.52110717773514,16.682329101564,25.3484619140648,40.9233984375036,56.6596777343784,66.0979345703125,69.2881787109375,79.09318359375,60.3068115234393,64.1532910156212,67.132128906246,42.0359570312525,29.1611279296884,50.4217773437456,-1.36040786743152
"6694",-1.19245071411143,5.78466796875052,3.78171325683627,7.37264160156316,6.18298400878961,8.31374145507887,16.9139257812515,27.4115673828149,45.1153857421915,61.8646093750037,69.5679296875,72.6658935546875,83.7508203125,63.8316357421894,68.0800341796835,71.3704003906208,47.4989257812528,33.7607202148447,53.7697021484328,-1.25539764404286
"6695",-1.02488365173349,5.44423278808642,3.88000701904331,7.67312255859443,6.7392968750006,8.27996276855542,17.3073120117203,26.9179711914087,44.1599511718789,59.781469726566,67.678955078125,69.599990234375,81.114287109375,61.2816259765643,66.3142187499961,69.8422167968709,45.9472412109402,31.9805468750009,52.2136718749954,-1.73105590820297
"6696",-1.30279632568371,5.50855590820362,3.91029174804722,8.24928466796949,7.35572570800847,9.06378845214925,17.1286059570328,26.6971142578149,42.7755371093788,56.4038183593783,66.298662109375,66.4839501953125,78.8568359375,58.4073583984392,61.8827441406214,66.1688378906211,44.0513671875026,31.6307568359384,50.0062011718706,-1.5241009521483
"6697",-1.17371002197276,5.53520385742237,4.15206726074256,8.52835693359451,8.43868041992263,10.4133288574228,19.0743164062517,29.8333618164089,47.8261816406293,63.5291406250038,71.0951953125,72.9152392578125,84.16544921875,64.4325097656269,70.3811376953084,73.3786035156206,54.1044482421907,38.4312207031261,56.0684472656201,-1.34573165893543
"6698",-1.2507170867921,5.12883483886765,4.18817474365272,8.27497009277418,8.21864868164136,9.76915405273525,18.5696008300798,29.1868994140651,46.8432470703167,63.0254980468787,71.6075390625,73.425537109375,84.19490234375,65.5137890625019,71.7447119140583,74.7017968749956,55.5164892578158,40.1819848632824,55.4835742187452,-1.60899459838853
"6699",-1.23662055969249,5.58785949707081,4.29752716064491,8.95748229980549,8.7241662597664,10.6914038085947,19.3329272460955,30.8355175781278,46.7103759765667,62.2242138671912,71.02427734375,73.024091796875,83.5025,64.4782080078144,68.5636767578085,72.2191113281207,52.6954589843782,39.4357568359387,53.8264550781203,-1.36654235839832
"6700",-1.1465170288087,5.19971679687546,3.99042541503942,8.48754028320388,8.06045043945384,10.0747161865243,18.7055541992204,28.7023706054713,45.7982958984416,62.6389697265662,71.621318359375,73.030703125,83.73771484375,64.8002441406269,70.1531249999959,73.7199121093706,54.9636181640658,40.3922753906262,55.5757373046826,-1.40781616210925
"6701",-1.22858367919933,5.73259399414114,4.23079895019569,9.02665832519612,7.75418945312569,10.3975671386728,19.2005957031267,28.9156616210963,45.5133740234416,60.6804003906286,71.1071923828125,72.30767578125,82.838447265625,63.2206884765643,65.1053271484337,68.6055517578084,48.6116601562529,37.3875830078136,51.0866210937455,-0.543859100341749
"6702",-1.15106651306163,5.35984924316454,4.04205474853552,8.57860839843826,7.95921997070383,10.3501220703134,19.4533593750017,27.7868554687525,45.4096484375041,61.7919140625037,71.2607861328125,73.259140625,82.86337890625,63.7532763671894,66.2669042968711,69.6091406249959,49.5874951171905,37.2597338867198,51.0711425781205,-0.650349960327092
"6703",-1.24008987426769,5.6986981201177,4.31413452148476,9.21893676757895,7.73688537597725,11.0005029296885,18.2526025390641,28.1890795898463,43.8492480468789,58.751889648441,69.6678125,72.144267578125,81.9007421875,62.4158349609393,67.3594628906211,70.3056152343708,50.3690380859405,37.0024414062511,50.0301953124956,-1.15724365234365
"6704",-1.16880813598643,5.58726440429737,3.9819995117191,8.82697265625079,7.27160095214909,10.4187548828134,17.9820996093766,28.44327636719,44.2264892578164,59.912963867191,69.841435546875,71.631630859375,81.8831005859375,62.2947460937518,67.0192333984336,69.2073388671834,50.373974609378,36.6774609375011,49.0491357421832,-1.16820419311513
"6705",-1.25134185791027,5.53923828125049,3.89050262451207,8.67616455078202,7.50919616699286,9.42656738281334,17.253940429689,28.3170507812525,43.1902685546914,61.2105566406286,70.98408203125,73.0740576171875,84.359775390625,64.4797021484394,70.8912304687459,72.9747558593707,53.4064453125032,37.6465869140636,49.4154101562457,-1.04929077148428
"6706",-1.1380158996583,5.89864257812553,4.0978021240238,9.28097900390708,8.13847290039135,10.3681274414072,17.7155346679703,28.6454907226588,43.1922851562539,59.5549414062535,69.5696142578125,71.330009765625,81.931396484375,61.7795410156268,66.8863964843711,68.7025976562459,50.0168017578155,36.3389355468761,46.7152636718709,-1.419923095703
"6707",-0.99638343811044,5.49900573730518,4.00216491699254,8.79388549804766,7.78371215820382,9.39977966308678,17.4758642578141,29.7974218750027,44.3020214843789,61.5427246093786,71.251044921875,72.2563330078125,84.7590625,63.5989501953143,69.9169824218709,71.5189013671833,53.2958056640657,39.1960839843761,47.4194189453084,-1.35226119995105
"6708",-1.04564826965341,5.66442321777394,3.95580535888707,9.08686828613362,7.68386840820381,9.05522705078206,15.537984619142,29.2073999023464,42.4190527343788,57.4214306640659,68.994033203125,67.4893994140625,80.276591796875,59.8228027343767,64.0601123046838,65.4440332031211,45.7560009765652,35.1420361328135,42.3374609374963,-1.25727706909169
"6709",-0.926809005737387,5.47900512695361,4.05495239257849,8.86316162109454,7.98158630371165,8.62203308105546,15.8816699218764,28.6136572265651,41.9412304687537,58.3614843750035,69.774365234375,67.9827294921875,80.98609375,61.0052246093768,63.1240869140588,64.9840283203087,46.2226464843778,35.0347534179698,41.0345654296839,-0.754299697875911
"6710",-0.966445236206141,5.70370117187551,3.98591552734411,8.95498901367267,7.68831420898506,8.96358459472736,16.0854040527358,30.0354760742214,42.4074609375038,58.6297851562535,69.5102685546875,65.464091796875,78.62380859375,57.3748388671892,55.3635498046843,58.1043164062466,41.7621386718775,34.424101562501,36.5836547851531,-0.348172225952118
"6711",-0.913568725586019,5.61245239257863,4.06613952636755,8.57454467773514,7.41363464355535,8.99941589355549,15.8602380371108,29.0859887695338,42.7387646484413,60.0551123046911,71.019833984375,68.0229931640625,80.98431640625,60.2858544921893,54.9229980468718,57.2658593749966,41.4008105468775,33.8998461914072,37.4474169921842,-0.139061908721912
"6712",-1.07015060424814,5.54165283203174,4.236734619141,8.83741943359454,8.36333374023512,9.099284057618,15.2286694335951,27.51435058594,40.4648168945349,56.1026269531283,67.779326171875,63.2799609375,75.88314453125,55.6847167968766,52.9651660156219,56.6755957031216,39.9967358398461,31.3915161132822,35.5375781249969,-0.882409973144454
"6713",-1.03619056701669,6.05758789062554,4.18376953125037,9.12863159179769,8.3630249023445,9.94112854003995,15.3157641601576,28.9522021484401,41.6214648437537,58.3419335937535,69.516484375,66.25025390625,78.441201171875,59.6687695312517,59.5140039062465,62.5057714843713,44.9776367187527,33.233369140626,39.9202148437465,-0.992828369140538
"6714",-1.12556846618662,5.64467407226613,4.25830444335975,9.10651367187581,8.31130371093824,9.14088500976644,15.0421679687513,27.8786499023462,40.0853076171911,58.5646386718785,68.5668115234375,65.586455078125,77.7096240234375,60.2727929687518,63.6427978515588,66.938583984371,47.0360888671903,34.4590258789073,42.1365771484338,-2.10584472656232
"6715",-1.10580261230479,6.08726806640679,4.27484802246132,9.38745910644615,7.8200830078132,9.49977050781335,15.720386962892,28.6315429687526,40.4833276367224,58.1823730468785,69.1877734375,66.95013671875,78.4471337890625,60.9008300781268,64.0900195312463,66.709296874996,47.3135986328153,35.7709619140635,43.2263427734337,-1.92206237792952
"6716",-1.0680622100831,5.78538574218802,4.43419555664102,9.17297424316488,7.62810913086005,8.75989196777422,15.5368688964858,28.0196118164088,41.0104785156287,58.9058300781285,69.284697265625,66.86962890625,76.38837890625,59.2282763671892,58.7425048828091,60.9505761718714,43.1690087890651,34.169306640626,41.1696142578089,-1.64136291503892
"6717",-1.33011367797863,6.03993591308648,4.3662612915043,9.41632751464928,8.03397827148509,9.19557922363363,16.4361486816421,29.1219580078151,40.5982324218786,58.7304687500035,69.1030908203125,67.547734375,75.496875,58.2573144531267,57.1406933593717,59.3604394531215,42.4624902343775,33.3344116210947,41.2367236328089,-0.921284790038982
"6718",-1.15248771667491,5.65456970214894,4.39287933349649,9.06846618652425,7.54514953613349,9.10642211914144,16.7708032226577,28.6518359375026,41.5105810546912,59.9841943359411,71.267841796875,70.0956201171875,78.4557861328125,61.7946972656268,61.7561621093714,63.0937304687463,44.9566162109402,35.545703125001,44.4965917968711,-1.50091445922838
"6719",-1.3551370239259,5.63915405273488,4.32519622802773,9.65599609375086,7.46593444824285,9.53538085937585,16.6442785644546,29.3787451171901,40.4625634765661,59.580971679691,71.111083984375,70.6572265625,78.7361669921875,61.5895019531268,61.3767968749964,63.6014550781212,44.7314843750027,34.8647680664073,43.9265820312462,-1.19128257751455
"6720",-1.29237258911144,5.7234832763677,4.39794006347696,9.75261230468837,7.40286376953191,10.4300292968759,17.067934570314,29.4702465820339,41.2834228515662,58.557797851566,70.5841748046875,69.5140966796875,77.8565625,60.2767480468768,57.5994873046841,60.5182275390589,43.6799316406276,33.5886010742197,42.3893066406213,-0.613745269775337
"6721",-1.4679188537599,5.24320190429734,4.09070617675818,9.27985961914145,6.99432006836,10.224009399415,16.3740173339858,27.88093261719,40.0943603515661,59.0820800781285,69.642900390625,68.0519775390625,75.19845703125,57.9422509765642,51.4743408203095,56.0678222656217,40.2581909179712,32.923837890626,38.5256811523404,-0.752613372802669
"6722",-1.35453399658215,5.55205932617237,4.30769195556679,9.88836303711026,6.9151336669928,11.9909777832042,16.8612207031265,30.0988134765652,41.5419384765662,56.8288378906284,68.597763671875,65.40779296875,73.076171875,55.7243652343766,49.8141601562471,55.6148437499967,39.5921728515649,32.1302099609384,37.6626147460905,-0.579926376342723
"6723",-1.16902313232432,5.40327941894579,4.68525146484417,9.74667846679774,7.72094116211006,12.2459826660167,16.9158618164078,28.9102294921901,41.0724414062537,56.1346777343783,67.67349609375,66.8311572265625,74.697451171875,57.8942968750017,56.9049804687467,60.6923095703089,44.5879296875027,35.0066845703135,42.1656982421838,-1.11509704589834
"6724",-1.32217895507824,5.57652404785206,4.72583343505902,10.5709936523447,7.60176513671943,13.3411413574231,17.0846362304703,30.2253027343777,42.3017285156288,56.7374707031284,68.124091796875,68.151474609375,76.15291015625,59.2202246093767,62.5942236328088,66.0752636718711,48.0586035156279,37.1493017578136,44.3055517578086,-1.52270156860338
"6725",-1.24527412414562,5.26624389648484,4.79813812255902,10.0691162109384,8.08114868164135,12.5429943847667,18.4740625000016,30.3004052734402,44.330117187504,58.1321386718784,69.474404296875,69.08083984375,77.6311279296875,60.6840625000018,63.1119873046838,66.3593652343711,49.0808300781279,37.1625634765636,45.0571484374961,-1.50221939086901
"6726",-1.25484588623058,4.8764703369145,4.47472717285196,9.5496997070321,7.39198608398503,12.1907910156261,17.9475109863297,29.0182788085963,43.0091406250038,57.7297460937534,69.1604296875,67.8705126953125,78.297529296875,61.5238574218768,65.4687255859337,67.8891162109335,49.3412695312529,36.6286669921886,45.0385302734336,-1.37067108154285
"6727",-1.09103652954111,4.99173156738326,4.81482086181684,9.79879394531337,7.73482055664132,12.6278906250011,18.3050439453141,29.2183325195339,43.5699218750039,57.2892675781284,69.155791015625,67.633203125,77.8349072265625,60.5443164062518,62.8581738281213,64.6628613281212,47.0788818359403,35.162021484376,42.8490869140588,-0.966332015991127
"6728",-0.983495330810635,4.916680297852,4.84450561523481,9.87601196289151,8.53451293945388,13.2427026367199,19.569230957033,30.1455297851589,45.4489746093791,59.773569335941,71.20087890625,69.0216845703125,79.346962890625,61.1730371093768,61.2249902343714,62.2471386718713,45.7040576171902,34.9765283203135,42.6894042968713,-0.844500198364184
"6729",-0.94623916625985,5.22568969726609,4.86896728515669,9.86522460937588,8.15860534668041,12.3809155273449,17.6687695312516,27.8165551757837,42.6302685546913,57.1029589843784,69.04873046875,66.9508984375,77.585869140625,60.0001416015642,64.2863183593713,65.5548291015586,48.4132617187529,34.2487182617198,43.9055810546837,-1.37588760375965
"6730",-0.956335983276452,4.86596130371137,4.99166717529341,9.6580218505868,8.99333374023518,12.5626831054699,19.2065771484392,27.9902343750025,43.9472656250039,58.1799316406285,70.06625,68.5559375,79.18775390625,60.6965966796893,61.5255273437464,61.7830078124963,45.9487988281277,34.2216284179697,43.4451855468712,-0.85404891967766
"6731",-1.04208854675302,5.14556396484421,4.88501831054731,10.3058093261728,9.34391235351646,12.3079736328136,18.9414123535173,26.7239453125024,42.5336572265663,55.9558886718783,68.73619140625,68.52458984375,79.7300439453125,61.2269824218768,66.3525195312461,67.2210302734335,49.6087646484405,34.5118725585948,45.7402099609335,-1.39360534667957
"6732",-1.05233680725107,4.75813537597699,4.82461517334027,9.46253417968834,8.51307006836013,10.7867419433603,19.0523010253923,25.3342407226585,43.1154345703163,58.397709960941,69.566591796875,69.7766455078125,81.1972412109375,61.9465283203143,65.4225683593712,65.1439746093711,48.4164550781279,34.4951806640635,45.7631884765585,-1.09936508178701
"6733",-1.09909019470225,4.8647222900395,4.65528594970745,9.96906494140714,9.30111755371177,11.2125988769541,20.3221289062518,26.0646386718773,43.6429638671914,57.3735351562534,68.223193359375,68.7998828125,80.2195263671875,61.1996386718768,65.4483642578087,65.3606201171836,48.6209082031279,35.226845703126,46.4687939453084,-2.00421325683576
"6734",-1.02806701660165,4.99235870361373,4.85591125488325,9.99218383789152,8.75713867187578,10.4098693847666,18.6687426757829,25.6765917968773,44.287568359379,58.7652148437535,69.536337890625,69.120283203125,80.614755859375,61.9746142578143,63.7964404296838,65.0737695312461,47.1256591796903,34.7715185546885,45.2312060546836,-1.34660720825183
"6735",-0.80036819458015,5.04872711181686,4.7780261230473,9.72543701171962,8.6581359863289,9.81348693847744,18.5560363769548,24.5330419921897,42.1454687500038,56.5653173828159,67.510537109375,64.961494140625,76.6168798828125,57.9229150390642,56.9283300781217,59.4976855468715,42.3691113281275,31.6949414062509,42.1098925781213,-0.714092102050719
"6736",-1.08651374816904,5.25236022949266,4.70175537109417,10.2431701660165,9.01253295898518,11.1198498535166,21.2452368164081,26.0426367187523,44.696455078129,60.5247558593786,69.904658203125,68.938994140625,78.8667431640625,60.0674902343767,59.0439501953091,62.3153515624963,44.7493847656277,34.8788256835948,44.1254003906211,-1.23616340637196
"6737",-0.955847244262781,4.93375640869185,4.50817626953165,9.71359375000087,8.65522033691483,10.0689978027353,20.2279650878924,24.1348266601584,42.1944189453163,56.6287792968784,67.85517578125,67.8165625,77.211787109375,58.9636621093767,60.377192382809,63.6252441406212,46.2865917968778,34.2057568359385,44.6609570312461,-1.97063888549787
"6738",-1.18974578857433,5.1627435302739,4.55962280273478,10.6134399414072,8.55790649414139,10.9940551757822,20.4315283203143,24.8429125976585,41.9300195312537,56.5853027343783,68.7251123046875,68.3204345703125,77.148125,59.2733593750017,60.510786132809,64.5969042968712,47.2205761718778,34.843935546876,44.9709130859336,-1.48621292114245
"6739",-0.919746093750082,4.89278717041059,4.53635620117228,9.5304174804696,8.1117126464851,9.95623962402433,19.746389160158,24.816882324221,41.6933837890662,59.5823828125035,71.788779296875,73.3942578125,81.995859375,63.4751611328143,61.9863574218714,65.1067382812461,47.4511181640653,35.8522778320323,45.9967236328085,-1.03389312744132
"6740",-1.10130195617686,4.88455078125044,4.67337890625042,10.5870056152353,8.6858703613289,11.6332653808604,21.8309277343769,25.2819750976585,40.9809130859412,56.5921044921908,69.075244140625,68.9585205078125,78.175029296875,59.7758398437517,60.6929296874965,64.5092626953087,48.0475683593779,35.789101562501,44.9922216796836,-1.56265350341783
"6741",-1.05995513916025,4.7859216308598,4.56370300293009,9.81586608886806,7.57111083984443,10.7542724609385,19.6003417968767,24.3541845703147,40.6440844726599,59.4935156250035,72.05228515625,73.922666015625,82.17865234375,64.7885351562519,66.0261816406211,69.0406445312459,49.979414062503,36.7621826171886,47.2334863281209,-1.05001731872549
"6742",-1.09847900390635,4.59274291992228,4.6017953491215,9.85648193359463,7.41185058593816,11.3557263183604,20.8851342773456,26.5506079101586,42.4900878906288,59.8996777343785,72.02822265625,74.123857421875,81.2795751953125,64.2770898437519,63.7347216796838,66.974785156246,48.8617578125029,37.2142700195323,45.761445312496,-1.5015962219237
"6743",-1.17779106140147,4.69129577636761,4.74642089843792,10.0344958496103,6.72149658203185,11.7252624511729,20.9435009765644,26.0606127929711,41.6110449218787,58.7055859375035,71.0709326171875,71.0465771484375,78.573779296875,62.1478125000018,59.922026367184,63.8819189453087,46.1856250000028,35.411826171876,43.7086035156212,-1.49211227416979
"6744",-1.04440963745127,4.46775512695352,4.73858551025433,10.1274047851572,6.03458679199273,11.725029296876,20.4457836914081,26.9008984375024,42.8397509765663,59.783032226566,71.7948388671875,72.792578125,80.9797021484375,64.9765234375019,60.4813281249965,64.9606542968712,44.8968603515652,35.330625000001,44.0996337890587,-1.11457588195791
"6745",-0.98665100097665,4.81913330078168,4.92702331543013,10.7033361816416,6.55699401855527,12.5473828125011,20.3192089843768,27.5881250000025,42.9735058593788,57.3529833984409,70.0898095703125,68.6585986328125,78.333916015625,62.3167041015643,58.5126953124966,63.1971240234338,43.5877392578151,33.5407592773447,42.8084130859338,-1.38435592651355
"6746",-1.12695938110362,4.46794555664102,4.69977874755901,9.48354980468835,5.56273620605518,11.8135021972667,19.401857910158,26.2255615234398,42.2715332031288,55.5451074218783,68.8856298828125,65.81884765625,75.071376953125,60.5820361328143,52.8255126953094,58.244340820309,39.8403271484399,31.9930151367197,39.6180566406215,-1.29661148071278
"6747",-1.20868026733409,4.75626373291058,4.83002929687543,9.97914550781339,5.33935241699266,12.0418090820323,18.4507177734391,26.1331250000023,41.6818212890662,53.8839648437532,69.116630859375,68.514140625,76.822705078125,62.8542041015643,59.569555664059,64.2057568359337,42.9334912109401,32.5224462890635,41.3144335937464,-1.23157493591298
"6748",-0.979784927368251,4.73727996826214,4.86141052246137,9.89246704101651,5.4465899658208,12.1699853515636,17.5580297851578,26.6629663085961,43.3376513671914,55.7069628906283,70.71533203125,69.996357421875,78.611513671875,64.3905126953144,61.7293505859339,65.3299365234336,45.2732470703152,34.717265625001,42.6308203124963,-1.31228408813465
"6749",-1.09046829223643,4.52885040283244,4.92567871093794,9.6380462646493,5.34933898925829,11.7479711914073,16.8016967773452,27.3859594726587,42.5306445312538,55.6633398437533,70.701337890625,70.3095751953125,78.852724609375,64.8072705078144,62.5492578124963,65.6842773437461,44.7768457031277,35.1579736328135,42.0995068359338,-2.44424560546854
"6750",-1.01031433105478,4.86957946777387,4.897266235352,9.83856689453213,5.19969482421921,11.7405285644542,16.8655957031265,27.9680590820337,41.7478857421912,55.3592138671908,71.13552734375,70.158583984375,79.7404345703125,64.7124707031269,60.1086132812465,63.0917968749963,43.5240527343776,34.502431640626,40.2679174804652,-1.79214889526351
"6751",-1.0855224609376,4.51794677734415,4.71751403808636,9.03706665039143,4.49439270019571,10.1733526611337,15.6901550292983,27.6230078125025,41.9914697265662,56.1908007812533,70.93916015625,68.89576171875,79.57701171875,63.5610058593768,55.5241943359343,60.2861865234339,41.3066796875025,33.1508642578135,38.6071752929654,-1.77878356933578
"6752",-1.18525466918956,4.604681091309,4.57501403808635,8.76084228515703,3.72746490478549,8.60065673828202,14.5769726562513,25.6476806640648,36.4655078125033,50.8789990234405,69.0038134765625,66.796689453125,77.0523046875,62.7020410156268,58.2431298828091,62.9056933593713,43.2868115234401,31.9603906250009,39.8759472656215,-1.13833335876455
"6770",-0.286497421264674,6.35381958007869,3.61801086425813,8.69409606933671,6.51503723144589,10.0604284667978,18.6127709960954,25.9777612304711,40.9028417968786,61.5112353515661,70.7323681640625,72.4063037109375,80.035966796875,65.8009667968769,65.0497753906212,65.6414599609336,37.1882543945335,32.6569018554697,47.3487304687459,0.03149059295654
"6771",-0.376880760192905,6.33507324218806,3.58567626953157,8.3224615478523,6.37893371582088,9.41803222656334,18.8216149902361,25.1977148437522,41.3734033203162,62.3349658203162,71.03390625,73.8863037109375,80.7507421875,67.161396484377,67.2574023437461,66.940234374996,38.7414672851586,33.1328295898447,49.1197412109332,-0.16768547058104
"6772",-0.408977661132849,6.09230529785211,3.72757446289096,8.59568115234452,6.55627807617246,10.3344042968759,19.6001354980486,26.2193676757836,42.8587207031288,64.1505761718788,72.433701171875,73.801923828125,80.2417822265625,66.4828125000019,65.2158300781212,64.7641064453087,39.2785888671899,33.3459301757822,48.6042675781208,0.091455383300773
"6773",-0.470858726501507,6.06253784179742,3.43412994384796,8.52705688476639,6.8191131591803,10.4426672363291,20.2930615234393,28.31741699219,44.547841796879,69.1165039062541,75.810869140625,78.76474609375,84.93416015625,70.8247021484396,68.720624999996,67.779853515621,42.3413281250025,34.3946533203135,51.0222363281205,0.334429931640596
"6774",-0.51721656799321,5.86702270507865,3.43630035400421,8.05915954589916,6.36858154296932,9.58435546875086,19.1086572265642,27.3840429687524,43.8932275390664,67.0723095703165,75.441044921875,79.004384765625,86.7341015625,72.6067236328146,75.4855126953081,74.7674023437456,47.0347753906278,35.587568359376,54.4618847656202,0.099132232666007
"6775",-0.395058670043981,6.26519653320368,3.63728118896517,8.72617675781328,6.70846801757872,10.7902941894541,21.2683593750019,30.8560229492215,46.9917529296917,69.7072949218791,76.896591796875,81.108505859375,87.933837890625,73.0341601562521,77.6774902343705,76.8744140624954,50.6927978515655,36.9390576171886,56.6644628906201,-0.06890346527099
"6776",-0.478662948608441,6.15869201660211,3.7308062744144,8.67500000000077,7.25988769531315,11.2212048339854,20.4026123046893,29.6084277343776,46.4340136718791,68.9005908203166,76.3297265625,79.57421875,86.09580078125,71.0049365234396,74.8327832031206,74.5244921874956,48.8593554687529,35.8772265625011,53.8590624999953,-0.085122375488274
"6777",-0.515909385681198,6.20570922851618,3.71427215576205,8.35641967773512,6.12494934082086,10.7735571289072,19.1274353027361,29.0462500000026,45.378935546879,67.805742187504,77.1353173828125,80.451611328125,88.30314453125,73.5912402343771,78.2433984374954,77.9355957031204,50.3296728515655,34.5017065429698,54.6783544921827,0.12760097503661
"6778",-0.368853111267123,6.22829895019587,3.7310308837894,8.02539611816478,6.23337158203181,10.2220355224618,18.1397656250016,28.144672851565,45.1211474609415,65.9366308593789,76.131796875,78.699521484375,86.5101953125,71.2678222656271,74.0168798828082,73.7752734374956,45.2614892578152,32.1330004882822,51.799252929683,0.824305648803639
"6779",-0.344034042358429,5.98467590332085,3.66799011230502,8.42335449218825,6.43575927734432,10.7096960449228,17.5301440429703,27.8629882812525,45.0386962890665,65.1106054687539,75.360390625,77.639013671875,85.8258984375,70.017460937502,73.9025585937457,73.6401269531206,47.9127832031279,33.1467553710947,54.5935107421827,0.346881484985321
"6780",-0.327279319763213,6.21952575683649,3.82467590332065,8.32213256836012,6.45786865234433,10.5274291992197,17.2092980957047,27.8224877929712,44.7192919921915,64.7321386718788,74.71025390625,77.0925,85.599658203125,69.623730468752,73.1712792968707,72.7522851562457,48.0764648437529,33.569746093751,53.5609814453078,0.306458320617649
"6781",-0.43521198272709,5.88318298339896,3.74361450195346,7.71185546875069,5.57074584960987,9.14795898437582,15.3996337890639,26.4019384765649,42.8939843750038,63.6995507812538,74.83189453125,77.746826171875,86.4369921875,70.8854589843771,75.8989550781206,75.6666210937455,49.623105468753,33.847773437501,55.4212890624952,0.027679557800291
"6782",-0.493582649231001,5.80298950195364,3.45528900146515,7.38790405273503,4.86025238037153,7.73973876953194,13.0239038085949,24.0042797851584,40.9665722656287,61.9794189453162,73.4116796875,76.60427734375,85.7882421875,70.336376953127,75.3592822265581,74.8852392578081,49.1924902343779,33.156396484376,53.7704345703078,0.069109706878656
"6783",-0.463828506469768,5.8547497558599,3.68604248046908,7.78225585937569,5.32014465332079,7.51159301757879,12.3982788085949,24.0762084960959,41.0271289062537,62.8974023437537,72.74203125,77.707646484375,85.22064453125,69.783320312502,75.0183984374956,74.2520947265581,50.845908203128,33.009697265626,54.5385937499952,-0.268121051788307
"6784",-0.332489967346221,5.86439453125052,3.76680816650424,7.88484252929758,4.92763641357466,7.767468872071,12.7820617675793,25.4441748046898,42.1947460937538,65.7772509765664,74.1802734375,79.975908203125,88.637392578125,73.6953320312521,82.4403808593702,81.5380078124952,59.0906640625035,36.0933496093761,57.3122509765575,-0.004219818115234
"6785",-0.189067592620866,5.93368103027397,4.08078735351599,8.16247558593823,6.42836486816464,9.81228820800869,15.4475512695326,28.0165454101587,46.1638574218791,70.4466064453167,76.2131396484375,82.433974609375,89.845830078125,74.6973632812522,83.5747265624951,82.1630273437451,61.8314355468787,39.6408422851574,57.8991943359324,-0.169823608398423
"6786",-0.161668453216567,5.89421142578177,4.08827270507849,8.1264880371101,5.97113830566459,9.40705200195396,15.1033581542982,27.50647949219,45.0941259765665,66.6791455078164,75.2943505859375,81.18443359375,89.4237109375,73.9201904296896,82.8534667968702,82.6184570312451,63.0224316406288,38.5105444335949,57.4657763671825,-0.128320083618153
"6787",-0.136688146591199,5.85000183105521,3.96051147460973,7.41374328613347,5.42243652343798,7.5283752441413,12.8183178710949,25.2861840820335,44.487089843754,65.6237500000039,76.3518310546875,82.046875,91.1480859375,74.9745458984397,84.4234960937451,85.02780273437,66.346503906254,38.6500341796886,59.0348730468698,0.439704513549766
"6788",-0.374314994812045,5.70924560546926,4.0646185302738,7.45463378906316,5.86902648925834,8.67963195800859,14.00748779297,26.6309472656274,46.6050097656292,66.8652978515665,76.9066015625,80.89498046875,88.945419921875,73.3335839843771,83.3361523437451,83.72600585937,64.4599804687539,36.9918823242198,58.3972949218699,0.635670661926214
"6789",-0.233902320861837,5.81386108398489,4.15860565185584,7.58450439453193,5.64433227539113,7.98402954101634,12.3001672363292,26.4035961914086,45.5413574218791,63.5050830078163,76.3237109375,80.6909521484375,90.15048828125,73.7571875000021,83.3557031249951,84.332324218745,67.287841796879,38.2347558593761,59.2811523437448,0.389816322326626
"6790",-0.228054103851339,5.49661132812549,4.22933319091835,7.46959472656317,5.98293395996147,7.75718200683663,12.6361682128918,27.2168701171899,46.3139697265666,63.9112402343788,76.7290625,81.0433154296875,90.56625,74.8902832031272,82.7407324218702,84.08676757812,61.7180664062537,38.0642333984386,58.7516796874949,0.231703071594218
"6791",-0.349085235595734,5.5535156250005,3.87562866210972,6.86185424804749,5.11409362793014,6.42768310546932,11.2544152832041,26.5195532226586,47.6698486328168,67.3651220703165,80.40283203125,85.47677734375,96.24322265625,80.9008984375023,89.0874707031198,90.6716210937446,68.9981738281291,39.9602075195324,60.7655957031197,0.572954025268505
"6792",-0.046349773406987,5.98820312500053,4.70836334228558,8.48558471679763,7.60355163574287,9.66097961425868,15.2762890625014,30.2434228515652,50.4247949218795,68.5250537109416,78.9761669921875,80.92806640625,91.934375,75.0739257812522,77.2490039062455,79.2879394531203,54.7627441406283,36.4098535156261,55.2968994140577,0.323293609619112
"6793",-0.216648139953633,6.15352233886774,4.33534149169961,8.23382751464917,6.3982482910162,8.47561401367263,14.1167077636731,29.3040942382839,48.4608154296918,67.4675048828165,78.6244677734375,79.9363623046875,90.81421875,75.0291796875022,77.6485937499955,79.3935595703078,50.068349609378,35.1641235351573,54.0983886718703,0.560030479431104
"6794",0.008065540790559,6.37299926757869,4.38726501464883,8.36837036132887,7.11752624511782,9.32686889648521,16.2172827148452,30.4249560546902,48.2709033203168,67.0723779296915,77.363857421875,79.017138671875,90.62341796875,74.9769140625022,82.7354785156202,84.235839843745,61.4253417968787,38.4933398437511,58.3084863281199,0.424335708618127
"6795",-0.12386537551881,6.46705261230526,4.36371124267617,8.11654113769604,6.50291381835996,8.69248046875077,15.2217138671889,29.2108178710964,47.3585156250042,67.1634130859415,77.41451171875,79.9503173828125,91.7069921875,76.8306640625022,86.34709960937,87.7935449218698,67.1749658203165,38.1467236328136,58.9676855468699,0.130768165588367
"6796",-0.081467380523689,6.90706054687562,4.61973724365276,9.2082702636727,7.77733276367257,10.7563757324228,17.0231604003921,30.312580566409,47.7526074218793,67.777421875004,77.0686328125,79.540263671875,90.9878125,75.8943261718772,83.8734179687451,85.7000683593699,63.4247558593788,36.5881176757823,57.9854589843699,1.10936676025381
"6797",-0.124797010421764,6.37243408203182,4.25030120849647,8.52405456543045,7.73095458984444,10.5791027832041,17.765960693361,29.9798120117214,47.6670410156293,68.8634423828166,78.68662109375,81.517421875,91.70615234375,76.3775683593772,83.2337695312451,85.8939062499949,61.0839013671911,36.7500537109386,58.7284912109324,1.05544815063467
"6798",-0.1839417076111,6.45012695312557,3.8299713134769,7.40864868164129,7.02744567871156,9.53262084961023,15.9084008789077,28.7572534179713,45.258593750004,66.989775390629,78.544697265625,82.226572265625,92.525771484375,78.1847656250023,85.319550781245,88.1583593749948,64.2032421875038,35.492070312501,60.7305566406197,0.901794052123945
"6799",-0.165377120971694,6.60584899902403,4.46653594970743,8.79572937011797,9.66458862304774,13.4116149902356,20.6132055664081,33.0528637695342,47.1783740234417,67.179492187504,75.817900390625,76.1566455078125,85.611103515625,70.6330371093771,75.1494140624956,78.7175781249953,56.9226318359409,35.653408203126,57.7836279296825,0.891249008178633
"6800",-0.414391937255896,6.57124572753965,4.50008483886759,8.59476501464921,8.89180297851642,13.3297094726574,19.8899938964861,32.4914013671904,44.9547802734415,64.0603759765663,73.03099609375,71.340712890625,81.1918505859375,65.1034423828144,65.3805859374962,70.1092968749958,47.9876562500029,33.0385791015635,53.9654296874953,0.86424209594719
"6801",-0.423912010192909,6.20602355957087,4.18505340576209,7.39175415039128,7.87926452636789,12.0532275390636,19.3938049316424,30.6984472656277,43.4551953125039,62.8549902343787,72.08767578125,69.68669921875,79.4935498046875,62.9691015625018,59.8762011718715,65.3209570312461,43.5393847656276,29.6823974609384,50.8178320312456,0.451970748901328
"6802",-0.519326248168992,6.02893249511773,4.11267791748084,7.18294921875064,7.34663574218816,11.414902343751,17.9769140625016,28.7588574218776,40.3961767578161,57.3525292968784,68.442548828125,66.20724609375,76.0548974609375,59.4064111328142,53.5160253906219,59.7620947265589,38.2781396484398,27.098937988282,47.7282226562458,0.640007781982366
"6803",-0.265253009796166,6.30636718750056,4.53952209472697,7.90938598632883,7.64236938476631,12.8324804687511,18.7373889160173,29.9380273437527,40.2097900390661,58.4797851562535,68.828974609375,66.4509423828125,75.4237890625,58.6412109375017,49.9024902343721,56.9724316406216,37.3372607421897,26.7423706054695,48.0398681640583,0.842607269287036
"6804",-0.33792594909671,6.00425048828179,4.43629089355508,7.84113403320382,7.29065795898503,12.5070959472667,19.3112792968767,28.11507324219,39.590063476566,58.0326904296909,67.24982421875,65.6420166015625,74.110859375,57.0905371093767,51.368613281247,58.1586718749965,36.8186816406272,27.1723046875008,47.8792919921833,0.160135364532457
"6805",-0.458830871582072,6.24007507324274,4.48622009277384,8.22592529296948,6.92984008789124,12.5047961425792,18.9893920898454,27.8455932617212,38.6933691406284,58.1093798828159,67.6658154296875,66.8368359375,75.8578125,57.7812841796892,51.197519531247,58.0383691406216,35.3677783203146,27.4552587890633,48.2511718749958,0.675101165771425
"6806",-0.453667030334513,6.03920776367241,4.5773992919926,8.447541503907,7.46898559570379,12.2589916992198,20.2752685546893,29.2393505859401,40.3492529296911,61.9792480468787,68.1182861328125,67.1498583984375,76.139384765625,57.6792626953142,53.1284277343719,59.443579101559,36.8691601562522,29.7857568359384,50.7327148437456,0.093470439910881
"6807",-0.752089614868231,5.87453308105521,4.49732849121134,8.33292968750074,6.23171020507868,11.2820520019541,18.9588867187517,29.2524853515651,40.4469677734411,60.4366699218786,68.2403515625,68.65087890625,77.4172705078125,59.1087792968767,57.2800488281217,63.2001660156213,39.0018457031273,31.0559765625009,51.4885156249955,-0.161075153350816
"6808",-0.59120056152349,5.79918823242239,4.58312652587932,8.30577636718824,6.66811096191466,11.137880859376,19.3096423339861,27.6750781250025,39.6191601562535,55.9061279296908,65.506708984375,62.57126953125,73.204169921875,53.5162548828141,49.0380322265596,58.0811962890591,35.9137866210959,26.9664404296883,48.5913378906208,0.177647075653061
"6809",-0.650631408691464,5.6785076904302,4.5936801147465,8.28436523437574,6.79528259277404,10.4301672363291,18.4950341796891,27.7924707031275,40.7820361328161,57.0242236328159,66.552529296875,63.2820556640625,75.559814453125,54.9465771484391,50.993916015622,57.5634472656216,36.1889843750022,28.2935839843758,47.8869287109333,0.440954208373985
"6810",-0.833150024414137,5.85543518066458,4.5083886718754,8.0096502685554,6.52141296386777,9.6722698974618,18.0940747070329,27.1752197265649,40.7408715820349,55.6023925781283,66.573203125,63.2634228515625,76.038916015625,56.3647802734391,51.649238281247,58.8280175781215,36.4972998046897,28.5030639648446,48.2529833984333,0.065834846496576
"6811",-0.819054870605542,5.42429199218798,4.18372070312537,7.34841674804753,6.30000061035213,8.06952392578197,16.547534179689,26.0776098632836,40.8479956054724,57.6285449218784,67.7233203125,67.52595703125,80.580244140625,61.3028125000018,64.4161865234337,68.6370605468709,43.7342919921901,32.1990478515634,54.1333251953078,-0.477014961242634
"6812",-0.837473297119215,5.69380859375051,4.26747802734413,7.90071716308664,6.81858764648498,8.65940124511796,17.4541613769547,26.8945629882836,42.6441503906288,58.460737304691,68.212822265625,68.7575,80.795244140625,61.1862744140643,64.4755175781212,68.199716796871,44.1025488281276,33.4121533203135,53.1095605468704,-0.886202163696212
"6813",-0.741027374267644,5.47302917480518,4.34858551025429,7.96610717773509,6.93642028808656,7.703718872071,16.7840551757827,25.192556152346,41.6986816406287,57.0412158203159,66.548603515625,65.5539892578125,79.23205078125,59.5269140625017,63.4224169921838,66.8601416015585,42.7957324218776,31.486875000001,52.2303222656204,-0.961535644531166
"6814",-1.12748657226573,5.38229370117236,4.0832659912113,8.29797790527418,7.34931335449284,8.81532104492266,17.5635339355484,28.058950195315,44.569316406254,60.7574951171911,69.670478515625,69.89259765625,82.35904296875,63.3555468750018,68.1189794921835,72.1343359374957,51.6689843750031,35.7877954101573,54.9511328124952,-0.910881500244061
"6815",-0.866615066528398,5.38184448242235,4.30864624023476,8.07936340332103,7.5342541503913,9.08930175781331,17.2403100585953,27.65308105469,44.1784277343789,59.9476123046911,69.00634765625,68.212099609375,80.417587890625,60.8935595703143,65.5083007812462,68.3111669921834,47.5370166015653,34.7742163085948,52.1767187499954,-1.07844909667959
"6816",-1.25298515319835,5.18045959472702,4.2001867675785,8.53212768554764,7.66335021972725,9.09973937988362,16.5903515625015,26.5563574218774,43.2045312500039,58.4905175781285,67.92234375,67.177802734375,79.5474169921875,60.5378271484392,64.5110009765587,67.868720703121,47.0373974609403,35.1126831054698,51.9812207031205,-1.05173141479483
"6817",-0.932582550048911,5.53911621093799,4.53032318115275,8.68840698242265,7.92919738769602,9.78016540527431,17.8901733398453,27.8983129882837,45.2973388671915,59.0144628906285,70.49626953125,70.39107421875,81.7340869140625,62.7412304687518,66.8041210937461,69.5443554687459,48.8308398437529,36.4570971679698,52.9561230468704,-0.713885116577086
"6818",-1.03052993774423,5.15546386718796,4.44276245117227,8.73395507812578,7.96053710937571,9.82301513671963,17.8466430664078,27.4681420898462,44.1541210937539,58.1266015625034,70.0352685546875,70.846865234375,81.374541015625,62.4732080078143,67.1927246093711,70.5045214843708,49.967714843753,37.2263793945323,53.3387353515578,-0.614782028198189
"6819",-0.93796653747567,5.65435180664113,4.70184387207073,9.76470520019618,8.57220336914139,11.0772253417979,19.3139489746111,28.9490478515651,44.230849609379,58.3237304687535,69.6936474609375,69.28890625,79.006640625,59.6074121093767,58.8748339843716,63.3349755859337,44.1707031250026,35.0455981445323,48.1008984374958,-0.126227474212635
"6820",-1.11744354248057,5.33093261718798,4.46306701660196,9.37484252929771,8.2379058837898,10.2406811523447,19.6350402832049,28.1125683593775,43.1445361328163,57.5381835937534,69.783525390625,68.653056640625,79.6101416015625,60.0825439453142,57.7714257812466,62.2383544921838,42.7106054687526,34.0919604492197,45.7336474609335,0.01102123260498
"6821",-1.22535034179698,5.54701965332081,4.22298645019569,9.33015747070396,7.12885253906314,10.1842504882822,19.0655053710955,27.8813085937525,43.7274902343789,57.3351904296909,70.09484375,69.627744140625,81.131767578125,62.2930468750018,66.6458886718711,69.4978710937459,48.6352880859404,36.7607202148448,49.5549023437457,-0.585250740051218
"6822",-1.04350074768076,5.56920715332081,4.24845550537147,9.42798767089928,7.50012512207098,9.71699279785243,17.878939208986,28.3361352539088,44.3284423828165,59.0017675781285,71.5656884765625,72.6359375,83.4753515625,64.6189062500019,70.2706738281209,71.9943701171832,52.0267724609406,38.4618603515636,50.3822558593706,-0.72617149353021
"6823",-1.15396667480479,5.65783508300832,4.02049438476598,9.4589038085946,7.70946838378975,9.5424926757821,15.923892822267,27.1738696289087,41.9132617187537,57.3891845703159,69.3695703125,70.820546875,82.75900390625,62.7538671875018,67.7131591796835,69.0587646484334,48.1198925781279,35.478212890626,48.5583984374958,-0.774242782592706
"6824",-0.978434219360439,5.73100830078176,4.31196685791054,9.89584716796963,8.19326416015698,9.84094970703213,15.6599438476576,27.1449560546899,41.7243066406287,56.7489843750034,69.0875537109375,67.475341796875,81.018427734375,60.7697460937518,65.5221386718712,67.097861328121,47.6547802734403,34.8652880859385,44.4496240234336,-0.903040237426679
"6825",-1.03493026733408,5.61461242675831,4.31187255859413,10.0170874023446,8.18148193359448,9.51479064941491,15.3856787109389,27.0918237304712,39.9481347656286,52.3806347656281,66.7951171875,61.7202685546875,77.7220751953125,56.4112304687516,53.9898291015593,56.6640624999966,39.8427050781274,32.5700708007822,38.1614477539029,-0.313758773803684
"6826",-0.88258705139168,5.82570373535208,4.29702087402382,9.76172424316493,7.56255554199286,8.57012512207108,14.38780029297,26.6364965820336,39.8073852539098,53.7731250000032,68.53884765625,63.1680810546875,79.5537255859375,57.8082226562517,54.0403076171843,56.8317871093716,38.8964672851586,31.4897338867197,36.6453710937468,0.201992492675764
"6827",-0.976771469116298,5.46421142578174,4.19231994628944,9.27092529296958,7.82126708984445,8.15605102539135,14.413767089845,27.0132763671899,41.7997705078162,57.5036914062534,71.56591796875,69.8129248046875,83.40658203125,64.4926171875019,65.6179541015587,65.9824169921836,45.2822265625027,34.9132275390635,41.7320556640589,0.195416107177717
"6828",-1.13084533691416,5.61596923828175,4.14184417724646,9.41298645019615,7.76391113281319,8.05731201171947,13.77381591797,25.1792724609397,38.0292016601596,49.0296777343779,66.823544921875,61.199765625,76.586162109375,57.0678564453142,56.2760156249967,59.9303320312465,40.5251733398462,30.9270434570322,36.2003466796843,-0.213474788665753
"6829",-0.988195037841885,5.52324218750049,4.25119323730507,9.2758728027352,7.84020629882882,7.64237365722724,14.0296289062513,25.2876708984398,39.244711914066,52.1676855468781,68.188427734375,63.0705908203125,77.571005859375,59.1618945312517,58.0043164062466,60.8452929687464,41.8590136718775,32.0276318359384,38.3711206054654,-0.280909805297827
"6830",-1.21306838989269,5.60402648925831,4.22528381347694,9.30897827148521,7.56640930175849,7.12827087402407,13.0854492187512,23.9319653320334,36.2832641601595,49.6150976562529,66.9258203125,61.8610986328125,77.113994140625,59.3666503906267,59.9904101562465,62.5058935546838,40.0763769531274,31.0471240234384,38.6491918945279,-0.416419525146448
"6831",-1.11099601745615,5.71392639160207,4.16068328857459,9.43359375000084,8.07929687500072,7.54587585449286,12.8251208496105,23.3631420898458,37.8780224609409,51.402128906253,68.321552734375,63.700849609375,77.4484130859375,60.1317285156267,61.7124804687464,64.2862841796837,42.7072412109401,31.0937646484384,39.7551538085903,-0.654141845703068
"6832",-1.48602554321302,5.55364135742237,4.01834350585973,9.52318359375085,8.03593994140697,7.77688537597726,14.2045666503919,24.0758374023459,37.4854589843783,54.5145312500032,68.686650390625,66.19427734375,78.7052197265625,61.8263183593768,62.8062792968713,64.0841455078087,44.0072314453151,32.3334399414072,39.6640454101528,-1.13083450317373
"6833",-1.20836334228526,5.78665283203177,4.09510986328162,9.84093078613369,7.1448297119147,7.98386718750071,13.1225549316418,23.8839721679709,36.9100683593783,52.8017626953156,68.2053662109375,65.7415234375,77.342509765625,60.2723632812517,58.4128417968716,59.9504492187464,40.2016259765649,31.2415698242197,38.2041699218717,-0.384272994995084
"6834",-1.32682113647473,5.65584106445363,4.12118560791052,10.003911743165,7.51668457031317,8.42875549316481,14.4080126953138,24.0263378906271,37.6613623046909,53.4627246093782,68.182705078125,66.132958984375,75.67451171875,59.6822167968767,59.3346679687465,60.6038769531214,41.5708203125025,32.6221118164072,40.5134082031215,-0.816506042480397
"6835",-1.38580337524426,5.78510253906302,4.02034820556676,9.86822509765713,6.957572021485,8.18110839843823,14.8106701660169,23.8017016601584,38.2878808593784,56.6972509765659,70.41830078125,68.991943359375,78.054423828125,63.1584472656268,62.0483496093714,63.7015917968712,42.53847167969,32.3379174804697,43.0599609374962,-0.381456260681119
"6836",-1.26339797973644,5.57733154296925,4.48160980224649,10.054444580079,7.08759521484438,8.61470214843827,15.4504675292983,24.0396191406271,38.7476977539097,53.6367285156282,69.372861328125,67.5041259765625,76.40783203125,60.8445654296893,60.0156640624965,62.2261230468713,43.7069189453151,31.6908398437509,42.4755224609338,-0.898292541503828
"6837",-1.4736122131349,5.43609924316455,4.14630371093787,10.0175317382821,6.80034179687561,8.97046936035236,16.1051733398452,24.8525976562522,40.3680224609411,54.8904052734407,69.774775390625,68.324287109375,75.785927734375,59.7873144531267,54.3861132812468,58.2631933593715,40.0186035156274,31.0467187500009,40.1454467773402,-0.341051025390595
"6838",-1.52348175048842,5.37882873535204,4.51549743652384,10.1027722167978,7.03339965820375,10.0670678710946,16.6945678710952,24.6526977539084,40.0390087890661,52.5909863281281,69.03119140625,65.033056640625,72.50080078125,57.7250000000017,53.6764843749969,57.0326367187466,40.4353002929712,30.9004907226572,39.4097705078091,-0.363696823120085
"6839",-1.55000106811537,5.49380371093799,4.55131713867228,10.5625830078134,7.11677734375063,10.0927697753915,16.4222265625015,25.3630029296898,40.2093676757848,52.8864257812531,68.70669921875,65.140810546875,72.082255859375,56.2152050781266,47.8290869140597,53.9710791015593,38.0366406250023,30.0541894531259,35.6866845703094,-0.185600948333724
"6840",-1.44491973876966,5.26915466308641,4.35272155761758,10.2657507324228,6.66239624023497,10.0098675537118,14.8275769042982,24.802243652346,39.3168750000035,50.750478515628,68.0411962890625,63.6048583984375,71.862197265625,56.3854882812516,49.1664501953096,55.6290527343717,38.6769335937523,30.2926416015634,35.8980004882781,-0.630644836425726
"6841",-1.5266705322267,5.10261627197311,4.36306213378945,10.3414990234384,7.47455322265692,10.7525305175791,15.8089282226577,26.6924926757836,42.0767871093787,56.2076220703158,70.3878271484375,69.235146484375,76.29697265625,60.4012207031268,58.4268408203091,61.0302246093714,43.7591503906276,34.8051098632823,38.9238012695278,-1.06868591308584
"6842",-1.54076660156264,5.03385437011764,4.06112945556677,9.92681518554776,5.94987426757866,10.3934362792978,13.9154614257825,25.1389379882835,39.0197094726597,52.4710693359406,68.5146875,65.6007421875,75.1132666015625,59.2403613281267,59.6712109374965,62.4491406249963,44.2851562500027,34.2935961914073,40.6488378906215,-1.52545730590807
"6843",-1.4578244018556,4.79206390380902,4.31180938720742,9.811270751954,6.23824218750056,10.0421850585946,14.2053283691419,25.0242626953147,40.4261279296911,55.2689843750033,70.6873388671875,70.750673828125,79.1211572265625,63.5962939453143,64.5616308593712,66.7859228515585,48.4120458984404,36.2859082031261,42.9704150390588,-1.05682281494131
"6844",-1.57509170532241,4.66902893066448,4.14900634765662,9.64360961914149,6.05045898437554,10.4196362304697,14.6487902832044,24.4391577148459,39.708110351566,55.4558154296908,70.17283203125,70.15072265625,79.7015478515625,63.5958154296893,66.5724414062461,67.895576171871,47.6927148437528,34.9903369140635,42.2273144531213,-0.938755035400309
"6845",-1.40140350341809,4.55221618652384,4.25505035400429,9.163131713868,6.0701812744146,10.3043652343759,15.3875805664076,24.891540527346,41.1031347656287,56.0547558593783,71.133203125,69.634404296875,80.0208984375,62.5433789062518,62.8888916015588,63.2019482421838,45.2034277343777,33.5439208984385,39.3503857421841,-1.07270874023428
"6846",-1.37861755371106,4.51721160888712,4.4132778930668,9.43482849121178,7.38103088378972,11.3663208007823,16.6152929687515,26.2305224609398,42.0761376953163,55.4780957031283,70.1773095703125,66.8438037109375,79.012421875,60.4790283203142,59.5373242187465,59.8480468749965,42.9760449218776,32.975283203126,38.3319531249967,-0.800547180175711
"6847",-1.29353271484386,4.61650268554729,4.70453857421917,9.39599731445396,7.47713012695379,11.4783801269541,16.7451550292984,25.6947167968773,42.4733496093788,56.2664160156283,71.4394287109375,70.95712890625,81.4933154296875,63.3747265625018,65.7437011718712,65.2163818359336,46.4764453125028,33.3496533203135,41.2335742187464,-0.748626174926692
"6848",-1.30295410156262,4.45468078613321,4.58752746582072,9.06423828125081,8.07731445312572,10.7785607910166,16.2808666992202,24.8096923828147,41.7342529296912,52.8324414062531,68.0235400390625,67.438642578125,77.94818359375,60.4964404296893,63.7016699218713,64.8313964843712,47.5259179687528,32.7543823242197,40.6949633789027,-1.50917465209948
"6849",-1.26386283874523,4.65236633300823,4.6115838623051,9.29561645507895,8.14433105468823,10.7071704101572,16.628032226564,24.2789086914084,43.0555224609413,55.6078662109408,70.1914404296875,69.9640380859375,81.93353515625,63.2774169921893,67.941318359371,68.4394628906209,48.8920507812529,33.383085937501,43.7150732421837,-1.84052246093734
"6850",-1.36717132568372,4.42850921630899,4.41667358398477,9.57327819824304,8.62949462890702,10.789257812501,18.3845751953141,24.3862475585959,41.8988476562537,55.0064453125033,69.0782568359375,68.7308642578125,80.3469580078125,61.6075927734393,64.5441601562462,65.9760791015586,47.5295800781278,32.7629150390635,42.3910498046838,-1.9496391296385
"6851",-1.49226821899427,4.22513366699256,3.81859954834019,9.18181884765707,7.69545898437569,8.9506152343758,17.7126953125016,22.8211279296895,40.8991040039099,55.5448583984408,69.0596484375,69.4113916015625,81.2907275390625,62.9311914062518,68.028173828121,68.3890917968709,48.6266015625029,33.602929687501,44.0836914062461,-2.17946121215801
"6852",-1.27955284118664,4.41231506347696,4.19963043212928,9.75351806640712,8.50464477539138,9.50195312500085,18.8833178710954,23.6332397460959,42.6671093750038,56.0295751953158,69.46701171875,69.0105517578125,81.334619140625,61.4300732421893,63.4235839843713,64.3891015624962,47.4239794921903,33.8797290039072,43.2034619140587,-2.18854492187481
"6853",-1.33740783691418,4.59763549804729,4.05209777832067,10.0318475341806,8.34406494140699,9.13770019531332,17.7259106445328,22.0918823242207,40.9773876953162,54.1806738281282,66.970966796875,67.34435546875,79.439580078125,59.9335742187517,63.3492968749963,64.4944921874962,46.7230908203153,33.8152685546885,43.2726660156212,-1.95042663574202
"6854",-1.43088836669935,4.55714752197306,4.04290100097692,9.72638000488368,7.79671752929757,9.43164794921959,19.4960839843767,22.4722412109395,42.3223486328163,57.7651953125034,70.386630859375,71.348017578125,81.092353515625,61.5612304687518,59.6973046874965,63.1362109374963,43.6448828125026,33.9932739257822,42.1673535156213,-0.959052734374916
"6855",-1.40669372558606,4.36041381835976,4.11965972900427,10.2303540039072,9.03928100586018,10.3528173828134,20.1800476074237,22.957304687502,42.1429296875038,57.3664501953159,68.708232421875,71.155087890625,79.75794921875,61.0408398437518,64.5594091796837,67.636767578121,49.3397021484405,35.0858544921885,45.508535156246,-1.70215789794907
"6856",-1.5655020141603,4.55517150878947,4.19847229003944,10.4781616210947,8.3525170898445,10.7127221679697,21.2276464843769,23.9592504882834,43.9037792968789,58.9267871093785,71.3900634765625,73.76787109375,81.032412109375,62.8493701171893,65.2738964843712,68.5975781249959,50.222236328128,36.3910156250011,47.1206249999959,-1.64813476562486
"6857",-1.35146896362317,4.58030548095744,4.29734130859413,10.0585565185556,8.7315100097664,10.3820996093759,20.6064868164081,23.7435058593771,41.5524023437537,54.5382910156282,68.679189453125,71.2904248046875,78.3894140625,61.0034960937518,63.2978662109338,66.6674707031211,48.4653222656279,35.7107446289073,44.8532519531211,-2.33121124267558
"6858",-1.45755432128919,4.3660855102543,4.38382202148477,10.4741369628916,8.31383422851637,11.0475415039072,21.5865747070332,23.3680249023458,41.6159423828162,56.1351123046908,70.095830078125,72.1912451171875,79.06265625,61.2769873046893,62.0891406249964,66.1367675781211,48.5467578125029,35.7353173828135,44.5571484374961,-1.55984573364244
"6859",-1.48092468261732,4.28627044677773,4.3928579711918,10.3625598144541,8.39958435058669,11.7535900878917,21.6815478515644,23.8311840820334,40.7776367187536,54.1542724609407,68.7922314453125,68.3641455078125,76.6364208984375,59.0264013671892,56.9139794921842,62.5864306640588,44.8253564453152,34.369111328126,41.4226318359339,-1.92352157592757
"6860",-1.3637844848634,4.21759704589881,4.17715148925819,10.007315673829,7.29219299316471,11.2780981445323,21.6250048828144,24.5183300781272,41.2946533203162,57.2270117187534,70.106171875,71.9722998046875,79.00046875,61.5206884765643,58.9850048828091,63.3642968749962,44.1070947265651,34.805830078126,42.3657861328088,-1.85501296997054
"6861",-1.46083450317396,4.15092895507849,4.22084045410194,9.96109497070401,6.13805603027399,11.0222827148447,20.6835278320331,24.9461669921897,41.3689404296912,56.2107226562533,71.143984375,71.693525390625,79.2647265625,61.9479345703143,57.9461718749966,61.9049560546838,43.2054345703151,33.795234375001,41.3303466796839,-1.27656982421864
"6862",-1.3898962402345,4.0554779052738,4.21972412109413,10.1506622314462,6.09343994140679,11.3329272460948,21.5630029296894,26.2846459960961,41.9724316406287,57.7871435546909,70.111728515625,72.454560546875,79.090234375,63.7729589843768,62.6232275390588,66.4551318359336,48.1529199218779,35.724072265626,45.446093749996,-1.91249298095686
"6863",-1.19142822265636,4.14245574951209,4.19088562011756,10.0240612792978,5.31636962890672,12.1114025878917,20.5760815429706,27.2838769531274,41.9219433593787,56.2810888671908,69.834892578125,69.624931640625,78.177021484375,61.6391455078143,53.4692626953094,59.5527441406215,39.7534716796899,32.1639843750009,40.8884130859339,-1.14651191711416
"6864",-1.41293624877942,4.11163574218787,4.36163146972695,10.0954870605478,5.49398925781299,12.7306250000011,20.4090893554706,27.1001440429712,41.7012548828162,54.7919140625032,68.474765625,68.1496142578125,76.697275390625,60.9451855468768,55.5497705078093,60.9674804687464,42.3639843750025,33.6564697265635,41.5763720703089,-1.82394012451156
"6865",-1.44755798339857,4.05898010253942,4.27427520751991,9.807569580079,4.70817687988323,11.9178442382823,18.462308349611,26.2030102539086,41.2366748046912,54.1047607421907,68.997421875,66.136240234375,76.092353515625,59.4141015625017,48.0032519531222,55.2751611328092,35.6193896484396,30.6072949218759,37.1855444335905,-0.506136932373003
"6866",-1.28809204101574,4.09828491210974,4.26215118408241,9.25322265625083,4.31037719726601,11.5948376464854,16.8455554199234,25.4335156250023,40.6602929687536,52.5197363281281,67.349033203125,63.2257080078125,72.8759375,55.7268554687516,45.6110742187473,53.8079980468718,35.2557153320334,29.0551098632821,35.2052832031219,-0.765656585693293
"6867",-1.29798797607433,4.25752807617225,4.87939758300825,10.0494909667978,5.58351379394581,12.7183544921886,17.8596997070328,27.7207055664087,43.5736718750039,56.0140429687533,69.9167724609375,68.2502490234375,77.156591796875,61.3929003906268,54.1350292968718,59.8008691406215,41.0151318359399,33.0671264648447,38.7174365234341,-1.5201492309569
"6868",-1.26291389465343,4.13051605224646,4.51714538574259,9.48986877441491,4.579046325684,11.4980615234385,16.0616894531264,27.9157324218775,43.0886669921913,56.1980175781283,71.2141845703125,70.74037109375,79.905224609375,64.8498779296894,59.2262792968715,63.2748339843713,43.4600781250026,35.1850268554698,40.1124584960902,-2.10458389282208
"6869",-1.28551177978527,3.97583679199254,4.41252441406289,9.16861999511801,4.67734375000042,9.71218383789149,15.3312219238295,27.481762695315,41.7992724609412,55.2290478515658,69.58359375,68.753564453125,78.65150390625,63.2784228515643,58.0961523437466,62.6003417968713,41.8230078125025,33.527089843751,39.991577148434,-1.83994445800765
"6870",-1.36030136108411,3.99635894775426,4.45748901367227,8.90565856933673,4.01920776367223,8.27818237304761,14.9289038085951,25.663981933596,36.5414965820345,50.3670361328155,67.9771533203125,65.4404296875,75.5607373046875,60.2446386718767,57.6307421874966,63.4521533203087,41.7037011718775,32.0573486328134,39.8161108398403,-1.82935531616195
"6888",0.160203666687026,6.58998046875059,4.31831542968789,9.61175781250086,7.33800415039128,12.0212463378917,20.8123754882831,28.6910668945338,43.1087939453163,63.7288671875038,70.419755859375,73.0767236328125,79.128359375,64.9339892578144,65.6393066406212,65.6579296874961,39.7085058593774,32.3659082031259,47.1141357421834,0.779612121581963
"6889",0.180438117980973,6.61157836914122,4.25339263916054,9.30997741699302,7.16163085937564,11.5568151855479,21.1575439453144,28.2918237304713,43.7111279296914,65.3243359375039,71.762939453125,75.1134716796875,81.0110986328125,66.9025488281269,68.4919580078085,67.2085107421835,41.74612792969,35.019560546876,50.5144775390581,0.879492340087814
"6890",0.138546371459973,6.51928527832089,4.49780517578165,9.69851440429774,7.99393493652415,13.2856958007824,22.701083984377,31.1256542968778,46.3831054687541,67.676718750004,73.760078125,77.345810546875,81.86951171875,67.736826171877,68.8738720703085,67.729619140621,43.3003515625026,35.1637622070323,50.9593359374956,0.944894866943277
"6891",0.139819335937512,6.46468261718808,4.40819641113321,9.53869995117273,8.40136291503981,13.5025390625012,23.1460864257833,30.6272802734402,49.2801513671919,69.2036767578166,75.575615234375,78.892275390625,83.647060546875,69.1264111328145,69.8770166015584,68.8267822265584,45.3226708984402,35.707998046876,53.7960351562453,1.04210113525381
"6892",0.030162706375125,6.46299682617245,4.38751159668008,9.19281555175863,7.54696777343817,12.5425292968761,21.6610742187519,30.1114013671902,46.5194482421917,68.2160595703165,75.2128515625,78.2562646484375,83.9388671875,69.093339843752,72.4318310546833,71.5570214843708,46.0705078125028,35.7315747070323,54.3766943359327,0.481800460815388
"6893",-0.022306802272799,6.57637207031309,4.37897705078164,9.50077209472741,7.75070373535225,12.7554223632824,21.1303540039081,30.5442578125027,47.5346923828167,68.086308593754,75.006689453125,77.624892578125,83.4091015625,67.8427099609395,71.8268066406208,71.0715234374958,46.5361914062528,35.413867187501,53.2347949218703,0.730585021972592
"6894",-0.022651591300966,6.37165100097713,4.43588439941446,9.30898071289146,7.55497070312567,12.4210473632824,21.3028222656269,30.7839892578152,47.1228027343792,68.5509863281291,75.9542724609375,78.826328125,84.540166015625,69.950302734377,73.5182421874957,72.9344287109332,46.7136718750028,35.0684130859385,51.865278320308,0.567473907470654
"6895",-0.050446248054509,6.34986938476619,4.53798004150431,9.39132812500084,7.2888793945319,12.8960656738293,21.5717187500019,32.6310473632842,49.6792773437544,69.7798339843791,77.814638671875,80.4088427734375,86.59923828125,71.1383886718771,71.5753222656208,71.9364404296832,43.3609570312526,33.5510717773447,49.4931249999957,1.50426391601549
"6896",-0.110368146896372,6.33068115234432,4.39060058593789,9.13653686523519,7.1318414306647,11.9967309570323,20.9854760742206,32.5566943359404,48.1353906250043,67.188710937504,76.424814453125,77.88009765625,85.42572265625,68.9812744140645,68.996455078121,69.7976318359334,42.4098437500025,32.6005151367197,48.3101708984333,1.78248840332016
"6897",-0.118001003265391,6.21794311523493,4.32746337890664,9.42541381836022,7.52691162109442,12.6057641601574,19.3859814453142,31.3093310546903,46.3810107421916,64.6193847656288,74.5084326171875,75.337958984375,82.373671875,65.5025585937519,64.9951953124962,65.2825683593711,41.8200878906275,32.0263916015634,47.2221972656209,1.51019729614245
"6898",0.03743411779404,6.37356811523494,4.55154022216838,9.48685058593835,8.03090576171947,12.6228662109386,19.8324804687518,31.5146582031278,46.4868261718791,64.2278515625038,74.06115234375,76.632412109375,82.872255859375,65.9761718750019,68.547861328121,68.307529296871,45.0091015625027,32.678095703126,50.4810742187456,0.990076217651281
"6899",-0.093023090362557,6.15417602539117,4.53696655273478,9.2916198730477,7.19343627929752,11.8246533203136,18.5567309570329,30.1897851562527,44.430322265629,62.8785791015662,73.30697265625,76.265927734375,82.68517578125,65.8183740234394,66.1366406249961,66.922998046871,43.7402050781276,31.089375000001,49.1891406249957,1.25517547607411
"6900",-0.122446269989025,6.00663391113335,4.10720428466834,8.55026367187576,6.30464477539119,10.6409729003916,16.6212951660171,28.2264355468775,43.5491943359414,62.6967480468787,73.878828125,77.187685546875,83.835478515625,66.5013183593769,67.899726562496,67.9670849609335,45.0173632812527,31.7027734375009,51.9162988281205,0.833356094360279
"6901",-0.186207237243669,6.08857299804742,4.54460144043009,9.24870605468833,7.03113769531313,11.5586437988292,17.1910229492203,29.0924853515651,45.0980615234415,63.6368847656288,72.958232421875,77.052646484375,83.618154296875,66.0940332031269,70.5981494140584,69.2426367187459,47.5654296875028,32.5493994140635,53.4488964843703,0.242488632202127
"6902",-0.255361843109154,5.90174865722709,4.19563262939491,8.54183166503982,6.08189880371148,9.97549316406339,14.6017810058607,27.4547460937525,43.2856494140664,62.9334814453162,73.081650390625,78.8990673828125,85.777734375,68.926982421877,76.351440429683,74.8827001953081,52.9144091796907,33.322958984376,55.0560595703077,0.183044319152816
"6903",-0.163748950958267,5.7608807373052,4.22909423828163,8.05783935546947,6.50519104003964,9.66759643554774,15.057008056642,27.4126757812524,45.172500000004,65.1298535156289,75.424453125,81.942890625,88.9448828125,72.8524804687521,81.8776269531202,79.6982714843703,58.536372070316,36.7980737304698,57.310722656245,0.123289413452138
"6904",-0.242453746795676,5.88311340332084,4.42535278320352,8.37559631347731,6.45057128906308,9.80035400390712,15.7764941406264,28.1213671875025,45.4742578125041,64.3928466796913,75.025380859375,81.0774658203125,88.39791015625,71.8886035156271,80.9370019531203,79.4305371093703,59.203061523441,36.9077954101573,56.5235449218701,0.182248249053939
"6905",-0.228883628845235,5.89595520019584,4.48049011230509,8.15341918945385,6.7324658203131,8.99192016601643,15.2366577148451,27.4395849609399,45.258750000004,62.8966992187537,75.0755712890625,81.5760546875,90.104033203125,73.8460937500021,84.1292968749951,83.916699218745,66.1934326171915,37.8515307617199,56.80606445312,0.339997901916474
"6906",-0.254623432159447,5.93252075195365,4.61582000732463,8.50190429687576,6.94696777343812,9.40498718261803,15.204088134767,28.501879882815,46.1057861328166,63.0380078125037,75.931181640625,81.3056103515625,90.119541015625,73.8350488281271,84.5041601562451,83.934140624995,65.9023388671914,38.2579003906261,57.2276220703075,0.300118484497044
"6907",-0.165887908935562,6.00053527832085,4.69818237304729,8.85270996093829,7.28823120117253,9.81639038086025,15.6241406250014,29.3922265625026,45.9408544921916,61.2004443359411,75.1637109375,79.610751953125,88.626962890625,72.0109667968771,82.4532617187452,82.3270410156201,64.5620800781289,37.8406420898449,58.9813867187448,0.001723575592041
"6908",-0.18419281005861,5.64471008300832,4.70960021972698,8.93413818359455,7.67885620117256,10.4541247558603,16.4774707031265,30.7314111328152,47.3400537109417,61.3933544921911,75.54193359375,78.874521484375,88.56880859375,71.0873144531271,74.5449267578081,75.913491210933,54.2328222656282,36.0160107421885,57.492499999995,0.50385231018062
"6909",-0.158098382949843,5.65049682617238,4.62650970459026,9.14926879882894,7.72207580566475,10.9282080078135,15.6186572265639,30.5519873046902,48.5091894531293,63.0880175781287,77.2836181640625,81.2552734375,91.8796875,74.0566210937521,77.304506835933,77.8245458984329,54.2024023437532,35.6177905273448,53.5020947265578,1.29505233764637
"6910",-0.069438261985785,5.7258612060552,4.77954650878949,9.4257867431649,8.6676867675789,11.7131970214854,15.6298510742201,30.5926074218777,48.8317431640669,61.7802197265662,75.9899462890625,77.788759765625,89.259130859375,71.1821972656271,74.8803417968706,75.4468359374955,51.7596044921906,35.8522900390635,54.2631396484328,1.49767425537096
"6911",-0.208211517334003,6.1272387695318,4.77801055908246,9.66427734375086,8.20512084961011,11.4787768554698,15.6105810546889,30.5336865234402,46.6848242187542,60.7691406250036,75.159853515625,76.9602490234375,88.5967578125,70.8171289062521,76.0564257812456,77.3808837890579,53.2165234375032,35.8459814453135,57.2323876953075,1.6526115417479
"6912",-0.10573200225831,5.98080017089897,4.61005126953166,8.89550537109454,7.8443945312507,9.9969903564462,15.1726269531264,30.378937988284,47.1871533203167,62.8871972656287,76.8617138671875,78.80923828125,91.665615234375,75.3396875000022,84.6063867187451,85.7658984374949,65.7788867187539,39.7426562500012,63.9043115234319,1.0162664794921
"6913",-0.120777082443248,6.40647888183651,4.80949951171918,9.59282226562586,8.22634277343823,11.1791955566416,16.410356445314,30.8293237304715,46.7048193359417,61.7200292968787,75.027294921875,76.587470703125,89.24109375,73.2364306640646,80.9998388671828,81.9163476562451,59.7991210937536,35.9139208984386,58.2068701171824,1.44902069091784
"6914",-0.12674379348756,6.61903076171934,4.79558288574262,9.88838134765713,8.72808105468828,11.4817541503916,16.3783374023452,30.0987158203152,45.346933593754,61.7457519531287,75.065693359375,76.601875,88.939658203125,72.8077343750021,79.0124267578079,80.1930908203077,55.8595458984408,33.684208984376,59.1783447265573,1.84361221313461
"6915",-0.129852008819592,6.32637268066463,4.63388244628948,9.70561035156337,9.07744262695394,11.7948193359386,16.9753320312515,30.6442871093777,44.2453759765665,61.7892675781287,76.2182373046875,79.2474755859375,91.13052734375,75.5745117187522,80.7189306640578,81.3792187499952,53.9675585937532,35.1659130859385,62.8351171874945,1.61312011718736
"6916",-0.18201507568361,6.37822875976619,3.84844970703159,8.44126831054763,7.95050415039133,10.7122692871103,15.7192822265639,28.3436791992213,42.4627685546913,59.242036132816,75.6839013671875,78.547646484375,91.0187890625,75.2159375000022,82.7256640624952,85.1826367187449,61.1049560546912,33.7119580078135,66.9886230468692,1.0733521270751
"6917",-0.206014900207538,6.35337036132869,4.29926208496132,9.05636718750081,9.18085693359457,11.9809204101573,17.5734594726578,28.15310058594,40.9889160156287,55.4394189453158,73.60630859375,74.27205078125,86.734482421875,71.1742724609396,75.2203759765581,78.2792968749954,53.5828027343782,32.0383544921884,60.1931689453072,0.640578308105413
"6918",-0.257811069488548,6.53801452636777,4.6567449951176,10.2847192382822,10.2242755126962,13.9214257812512,19.8125305175799,29.6639550781276,41.6180517578162,53.9104589843782,71.482509765625,67.472685546875,81.5077197265625,63.8734765625018,53.2970605468719,59.746694335934,39.5886914062524,29.6760009765634,47.2788769531209,1.40543457031238
"6919",-0.528894004821824,6.09340820312554,4.36529632568398,9.27186279296958,9.79754760742275,13.2277392578137,18.7802319335954,27.8329321289087,40.1843505859411,52.7077050781281,69.8684228515625,65.42875,79.784111328125,62.7831884765643,56.6567138671842,63.1630664062463,41.5290625000025,28.9044409179696,52.1352978515579,1.1489949798583
"6920",-0.631232910156306,6.04328918457085,4.35314941406289,9.03551818847737,9.38573364257896,13.0028442382824,19.1570581054705,26.1486303710961,37.5648583984408,47.5748291015653,65.8346240234375,58.1625732421875,73.498876953125,55.6193261718766,42.6819726562475,51.6460449218719,34.2459252929708,24.865002441407,40.9782568359339,1.3221090698241
"6921",-0.587520446777396,5.94028625488334,4.32894104003945,8.73658935546953,8.86050964355548,12.5694372558605,18.0409753417985,25.3864355468773,37.1772021484408,47.5152636718778,65.12326171875,58.1341162109375,73.1169677734375,55.8104589843766,46.7561328124973,54.4712695312468,35.1998681640646,24.5780541992195,44.4215624999961,0.646965866088811
"6922",-0.629736557006892,5.88319580078177,4.51122924804728,8.91421875000079,8.69982788086015,12.7504125976574,19.4993566894549,25.7579296875023,37.6919311523471,50.3060595703155,66.475048828125,62.321513671875,75.262626953125,58.0986328125017,51.6035205078095,58.0629589843716,37.6066308593772,27.733125000001,49.6283300781207,0.308102493286106
"6923",-0.622583961486872,5.96791870117241,4.54443542480509,9.29863281250083,8.31193176269605,13.1395703125012,19.4310595703142,25.8880346679711,37.0292456054721,50.302392578128,66.6463818359375,61.168818359375,74.7515234375,57.3721533203142,49.1771728515596,57.5290136718716,36.788083496096,28.9850659179696,47.0816552734334,0.537947463989211
"6924",-0.598507156372124,5.94967285156303,4.94599395751997,9.7158392333993,9.05306518554768,13.0055920410168,19.9926123046893,26.5486767578149,37.1925976562533,48.2091894531279,64.19875,51.07033203125,68.622978515625,47.8060156250014,33.6474047851543,46.2021826171848,29.9721264648455,24.259182128907,43.6664306640587,1.33288482666004
"6925",-0.823771514892652,5.77665832519583,4.69390625000042,9.5017944335946,7.79913024902413,12.1592187500011,18.9281884765642,25.4241845703148,35.8277783203157,46.0910742187527,61.8228466796875,50.488447265625,66.9554638671875,46.1418261718763,36.2833276367166,48.4161816406221,29.5026757812518,24.4868554687507,39.7601489257778,0.960645751953041
"6926",-0.765996093750068,5.67373535156301,4.7278845214848,9.28880615234458,7.73197631836006,11.236630859376,19.0598022460955,25.9535205078148,38.3908398437534,47.5524072265653,63.4544140625,53.330068359375,68.4146875,47.0413769531264,36.5193115234354,46.7886132812472,30.8462402343768,25.7424072265633,39.6793847656215,0.991823272704992
"6927",-0.899581756591877,5.79662048339896,4.76177001953168,9.47744140625085,8.04047241211009,11.3545422363291,19.2654663085955,26.7080615234399,39.5805078125035,49.2176171875029,64.4191015625,55.54306640625,70.6028662109375,50.0593847656264,35.4348217773417,47.4469189453097,30.7243920898456,26.7412158203133,39.5391503906216,1.49284927368151
"6928",-0.810430526733471,5.71145751953176,4.62172668457073,9.17081909179769,7.95805969238352,10.1914880371103,18.1477758789079,25.7964160156273,40.4902368164099,49.2639062500029,64.5218310546875,56.4822314453125,69.7289892578125,49.9565429687514,40.4065576171851,48.7225244140596,30.3339477539081,25.8901904296883,40.337055664059,1.15677864074697
"6929",-0.832070159912184,5.46999389648486,4.47419677734415,8.71164062500078,8.23136474609448,10.0988598632822,18.5047875976579,25.277604980471,40.2814843750036,48.0869531250029,63.20205078125,58.115556640625,71.365537109375,51.4649414062515,48.2069873046847,54.8037988281217,34.6085424804708,28.9048437500008,46.0311474609335,0.257409515380837
"6930",-0.698801269531312,5.60655212402394,4.48150299072306,9.01269958496174,8.35337585449293,10.1275317382822,18.4973486328141,25.8222534179711,43.5301318359414,54.1348437500032,68.9558642578125,69.3788916015625,82.910029296875,63.0536914062518,67.3172265624961,69.6231152343709,48.2158544921904,36.9709497070323,58.0527490234324,-0.385678977966275
"6931",-0.753385314941473,5.4243731689458,4.54278717041056,8.80194702148516,8.06407226562572,9.32349304199302,17.5597546386734,24.845563964846,43.3970068359414,52.0626855468781,66.7800390625,65.378642578125,80.5993603515625,60.2594531250017,63.5195361328088,66.7289453124961,42.58821777344,33.188300781251,54.5095996093702,-0.581732254028269
"6932",-0.873937835693437,5.51231994628955,4.32771514892617,9.23294860839926,8.42592773437575,9.87968017578213,18.4244348144548,26.0774340820336,44.363632812504,55.1787548828158,69.154853515625,68.79650390625,82.538056640625,62.5932275390643,66.4715917968711,70.1099414062459,47.7418457031279,35.4372338867198,54.8823388671827,-0.706469879150329
"6933",-0.845650558471755,5.26633300781297,4.5912811279301,9.48485412597741,8.99590637207111,9.97692504882902,18.8314013671892,27.2616894531274,45.361015625004,55.8561914062533,69.9754296875,68.971474609375,82.19525390625,62.1385156250018,66.2680615234336,68.7948828124959,48.8149804687529,35.6079174804698,55.6571630859326,-0.898595275878828
"6934",-0.893959732055744,5.28224365234422,4.51345336914103,9.75619506836025,9.15739379882894,10.2142150878915,19.3426269531267,28.7367431640651,46.0322070312541,59.754477539066,71.76103515625,72.6364111328125,84.5942578125,65.6040722656269,72.5057128906208,74.0197998046831,54.7828662109408,39.9075927734387,57.52321289062,-0.949919586181558
"6935",-0.708012847900454,5.28900756835985,4.49142242431681,9.62623596191492,8.69654541015703,9.68314086914149,18.4666821289079,26.3702514648461,43.1323095703164,53.2215527343782,69.18388671875,68.32078125,81.0094091796875,62.0624511718768,67.845087890621,70.2683789062458,49.823046875003,36.1639550781261,53.5585546874953,-0.941552200317301
"6936",-0.77970230102546,5.20876037597703,4.24176147460975,9.75880859375087,8.87317932128985,10.0708325195321,19.0212976074236,27.47349121094,44.519550781254,57.4134082031284,70.9452001953125,71.963515625,82.871982421875,64.7253076171894,68.547714843746,71.4712402343708,52.1442480468781,38.8546069335949,54.5514453124952,-0.920794982910076
"6937",-0.77511749267585,5.52414123535206,4.34519897460976,10.3566577148447,9.02539916992268,11.3024353027354,20.1085253906268,28.6577734375026,45.002177734379,56.2839892578158,70.33423828125,70.402998046875,80.84103515625,62.7951562500018,64.3920117187462,67.5548779296835,47.7979882812529,37.6683789062511,50.5601904296831,-1.34752044677723
"6938",-0.87256896972664,5.30402404785204,4.28260650634804,10.0720751953134,8.6986633300789,10.7745751953135,20.5127954101581,29.4264599609401,46.0236523437541,59.9904150390661,72.8243408203125,74.0207421875,84.223232421875,66.0949218750019,66.5188769531211,70.0725683593708,49.444531250003,37.5710009765636,50.4071630859331,-0.891804122924727
"6939",-0.995751724243253,5.43505004882861,4.15043945312537,9.97762634277433,7.54420410156317,10.5964575195322,17.6453076171891,26.8298583984399,42.1602880859413,52.6842089843781,68.7896826171875,68.999013671875,80.2066162109375,62.0341748046893,66.2197851562461,69.1980224609334,47.9261083984404,35.3480224609385,47.7144384765583,-1.17467185974111
"6940",-0.939770507812584,5.39614135742236,4.07469238281286,9.93369995117276,7.40400573730535,10.3693640136728,17.6965344238297,27.529614257815,44.7043017578165,55.8689306640658,71.10216796875,72.5015771484375,83.11791015625,64.4529052734394,67.5509374999961,69.5136376953084,48.0145458984404,37.3808447265636,48.0122509765583,-0.382154006957974
"6941",-0.764479675293037,5.55204895019581,4.02052734375036,10.0838903808603,7.73692016601632,10.3504711914072,16.7409997558609,27.2073828125024,43.7356738281289,56.5673828125033,70.7972607421875,72.0585546875,83.733857421875,64.7852246093769,70.3590332031209,71.9260156249957,49.788271484378,38.7106347656261,47.8949707031208,-0.418410949706995
"6942",-0.830242538452222,5.41208374023486,4.15193572998084,9.83199523925869,7.84912048339914,9.82913085937588,15.2332788085951,25.9796582031273,41.4091406250037,52.8038037109406,69.175625,69.16814453125,81.548369140625,62.4555468750018,67.2901953124961,69.7196484374959,48.8542724609404,35.9644116210948,46.008496093746,-0.709847488403258
"6943",-0.905096511840901,5.38495056152392,3.99329772949254,9.75101074218837,7.8233447265632,9.36092590332115,14.7735693359388,26.3695654296898,41.3131787109412,55.0680322265658,69.632568359375,67.7398974609375,81.720830078125,60.7819482421893,57.6304931640591,60.7075195312464,40.5841162109399,34.238437500001,39.4076318359341,0.067452306747431
"6944",-0.698946609497133,5.45556152343799,3.94536071777379,9.58304321289148,7.98105529785227,9.24684997558676,14.35789794922,25.8211108398461,40.8200244140661,51.8769482421906,68.9142138671875,65.1633740234375,80.9094482421875,59.3777050781267,57.8643945312466,59.6802343749965,41.0521582031275,33.979687500001,37.1661572265592,-0.098919601440421
"6945",-0.838737945556715,5.35609863281298,4.18672943115272,9.50232055664147,8.10170654296947,9.02496276855549,14.5182543945325,26.4099072265649,39.7481958007848,51.5947607421906,67.8667578125,63.70365234375,79.416240234375,58.9537011718767,56.4449218749967,59.088735351559,39.6137158203149,32.5635522460947,35.7733471679656,-0.130924644470203
"6946",-0.939483413696373,5.52278137207081,4.01589843750036,9.59127868652429,8.34267944336012,8.76076721191484,14.8098583984388,26.0041113281273,40.0784497070348,51.5615087890656,67.86724609375,63.8746484375,78.7822998046875,59.6884179687517,57.8200146484341,60.9532861328089,41.3012402343775,33.696396484376,36.3633300781218,-0.191538047790511
"6947",-0.711169509887759,5.4296173095708,4.22949218750038,10.1643041992197,8.96812866211017,9.28674499511802,15.1018798828138,26.4957055664086,41.1807568359412,54.0532031250032,69.938125,67.4840234375,81.3127099609375,61.9164355468768,60.5027246093715,62.0085888671838,43.6943798828151,35.814667968751,38.8094531249966,-0.221235256195049
"6948",-0.882017745971758,5.59561767578175,4.11443115234412,10.0096411132821,8.58822631836014,9.16627929687582,15.0079138183607,25.6220263671898,39.739702148441,55.7453222656283,70.214990234375,68.4995703125,80.61751953125,61.9115332031268,60.1226367187465,62.0256347656213,41.6871875000025,33.8715380859385,39.2045336914028,-0.509167785644487
"6949",-0.922698745727621,5.50826721191455,4.11140441894568,9.9768780517587,8.69689270019609,9.23454223632895,15.088883056642,24.4599682617209,39.4560253906285,50.8594384765655,67.34943359375,62.7278515625,75.495087890625,57.4543896484392,54.0624609374968,57.6972363281216,39.4436181640649,30.7031152343759,35.6985498046844,-0.43971519470211
"6950",-1.18679779052745,5.69977294921926,3.96388061523473,10.3740991210947,8.80498535156329,9.70945556640712,15.5679467773451,24.8764941406272,39.8527172851598,56.1003076171908,69.589013671875,66.789052734375,77.272001953125,60.0181347656267,54.6455126953093,57.7811914062466,38.3450000000023,31.3197460937509,36.8671289062468,-0.564189071655224
"6951",-1.11614509582529,5.69206054687551,4.3214630126957,10.4254211425791,8.3682788085945,9.90255981445401,15.7271081542983,24.5131665039084,40.0120849609411,55.8633105468783,70.302138671875,67.5665185546875,78.041328125,60.5257177734392,56.4260986328092,58.910883789059,40.2604980468774,32.9644458007822,38.6617504882779,-0.530833740234329
"6952",-1.0671134185792,5.626381835938,4.26972686767616,10.0761865234384,7.56345886230536,8.70678283691484,14.0380004882825,22.9724853515646,36.3863867187532,47.8114404296903,62.6157666015625,53.40248046875,67.6263623046875,48.9255078125014,42.23922363281,48.2402148437471,33.4863232421895,25.9217675781258,31.506950683591,-0.4690357971191
"6953",-1.23647888183605,5.66866149902394,4.29829437255898,10.4443273925791,8.28687133789136,9.80358642578212,16.4066271972671,24.6976489257835,39.8563647460973,54.4151074218782,68.3965966796875,66.171220703125,75.323818359375,58.3849023437517,54.9581005859343,58.468100585934,40.4954980468774,32.4541894531259,41.7533154296839,-1.10216583251944
"6954",-1.15580352783213,5.57057067871143,4.42357971191446,10.5109765625009,8.06329589843822,9.96893188476652,15.8391137695327,24.8404418945335,40.6687988281286,55.1314697265658,69.25908203125,68.3316796875,75.8130029296875,60.7226464843768,59.9384570312465,63.1811621093713,44.1233496093776,34.0599169921885,43.7645214843712,-1.14140693664541
"6955",-1.2596339416505,5.51248962402393,4.42829833984415,10.7791467285166,8.64621093750077,10.8320385742197,17.5808190917984,26.6170581054711,42.6661962890663,58.511127929691,71.4040625,72.6173828125,78.656572265625,62.9924218750018,60.456616210934,62.8563378906213,43.9917236328151,35.2818310546885,44.2231054687461,-0.56139373779292
"6956",-1.21561531066905,5.26060546875047,4.60017333984416,10.8516455078135,7.86992614746164,11.2976684570323,18.2019653320329,26.5492431640649,43.4787939453164,56.6907861328159,70.640380859375,69.284033203125,76.6595947265625,59.7952636718767,54.9570312499968,58.2093408203091,41.21390136719,32.4833154296884,39.4825488281216,-0.425425109863244
"6957",-1.19273582458507,5.4130938720708,4.4752246093754,11.2070178222666,7.87267700195383,11.8058239746104,17.9875659179704,26.9607177734399,43.6425683593789,56.1847656250033,69.89091796875,69.3910791015625,75.29865234375,59.3952587890642,50.951435546872,56.5202636718717,40.0505615234399,31.7947338867197,38.0638354492154,-0.183930015563949
"6958",-1.29757461547863,5.17109985351609,4.42453186035196,10.951601562501,7.6064074707038,11.262275390626,15.9479760742202,25.2671484375023,41.3075634765662,52.3909667968781,68.339560546875,65.2474853515625,73.162734375,56.6934716796891,47.8321289062472,54.2012499999968,38.6033007812523,31.1135253906259,35.8697460937469,-0.391435127258267
"6959",-1.28916290283215,5.04739318847701,4.16917724609412,10.4866418457041,7.56853332519599,11.7988256835948,16.1036157226577,25.9532861328148,42.4458007812538,56.3679882812533,69.3398388671875,69.0287451171875,76.13537109375,59.5491259765642,55.6384619140592,59.6411523437465,41.9361523437525,33.5987060546885,39.892553710934,-0.828847808837818
"6960",-1.28933486938488,5.09564880371139,4.26446166992226,10.8346240234385,7.09509582519595,12.2049487304698,15.7868395996108,26.1633837890648,42.0888427734413,55.9784570312533,68.448291015625,67.9586865234375,75.7258349609375,58.7479296875017,57.4840332031216,60.7882470703089,42.8312255859401,33.9097021484385,39.5484277343716,-1.20397003173818
"6961",-1.29916748046887,4.72223205566448,4.25573883056679,9.92455810546964,6.11312622070367,10.8604028320322,14.3586096191419,24.9039794921897,41.2831005859412,56.9661914062534,70.0054931640625,69.9081640625,79.178173828125,61.7842480468768,61.7161914062464,64.0647167968712,44.0277685546901,34.6771264648448,40.7724682617152,-0.974629669189368
"6962",-1.37414306640637,4.58649780273478,4.32096374511757,10.0644128417978,6.35861145019588,11.642402343751,15.6167846679701,24.953962402346,41.4053271484412,57.6282421875034,69.8139013671875,69.794951171875,78.877919921875,62.1055273437518,63.5611816406213,66.5384326171836,47.8361669921904,35.7585302734385,42.8795996093713,-1.26340766906727
"6963",-1.35852539062512,4.37597991943398,4.3782192993168,9.8061389160165,6.99837646484437,12.2666137695323,16.4846472167983,25.8324023437523,41.8807763671912,57.9996582031284,70.255126953125,68.791806640625,78.2306005859375,61.1920068359393,60.8891699218714,63.5422558593712,46.4552050781278,35.687470703126,39.9378100585903,-1.54219970703112
"6964",-1.07673553466806,4.41997924804727,4.25865661621132,9.63010131836023,7.71682495117256,11.7145483398448,16.642163085939,25.0069140625022,41.6898291015662,56.7411572265659,69.60232421875,68.4163623046875,78.8229296875,61.1957421875018,61.2901171874964,63.6376416015587,45.0478906250027,33.2953564453135,39.0601123046841,-0.615807952880806
"6965",-1.27155410766613,4.44543212890665,4.56027801513713,9.68810546875086,8.04329711914134,11.9525158691417,16.9449353027359,24.863337402346,41.1718457031287,54.0059863281282,68.419306640625,67.241845703125,78.243876953125,60.1674414062517,62.5326074218713,64.5928173828087,46.2470996093778,32.8937939453135,40.3360131835902,-1.03039474487296
"6966",-1.29857467651379,4.15642639160193,4.3051217651371,9.11417602539144,7.91326416015696,11.0320690917979,16.6315905761734,24.8273339843772,42.0287109375038,57.0388867187534,69.406943359375,70.262734375,80.61083984375,62.1610058593768,64.5937548828087,65.4553466796836,48.1820410156279,34.3785400390635,41.5950878906214,-1.13699104309072
"6967",-1.16543716430674,4.36929077148476,4.4805371093754,9.48654907226647,8.44596252441482,11.8077319335948,19.2662011718767,26.0528515625023,44.2473046875039,58.3815917968785,69.9572265625,70.63779296875,81.0089453125,61.9751806640643,64.0182470703088,65.1609765624961,47.6262109375028,34.3238330078135,42.7679736328088,-1.69311981201157
"6968",-1.2164569091798,4.49218200683634,4.48986114501993,9.97387451171964,8.88051147461017,11.6997094726573,19.0744140625017,24.6476416015647,41.8145507812537,55.8506542968783,67.3924609375,67.1641455078125,77.6785546875,58.7234472656267,60.5944824218715,61.6897460937463,43.9484912109401,32.6948388671885,40.5920312499965,-1.88531387329085
"6969",-1.37076705932629,4.21540710449256,3.9874862670902,9.15463134765707,8.01187011718821,9.96290649414151,18.078919677736,22.4424829101583,40.7112426757849,54.9584570312533,67.72767578125,67.730390625,78.509521484375,59.8960156250017,61.3429492187464,62.3446191406213,42.8112158203151,32.8983544921885,42.0818896484338,-1.58010879516588
"6970",-1.37592559814465,4.26954833984413,4.13065002441443,9.58012512207117,8.73935546875078,10.799160156251,19.203781738283,23.5667480468771,41.9274707031287,55.0868017578158,67.194423828125,66.8847509765625,77.4491015625,58.2204345703142,60.7122753906214,62.1197363281213,45.2544042968777,34.8167163085948,41.7009277343714,-2.3379556274412
"6971",-1.31804748535168,4.31569885253945,4.02697570800817,9.02958801269612,7.8688281250007,9.34015258789146,18.3637658691423,23.1893237304708,41.9018408203162,58.1762304687534,68.67564453125,70.97390625,80.61361328125,61.2350097656268,61.8777539062464,62.8698925781213,43.3652441406276,33.8693408203135,42.3499267578088,-1.61809310913072
"6972",-1.30426544189465,4.38698944091836,4.35104400634804,10.0301208496103,8.73886413574297,10.3894348144541,19.8876269531268,22.915000000002,42.1087451171913,58.4025292968785,69.5275146484375,71.943251953125,81.150458984375,61.0478662109393,59.4323828124965,62.8288183593713,44.4975439453152,35.6152197265635,42.6730175781213,-1.57760696411119
"6973",-1.25282402038585,4.30003814697304,4.11976593017615,10.1323303222665,9.07464904785237,10.4079394531259,20.2749609375018,23.8081201171896,40.6386474609411,56.3113867187533,67.177919921875,70.4769970703125,78.880263671875,59.1972753906267,61.1406298828089,64.8098144531212,45.6689794921902,34.976699218751,44.0504492187462,-2.25244720458965
"6974",-1.3487161254884,4.27156066894569,4.14588897705115,10.0403613281259,8.54588867187576,10.4453576660166,20.5088574218768,24.4369970703147,41.5862500000037,58.330415039066,69.38908203125,72.556103515625,80.211904296875,61.0526367187518,62.0999804687464,65.9753417968711,47.4703515625028,36.0488256835948,44.8905468749961,-1.97600860595686
"6975",-1.50444778442396,4.23753906250038,4.03553924560583,9.91062500000088,8.44161804199294,10.336934814454,20.5661572265643,24.9277392578147,41.7958642578162,57.5825244140659,68.307919921875,71.0371533203125,77.214853515625,58.1699707031267,56.7884765624967,61.8242871093713,45.3908398437527,35.628955078126,43.6229150390587,-1.93665802001936
"6976",-1.43236480712903,4.12269836425818,4.03737487793005,9.80357910156337,8.00436096191478,10.0071545410165,20.4691259765643,23.4077905273458,40.5102832031286,59.0322167968785,69.9427587890625,73.5536962890625,79.7669091796875,61.3719482421893,60.133168945309,64.0046093749962,45.7378271484402,35.9212475585948,43.6931640624962,-1.58525726318345
"6977",-1.44769485473646,4.13701049804724,4.20364349365272,10.1363208007822,8.54760864257889,11.6246203613292,20.9731811523456,24.2449829101584,40.7796923828161,58.3042871093785,69.6104296875,71.8935302734375,78.23384765625,60.5268847656268,58.6669042968716,64.1547705078087,45.2974121093777,35.648125000001,43.7614306640587,-1.66507995605454
"6978",-1.37277465820325,4.24260559082069,4.32350830078164,10.7259313964853,8.37026428222731,12.7697131347668,21.9669409179707,25.2260302734398,42.3776806640663,60.3686035156286,70.1093896484375,71.872998046875,78.620087890625,60.5201855468768,56.8527148437467,62.0777246093713,44.8790722656277,36.2772143554698,43.2625195312462,-1.21305541992177
"6979",-1.37997375488294,4.04420745849645,4.21114990234412,10.1522509765634,6.92450683593812,12.8083496093761,21.5563989257832,26.7372314453149,41.3723437500037,59.5290136718785,70.338017578125,71.6203515625,78.336748046875,61.8415527343768,60.525454101559,64.7571582031212,45.6895849609402,36.6484863281261,44.5303515624961,-1.1382405090331
"6980",-1.39009353637708,3.83937927246128,3.87835174560582,9.5131079101571,6.40795288085995,12.6026660156261,21.0348803710956,27.7125805664087,42.4254052734413,60.2837011718786,70.303857421875,71.69697265625,78.4506494140625,62.8394335937518,62.9581835937463,66.4471923828086,48.1663671875029,37.8019409179699,46.4848095703084,-1.77828292846664
"6981",-1.30370422363293,3.95360961914098,4.09998229980505,9.79859863281337,6.53142944335996,13.3854870605481,21.3703271484394,29.4030566406276,44.5673291015665,61.9645605468787,71.172744140625,71.95341796875,78.639697265625,62.6725390625018,59.223081054684,63.9661035156212,45.7608349609402,37.1565625000011,46.2585205078085,-1.66463607788071
"6982",-1.38114898681653,3.88121307373082,4.11678527832068,9.808233642579,5.94581298828178,13.3422436523449,19.9785693359393,28.0761230468775,42.5955761718788,58.1605175781284,68.8987548828125,66.3824267578125,76.1156591796875,58.1939355468767,47.3590820312472,54.7558251953093,37.9489257812523,32.5494702148447,37.6869824218717,-0.262087669372536
"6983",-1.37402008056653,3.74882507324252,4.21091308593788,9.46838684082116,5.17557495117234,12.5870458984386,19.4755664062517,28.3348364257838,43.8925537109414,60.8767773437536,71.570439453125,69.5633935546875,78.4681494140625,60.8362695312518,48.5751367187472,56.2526367187467,37.7633032226585,32.6297021484385,38.3665112304654,0.059778327941889
"6984",-1.41377929687513,3.84667724609409,4.25969146728554,9.60364501953211,5.87852355957084,13.0979467773449,19.477316894533,28.6781860351588,43.0910058593788,59.6732128906285,70.587919921875,69.0993359375,77.92716796875,60.7643066406268,50.9854541015595,57.9907958984341,40.1783325195336,34.443056640626,39.0482006835903,-0.264930877685524
"6985",-1.30845062255871,3.68802734375033,4.34866058349648,9.43465942382897,5.55622436523487,12.3410900878917,18.1860327148454,28.6474169921901,43.6012988281289,59.4316308593785,70.98576171875,69.92193359375,79.196533203125,62.6827148437518,57.1701953124967,63.1557080078088,43.5158203125026,34.8042822265635,41.2424755859339,-0.664320068359317
"6986",-1.33070419311535,3.65442810058626,4.32507080078164,9.27923950195395,5.23538696289109,11.7180480957042,17.6741613769547,29.4579321289089,43.1680712890664,58.999067382816,70.903896484375,70.264169921875,80.4584375,65.3945361328144,60.5138476562465,65.4687695312461,45.2001123046902,36.5090576171886,42.1493359374963,-0.709856033325133
"6987",-1.3233320617677,3.63514068603548,4.27421630859413,9.31255493164146,5.18838378906296,11.537373046876,16.778735351564,29.1102832031276,42.7035058593788,58.972583007816,69.7540576171875,67.47873046875,77.730087890625,61.4505126953143,50.5195458984346,56.7120214843716,39.5553271484399,34.105429687501,37.2891992187467,-0.840299835205005
"6988",-1.26946838378918,3.68690734863314,4.44648864746133,9.13802368164144,4.95552337646529,10.9176513671885,17.4136059570328,29.5847119140651,41.2746191406287,58.7799121093785,69.66234375,68.5023046875,77.498271484375,62.0572949218768,56.0499658203092,60.2393457031214,41.6142089843775,36.0893237304698,40.7363647460902,-0.529014663696243
"7007",0.199807929992694,6.321874389649,4.30290893554726,9.84061523437588,7.38782348632878,11.7159497070323,17.7468725585953,28.2661010742213,41.5592822265662,63.4675048828163,73.60767578125,76.94703125,82.78505859375,68.754033203127,71.0010449218709,70.5400292968708,43.9454882812526,33.0026440429697,48.5971826171833,0.237033119201639
"7008",0.373687820434604,6.47500488281308,4.53436462402384,9.8089318847665,8.09038085937572,12.2259619140636,18.2959179687516,28.1424218750025,42.9091259765663,65.6125390625039,74.1415283203125,78.3044189453125,83.57923828125,69.597939453127,71.5377441406208,70.3292626953083,46.2342626953153,36.0682128906261,49.9440527343706,0.465596466064412
"7009",0.285715293884303,6.39349060058651,4.56290985107463,10.2700061035165,8.5027874755867,12.9924169921887,18.5792846679704,28.9753369140651,43.6920458984414,65.9757714843789,75.0661865234375,79.2658837890625,84.654716796875,70.377207031252,71.4983203124958,70.1133984374958,46.1237353515653,34.9842114257823,49.6883740234332,0.49718582153316
"7010",0.383235816955601,6.337274780274,4.54203857421915,10.3093017578134,9.37586303711021,13.3116564941418,19.5186181640642,30.0196020507839,44.849326171879,67.851816406254,77.5719775390625,81.9059423828125,87.22890625,72.4681103515646,73.9849902343707,72.3154687499957,49.4765771484405,37.8596435546886,52.6208984374954,0.422811584472619
"7011",0.324237976074248,6.61012878418028,4.70378173828167,10.6073913574228,9.27964538574301,13.1655004882824,19.561330566408,30.1041699218777,44.6626904296915,66.4543505859414,77.0090478515625,80.67455078125,86.646748046875,71.3859765625021,74.0322705078082,71.8792480468707,49.1101464843779,38.1757031250011,52.5671484374954,0.352505722045868
"7012",0.26251108169558,6.47669372558651,4.78552551269574,10.3745739746103,8.62029663086014,12.7596801757824,19.5637060546892,29.4139916992214,44.5197216796915,65.8350000000039,76.438369140625,79.5862109375,85.788623046875,69.748720703127,73.6182031249957,71.8531640624957,49.855126953128,37.5359155273448,51.9690820312455,0.282624778747534
"7013",0.264325008392358,6.48381530761777,4.65047180175823,10.5235021972666,8.47955810546951,12.5892529296886,20.2433544921893,29.9172802734402,45.217275390629,65.0946972656289,76.784912109375,79.611123046875,85.99970703125,69.591455078127,72.7486816406207,71.2062988281208,48.0370458984404,36.5573925781261,49.3180566406207,0.490925064086871
"7014",0.208724060058612,6.61286071777403,4.83496948242231,10.9672778320322,8.52287719726639,13.1053552246105,20.2293017578143,30.5882666015652,46.4876513671916,64.3665625000038,77.174111328125,78.811142578125,85.48638671875,68.5489892578145,68.877773437496,69.2714453124959,45.1967480468777,34.978056640626,46.7572705078084,1.39714279174793
"7015",0.176983318328873,6.22531616210993,4.6191326904301,10.3794091796884,7.78393676757882,12.7578479003918,19.4988818359392,29.9142236328152,46.6353613281292,64.8744433593788,78.499248046875,80.513134765625,86.041806640625,68.622324218752,66.1793994140586,65.7826562499961,40.5880371093774,32.5018212890635,42.9827880859337,1.49710189819323
"7016",0.12290418624879,6.50134216308652,4.71793731689495,10.275635986329,8.18366271972729,12.6587353515636,18.4157421875016,30.1481567382839,45.7862402343791,61.5873925781286,77.2581640625,78.253232421875,84.7096875,67.1654736328144,66.1866210937461,66.3052978515586,42.7717968750026,33.0496606445322,45.4851220703085,1.44237579345691
"7017",0.222339515686055,6.32894165039119,4.80244689941449,9.93615356445401,7.91594238281321,12.3881262207042,17.9872521972672,29.9181494140652,45.153613281254,60.0737939453161,76.338798828125,77.4415087890625,83.9755859375,65.3515087890644,60.5954394531215,61.9235156249963,40.0605419921899,30.4180151367196,42.9787499999962,1.3687106323241
"7018",0.095103588104257,6.36779602050838,4.89986206054731,9.92148559570401,7.98929077148509,12.7860961914074,18.4149291992204,31.0010546875028,45.9548632812541,61.8610009765662,77.676650390625,78.295283203125,84.244287109375,65.9952734375019,58.2383789062466,59.365239257809,37.7575439453148,30.4394018554696,41.7951171874964,2.16526000976544
"7019",0.220737915039082,6.07001342773492,4.82430725097699,10.1761639404306,8.12517883300854,12.7235522460949,18.537484130861,30.5228222656277,45.2969287109415,59.7015039062535,75.789765625,74.84412109375,81.791142578125,63.0574316406268,56.7379248046842,58.3146582031215,36.9173193359397,29.5254199218759,42.5028955078088,1.96601821899397
"7020",0.097094697952279,6.0410357666021,4.76326202392621,9.85494018554775,7.56942749023505,11.3800720214854,16.2723815917983,27.8252050781275,42.2062548828163,56.7626953125034,74.128740234375,75.9244189453125,84.27400390625,65.7662402343769,65.3593359374962,64.8445117187462,40.4026318359399,30.7787768554696,47.1651904296834,1.01621994018546
"7021",0.095260486602792,5.93588134765678,4.44772003173868,9.2074353027352,6.8781121826178,10.2073779296884,15.2053808593764,26.2149169921898,42.4714355468788,57.2653417968784,74.5059375,78.32681640625,86.217041015625,68.341445312502,70.6073242187459,68.8955273437459,42.3579589843775,31.3393554687509,48.3292187499958,1.46200073242175
"7022",0.207304115295429,5.90961181640678,4.57885162353556,9.13627807617269,7.06679443359438,10.269522705079,15.8855712890639,27.1442333984399,45.196699218754,61.1921289062536,77.141923828125,81.59271484375,88.389287109375,70.862744140627,76.0510888671831,74.0745703124956,47.0555273437528,33.0388598632822,51.2924609374955,1.36937713623035
"7023",0.067570886611945,5.75522399902395,4.57478576660197,9.22058654785238,7.5154748535163,10.4350646972666,15.6819677734389,26.8844458007836,44.2048632812539,58.0353271484409,75.4637109375,79.0379443359375,86.09630859375,68.421044921877,71.7081933593708,71.2989013671833,47.1797656250028,33.670839843751,48.3291748046833,1.23019119262685
"7024",0.218125991821309,5.92860107421928,4.75719085693402,9.2756774902352,8.15628356933667,10.7140014648447,16.8581921386734,28.2438769531275,46.5105126953166,58.5756250000035,76.8868359375,82.551025390625,89.84611328125,73.1411035156271,81.7439453124952,80.9344726562452,62.6380078125037,38.5545434570324,53.7653710937453,0.278248291015601
"7025",0.054343719482427,6.21762634277399,5.14958740234421,9.80604370117275,8.44301879882888,11.496523437501,16.9327661132828,28.48708496094,46.8131445312542,58.670610351566,75.7507275390625,80.698515625,88.09283203125,71.0173242187521,80.7086132812453,80.0606347656203,63.4828222656288,38.2071435546886,51.9291601562455,-0.225481109619121
"7026",0.092412977218636,5.92567443847709,4.948994750977,9.30846557617271,7.68431335449287,10.686230468751,15.3300390625014,27.700024414065,44.920126953129,54.1667968750032,74.140009765625,78.1012109375,87.514326171875,70.7086279296895,80.2221289062453,80.0107177734328,60.7792919921911,36.6069384765636,51.699379882808,0.244449100494363
"7027",0.124115076065075,5.73044738769582,4.96537353515669,9.35425048828208,7.88527038574289,11.0730517578135,15.4543286132826,29.1557910156276,45.247119140629,54.2696484375032,73.655234375,75.616962890625,85.723466796875,67.585898437502,69.5733300781209,70.6421874999958,46.8860156250028,32.887939453126,47.0443945312459,1.45795547485339
"7028",0.266209716796899,5.8568249511724,4.8153747558598,9.03688232421956,7.94797912597727,10.4870166015634,14.6456005859388,28.351684570315,45.6936328125041,55.4262451171908,75.0776611328125,77.5524365234375,88.99751953125,70.8445556640645,74.9475976562456,76.590727539058,53.0561328125032,34.4458569335948,53.8548730468703,1.69613433837876
"7029",0.315148525238065,5.99706420898491,5.28838134765672,9.96178955078214,8.50395996093826,11.610986328126,15.6078564453139,30.5585815429715,47.4066748046917,59.3483593750035,76.8440625,78.51328125,90.24998046875,71.9170898437521,75.5915722656206,76.9706152343704,53.4545507812532,35.1305029296885,56.952324218745,1.59310729980455
"7030",0.361070404052767,6.37432128906307,5.25402526855516,10.1194818115243,8.53360717773514,12.5640112304699,16.4019250488296,31.9656323242216,47.7253076171918,61.7889208984412,78.19677734375,81.103994140625,93.896650390625,76.3140136718772,85.19670898437,85.9217089843699,65.3502783203164,38.5269433593761,69.1950146484315,1.24400810241688
"7031",0.359237594604524,6.25251342773493,4.98844940185591,9.47298461914147,7.42958679199285,10.4027136230478,14.2034411621106,29.7695751953152,45.9220458984416,59.083061523441,76.19072265625,78.192978515625,91.089345703125,73.6836621093771,81.5015234374952,82.4013671874951,59.4186523437535,36.7489575195323,62.7882421874945,1.08496360778799
"7032",0.361057205200227,6.59872680664121,4.95062347412154,9.90018920898526,7.76545593261788,10.7214074707041,14.9543359375013,28.3819653320338,43.4099023437539,54.0442529296907,72.29416015625,73.279990234375,86.333427734375,69.168984375002,76.2296386718705,77.7813964843704,56.5311572265659,31.7530224609384,57.3411279296825,1.18788414001455
"7033",0.468306732177776,6.51092651367246,4.91520690918013,9.74569274902431,7.99473876953196,10.3083166503915,14.7612060546888,26.8707568359399,42.0427099609413,51.5525000000031,71.524921875,72.427392578125,85.06197265625,68.9484912109395,76.4622363281205,78.2029345703079,56.5239746093784,31.6958300781259,56.800800781245,1.56659469604478
"7034",0.383635826110874,6.56176635742246,4.88391754150434,10.0720373535165,8.87383728027423,11.9783190917979,15.9752392578139,28.34954589844,42.2269628906288,56.1010693359408,74.25462890625,77.101640625,89.801484375,73.9279199218771,83.0130468749952,84.92637695312,61.6741357421912,35.6964111328135,61.1352343749947,1.50247619628893
"7035",0.270806636810327,6.72862548828185,4.60767333984416,9.59390808105554,8.86083251953204,12.1591564941417,17.6220275878922,28.2872753906275,43.7943701171914,58.5980761718785,76.7873681640625,77.9018408203125,89.987880859375,72.8746679687521,74.0941308593707,76.6302441406205,50.569394531253,34.3188452148448,55.6990185546826,1.90291046142561
"7036",0.247284317016624,6.72826965332091,4.84805175781293,10.1684405517587,9.68496948242274,13.6736718750012,18.2683898925798,28.011528320315,42.9760449218788,55.3339208984408,74.5762451171875,73.74896484375,85.78958984375,68.087031250002,62.2008154296839,66.6789404296835,43.4794580078151,31.7263134765634,50.2932080078081,1.6883976745604
"7037",0.105420131683359,6.68442260742247,4.85422882080122,10.1651434326181,9.60241333007898,13.8296435546887,18.2205224609391,26.9435522460962,41.4033593750037,53.5982714843782,71.761552734375,68.67021484375,81.83095703125,63.7329394531268,54.5035400390593,61.0293408203089,38.1465625000023,29.4085205078134,46.8695605468709,1.71464965820298
"7038",-0.007487707138062,6.58462036132871,4.96615936279341,10.2545983886728,10.4568005371103,14.5437329101575,20.5877832031268,28.09405761719,41.4817968750037,53.3314160156282,71.3406787109375,67.7894921875,80.376201171875,63.1634765625018,55.4585058593718,61.5655761718713,39.5496948242211,29.7114404296884,50.3775097656206,1.35706359863269
"7039",-0.065021247863775,6.45119506835995,4.86425659179731,9.92856079101651,9.74284729003993,14.154978027345,19.7034069824236,27.0640917968774,39.3230175781285,50.145000000003,67.9156005859375,64.27396484375,77.9757177734375,60.3110644531267,52.9865917968719,59.607973632809,37.5872070312522,27.2275585937508,46.3565478515585,0.918078765869061
"7040",-0.104098606109628,6.1713452148443,4.82897460937543,9.3968218994149,8.93772705078205,13.3544396972668,19.0689721679705,26.2978125000023,38.9888354492222,52.6363476562531,68.4089306640625,64.47873046875,76.956201171875,59.3734521484392,51.000976562497,57.9362011718716,37.0643603515647,26.6262402343758,47.1182812499959,0.869797058105393
"7041",-0.270987815856958,6.23827697753962,4.63318878173869,9.11815185546956,8.5615814208992,13.3730541992199,19.8793054199236,26.3937646484399,38.1942675781284,50.979941406253,67.06125,63.537138671875,76.518701171875,58.6181640625017,50.4205126953096,57.8056494140591,37.9127734375023,27.5639550781258,49.4735644531207,0.571554374694774
"7042",-0.217400302886982,6.13901306152399,4.71027038574261,9.03088867187581,7.88075073242258,12.5465258789074,18.694232177736,24.9178369140647,36.8551220703158,48.8097656250029,65.345654296875,59.490087890625,72.572958984375,54.4466992187516,46.0681884765598,54.5769238281218,34.8495947265646,25.5023486328132,47.6915136718708,0.588742523193308
"7043",-0.063288965225225,6.17714843750055,4.97830993652388,9.82379577636806,8.09733581543041,12.6622033691418,18.3655297851579,25.0216992187522,37.3010522460971,50.265517578128,66.2663525390625,61.490869140625,74.01103515625,55.2415527343766,40.2007958984352,50.604355468747,31.5334033203144,26.3050146484383,44.1608203124961,0.788091583251884
"7044",-0.119340333938609,6.00998901367241,4.87073059082075,9.52613342285241,7.39862670898503,12.268963623048,18.6848608398454,25.5513232421898,38.681909179691,51.315576171878,67.5881103515625,65.944287109375,77.82859375,58.3670312500017,49.7235839843721,56.4476611328092,33.5901611328145,29.0842089843759,47.9824414062458,0.375843276977506
"7045",-0.394509162902867,5.8456921386724,4.97501281738326,9.58935363769617,7.54649841308661,12.6232446289074,18.7056152343767,26.0036962890648,39.8400634765661,49.4900976562529,65.448466796875,61.795673828125,74.728583984375,53.021977539064,42.6257812499975,50.8266357421845,32.6829418945332,27.5001831054696,44.4721777343711,0.277047214508032
"7046",-0.502454757690474,5.91534423828178,4.84330566406293,9.32302185058677,7.75232788086007,12.0971020507823,18.6551953125017,26.0328491210961,39.9786767578161,49.4476757812529,63.7387109375,58.80201171875,72.767001953125,49.4741113281264,38.1992138671853,47.0094921874972,29.6536669921893,25.7853417968758,41.7635009765589,0.669509429931582
"7047",-0.564715728759816,5.7798944091802,4.83117553710981,9.12461303711019,7.41487060546941,10.4971679687509,17.5498278808609,25.4354052734398,40.4326562500036,49.984257812503,64.5851904296875,62.0124853515625,74.9035546875,53.9342480468766,45.0834960937474,50.9184326171845,30.5464746093768,26.6761572265633,44.3449023437461,0.362407417297332
"7048",-0.622681961059626,5.71161743164113,4.7320153808598,8.99806884765705,7.34980712890691,9.85704528808682,17.4541235351578,25.072780761721,40.1259521484411,49.0512792968779,63.28712890625,62.026259765625,74.8936669921875,55.0107128906266,52.4337890624969,57.5430957031216,33.462363281252,27.8717553710946,48.2531005859333,0.096976356506339
"7049",-0.327928619384795,5.68871765136769,4.72240936279339,8.76759826660235,7.6660284423835,9.50552368164147,17.5480297851578,25.3267700195335,42.8436767578163,51.7964941406281,66.567666015625,66.791953125,78.676787109375,59.9250488281267,62.2402441406214,65.8233691406211,42.8688330078151,31.5300878906259,55.8460400390576,-0.57988655090327
"7050",-0.099893722534189,5.53515869140674,4.5073583984379,8.75343566894609,7.20131042480533,8.9622705078133,16.6044213867202,24.3073071289084,42.7856005859413,52.7625244140656,67.3578369140625,68.2876904296875,81.064521484375,62.2813085937518,66.3860644531211,69.4121533203084,47.0394873046903,32.8734252929697,57.340624999995,-0.698201751708923
"7051",-0.344084625244171,5.46485961914111,4.31305908203163,8.76467590332109,7.37198547363347,8.72415893554765,17.5195190429703,24.6797998046897,43.7169970703164,53.1994873046907,67.7176220703125,69.349853515625,81.772041015625,62.2996533203143,66.0229248046836,69.7117285156209,47.4569140625028,33.9880419921885,56.1780175781201,-0.515443878173783
"7052",-0.217788658142109,5.35028320312548,4.23794311523475,8.79395507812579,7.2641870117194,8.22341064453198,16.3501818847671,24.1834130859397,41.3931445312537,51.7271679687531,66.836064453125,67.4849755859375,80.1362060546875,60.3479003906267,65.8802832031212,68.5739892578084,47.4105322265653,32.755488281251,55.2855712890577,-0.695952606201111
"7053",-0.310684032440213,5.29407470703172,4.21223205566444,9.0134619140633,8.00431396484446,9.09546386718831,16.867055664064,25.344831542971,42.8379980468788,56.4030029296908,68.9976318359375,71.0259375,81.9236328125,63.1805859375018,69.5051660156209,71.9083349609332,52.3835449218781,36.7544799804698,55.7649267578076,-1.14838745117178
"7054",-0.222746334075948,5.21748046875047,4.3783364868168,9.07984130859456,7.76908508300851,8.86894958496173,16.9267578125015,25.1909472656272,43.2305908203164,55.5516455078158,69.07162109375,71.4635009765625,81.75638671875,63.4063867187518,68.974912109371,71.6135449218708,51.6003857421906,35.8258886718761,54.9374023437452,-1.08274551391592
"7055",-0.283206939697291,5.39246459960985,4.33430999755898,9.55628784179773,8.18156250000073,10.006729736329,18.0647863769547,26.0591455078148,43.0965332031288,55.4069970703158,68.1352880859375,69.13177734375,79.1640771484375,60.6407128906268,64.6327441406212,68.052929687496,45.6914111328152,35.2725439453135,51.2066113281205,-0.658755722045841
"7056",-0.38133869171146,5.45920898437549,4.51200012207071,10.2900915527353,8.62279785156327,11.571367187501,19.5001171875017,28.9467041015651,46.4355761718791,58.8653222656285,71.3628515625,72.6362451171875,82.54568359375,64.1503466796893,67.2828222656211,70.8357470703083,51.1814453125031,38.8277148437511,52.6593798828079,-0.605235366821236
"7057",-0.475672378540081,5.32671752929735,4.27228332519569,9.99183471679777,7.96409545898508,10.971826171876,18.3229199218766,28.3336621093775,45.6864892578166,58.907563476566,70.539970703125,71.780888671875,81.716572265625,63.1636132812518,65.1496777343712,69.4572119140584,49.984384765628,37.1911816406261,49.7297021484332,-0.790666961669853
"7058",-0.660410003662168,5.2854357910161,4.36165954589883,9.88179809570401,7.40088378906316,11.1057189941416,17.2271704101578,27.4503149414087,44.589833984379,57.3444140625034,70.009619140625,71.7406103515625,81.56673828125,63.4235058593768,66.8017773437461,70.2656835937458,50.2257763671905,36.1060351562511,50.1333398437456,-1.02551498413077
"7059",-0.591763076782279,5.23659423828172,4.30496276855507,9.52934265136804,7.37557250976628,10.9542602539072,16.6192346191421,27.5876391601587,44.0670068359414,55.7078027343783,69.245537109375,71.4434423828125,81.1623974609375,63.3445800781268,68.149931640621,70.7997607421833,50.7361962890655,35.9733715820323,49.2279882812457,-1.0226792907714
"7060",-0.581152877807669,5.32286804199266,4.01665222168005,9.62078002929773,7.40603271484441,10.0118017578134,15.4148315429701,25.8585546875023,41.6807324218787,54.0146044921907,67.541005859375,70.160166015625,79.9483056640625,61.2370410156268,65.0229248046837,67.520624999996,46.3218945312528,34.2918310546885,46.4086962890584,-1.1409268951415
"7061",-0.572678833007864,5.40313903808642,4.03928100585973,9.20062988281332,6.88881713867249,9.00623352050862,14.3219445800794,25.4724414062523,41.3930419921912,52.6506689453156,67.006513671875,66.148310546875,77.98322265625,58.7228564453142,56.3666064453092,60.5887304687464,40.4479028320337,30.8946948242197,41.7284765624964,-0.737135009765561
"7062",-0.583788375854544,5.25515136718797,3.89981536865269,9.05275451660237,6.65069946289122,8.11451293945385,12.9757031250012,24.3316333007834,40.4832421875036,51.241513671878,65.52501953125,59.613623046875,74.055009765625,52.186196289064,40.1814111328102,48.5739550781221,33.3062231445332,27.5399707031258,33.6637499999971,0.174551887512192
"7063",-0.449654006958048,5.34089599609423,4.21874420166053,9.18786010742269,7.18409667968814,8.29329101562574,12.9697082519543,23.9734350585959,40.9308520507849,51.5026220703155,66.2789794921875,57.265361328125,75.6312060546875,51.627573242189,38.596223144529,47.3307666015597,32.8099853515645,27.256486816407,29.9527832031224,0.729460830688413
"7064",-0.661411743164121,5.19264709472703,4.07455291748083,9.17681030273519,7.86540466308664,8.81284118652422,14.0433325195325,25.296423339846,41.0217968750037,51.367392578128,65.6219873046875,57.6214013671875,74.6486376953125,50.945795898439,37.736252441404,45.5212304687473,32.9884521484395,27.7482836914071,29.058139648435,0.250826530456521
"7065",-0.754744186401435,5.15597656250046,4.06071197509802,8.99820373535237,7.66623657226631,8.71383300781328,13.6824719238293,24.9602148437522,40.3833007812536,51.4349169921906,65.694443359375,58.3232958984375,74.279091796875,52.636528320314,44.9037158203099,51.284658203122,35.2735351562521,28.4450219726571,30.2005371093724,0.024522285461424
"7066",-0.723426742553775,5.24364501953172,4.08031982421911,9.15318115234457,8.07275451660228,9.30480102539146,14.1747875976575,25.9220678710961,41.7301904296912,55.4068505859408,68.48361328125,65.395205078125,79.14271484375,59.1794580078142,57.3337353515591,58.797934570309,39.6203076171899,31.7254101562509,37.9385449218717,-0.856748580932542
"7067",-0.778057098388741,5.19313476562546,3.891454162598,8.98804077148518,7.74261474609444,8.81064941406328,13.6566394042981,25.3588037109398,41.7124853515662,57.9713183593784,69.9632861328125,67.475439453125,81.896142578125,60.7564794921893,57.1867968749967,59.5065722656215,38.6693774414086,31.5591650390634,38.5501684570279,-0.499606781005816
"7068",-0.759744567871162,5.34888916015673,4.09728271484412,9.31218139648521,8.30792297363355,9.55774047851648,14.9135351562513,25.7427148437523,42.0544775390662,59.0962988281285,70.4896142578125,69.09796875,81.56306640625,61.9466455078143,60.8448632812464,63.2537060546837,41.618110351565,32.989511718751,40.6493627929652,-0.687649612426698
"7069",-0.8361389160157,5.39081542968798,4.03092498779333,9.52621948242273,8.05186767578197,9.5774584960946,15.3839648437514,24.7096679687522,41.1335839843787,59.8446289062535,69.8583154296875,68.738125,78.952861328125,59.8292773437517,55.0304931640593,57.7699316406216,38.4723730468773,30.9741186523447,37.6702319335905,-0.275253353118872
"7070",-0.963978424072352,5.42581054687548,4.0990896606449,9.63677734375086,7.82553161621164,9.82378967285244,15.5240942382826,24.8020996093772,41.5286914062537,57.1063183593784,69.277021484375,66.9099560546875,77.00607421875,58.8037500000017,54.6674072265593,57.7989404296841,39.6025390625024,32.8002001953135,39.5933300781215,-0.492252845764117
"7071",-0.885914001464923,5.57215454101612,3.98688903808629,9.5210620117196,7.24273010253971,9.39785339355553,14.8203454589857,23.2001293945333,39.399604492191,55.2405468750033,67.8301318359375,64.458779296875,75.834501953125,57.6193212890642,54.0788769531218,57.6584179687466,38.8437670898461,30.5713330078134,38.9303979492154,-0.459018249511679
"7072",-0.955892944336023,5.68461486816457,4.17123596191443,9.71346435546962,7.66431274414131,9.73978698730556,16.2234667968764,24.820729980471,41.6466015625037,58.402954101566,70.422607421875,69.688701171875,79.39984375,61.6279980468768,59.9502832031215,61.8396777343713,43.4405664062526,34.699931640626,44.6924511718711,-0.293034629821752
"7073",-0.914632415771566,5.52657348632862,4.16815979003943,9.79517822265712,7.69164550781319,9.82983276367275,16.5820825195327,25.0115380859397,42.1701708984413,59.4845410156285,71.1323974609375,70.7937744140625,79.661591796875,62.9125585937518,61.1258105468714,63.4009863281212,43.4301123046901,35.157880859376,45.996259765621,-0.54643981933589
"7074",-1.11741149902354,5.40686157226611,4.20922515869178,9.69758422851649,7.36288085937566,9.91259399414151,16.4871252441421,24.5405151367209,41.1345410156287,56.6022265625034,69.06791015625,66.0497705078125,75.60564453125,58.0518212890642,52.2765966796844,57.3581152343716,39.0150097656273,31.7408203125009,40.1694848632777,-0.205234184265119
"7075",-1.08502784729014,5.16204467773484,4.34120574951211,9.73827880859462,7.15936401367251,10.3780261230478,16.9155700683609,25.7733154296898,43.7289257812539,60.0724853515661,72.24759765625,72.01201171875,79.218759765625,62.5349609375018,59.7505957031215,61.5045214843714,42.3200683593775,34.5275073242198,44.0993701171836,0.325460128784151
"7076",-1.25160263061535,4.96902435302779,3.90453491210972,9.40697692871178,6.72137939453185,10.4101037597666,16.3271948242202,25.5734130859398,42.5588818359413,59.7442480468785,70.89603515625,69.6293896484375,77.1444677734375,59.6154785156267,51.6062841796845,56.2560205078092,39.0662939453148,31.7108715820322,39.3877197265591,0.28484870910642
"7077",-1.15702346801768,5.02629211425826,4.27052398681679,9.5877709960946,6.7574853515631,10.4420336914072,15.449000244142,24.7329492187522,42.1298583984413,59.0259472656285,70.1764453125,66.8871435546875,76.152744140625,57.7669238281267,46.5499853515598,54.5196777343718,37.849060058596,30.2695312500009,37.553742675778,-0.381960983276334
"7078",-1.25458892822277,4.99498321533248,3.99248168945348,9.66691223144618,7.21834228515689,11.3123974609385,16.5825329589859,26.6059008789086,42.9044042968788,59.7198535156285,70.8898046875,68.847978515625,78.4227490234375,60.5544238281268,53.4036767578094,58.604721679684,41.1350781250025,33.4399365234385,41.0748144531214,-0.215931549072247
"7079",-1.36063034057629,4.78596008300824,4.01207092285192,9.64715148925867,6.91255004882874,11.2273779296885,15.3408935546889,25.3280175781273,41.6722314453162,57.7946533203159,70.412626953125,70.0245654296875,78.358583984375,61.6353027343768,60.506772460934,65.1753906249961,45.9606494140653,34.2727685546885,44.4896582031211,-0.730708236694272
"7080",-1.25737785339367,4.59625946044963,3.89102020263707,9.55682678222741,7.17325866699283,11.0799072265635,15.6783886718764,25.1189111328147,41.0020117187537,57.3273437500034,69.3176025390625,68.76287109375,77.3513330078125,60.7742382812518,62.2677392578089,65.7339550781211,47.1051025390653,35.3340063476573,45.457802734371,-1.55864013671861
"7081",-1.2952947998048,4.48575653076212,4.01678588867223,9.25508300781333,7.05574035644594,11.3242651367198,15.9183325195327,24.3535571289084,40.4661865234411,56.4009765625033,68.402490234375,67.3164990234375,76.6448388671875,59.2117089843767,59.654370117184,63.2849169921838,45.7705810546902,33.4072338867197,41.8453759765588,-1.73826263427719
"7082",-1.14417030334483,4.4577700805668,4.04506408691442,9.076520385743,6.86658081054749,10.993095703126,16.6078063964859,24.6066870117209,41.7843603515662,58.1416406250034,70.25873046875,70.090087890625,79.558134765625,62.2124755859393,64.6785644531212,67.018515624996,47.8052343750029,35.4781713867198,44.8554785156211,-1.30677719116199
"7083",-1.19414848327647,4.35468994140664,4.16964782714881,9.19019653320395,8.3180328369148,11.8870239257823,17.8578503417985,24.951413574221,42.6663525390663,56.4781445312533,68.5473828125,67.325078125,77.47490234375,59.3455664062517,59.7095312499965,62.1878124999963,44.4740039062527,33.481962890626,41.4871923828089,-1.25751037597645
"7084",-1.22259788513195,4.30894592285195,4.33673522949257,8.83066772461016,7.99738647461009,11.4188256835948,17.6684472656266,24.8667578125022,42.6119335937538,56.1692431640658,68.17333984375,66.945791015625,77.9890625,59.2798925781267,61.0890576171839,63.6211132812462,44.2578955078151,32.5559350585947,42.0819384765588,-1.32182495117176
"7085",-1.09566055297861,4.2887887573246,4.35032989501992,9.03660522461018,8.72840087890703,12.0295446777354,18.5788256835954,24.5588818359397,42.5985156250038,54.6298535156282,66.5773095703125,65.33515625,75.805029296875,57.3367871093767,58.6778222656216,61.9066601562463,44.8912695312527,32.6150268554697,40.203305664059,-1.19945487976064
"7086",-1.09900695800791,4.32654693603554,4.51608215332072,9.24748168945395,8.93514221191486,12.680438232423,19.7944079589861,25.9412109375023,44.460966796879,58.0610156250034,68.3505078125,68.3791796875,79.2186328125,60.3060791015643,62.2362207031214,64.0949462890587,46.5999853515653,34.8240502929698,41.2887695312464,-1.33146865844715
"7087",-1.10069046020518,4.47632385253946,4.40910278320352,9.19455078125082,8.66098144531327,11.8468261718761,19.8886730957049,26.1274462890648,46.0069384765666,60.6414501953161,70.1851513671875,70.71693359375,81.91216796875,61.5108056640643,60.0030664062465,62.1139990234338,43.9636425781276,35.0581005859385,41.3155615234339,-0.762503204345637
"7088",-1.13310707092295,4.46826995849649,4.23680938720741,9.36654296875084,9.08754760742269,12.4899609375011,20.8580053710956,26.0862280273461,46.2718017578166,61.2738671875036,69.8726953125,70.9651953125,81.0141552734375,61.2771777343768,59.5483691406215,61.0541992187464,44.4657617187527,35.4621508789073,42.1170312499963,-0.458924789428671
"7089",-1.1935572052003,4.54284973144572,4.26628631591835,9.40041625976646,9.60105346679773,11.5754736328135,20.1164233398455,24.8587353515647,42.2163085937538,57.2967480468784,66.587138671875,68.344013671875,78.3384619140625,59.1942187500017,60.318862304684,63.2655419921837,46.2828466796903,35.707607421876,43.1197998046837,-1.48626434326159
"7090",-1.22219757080089,4.28158935546913,3.89458618164097,8.7745391845711,7.89791625976633,10.0022802734384,18.9710742187517,23.7134960937521,41.1732324218787,59.787700195316,68.6183154296875,72.7263671875,81.6199169921875,62.3949169921893,60.5620996093715,62.8420849609338,43.6378076171901,34.660175781251,42.8082373046838,-0.724387359619077
"7091",-1.18404495239268,4.39836456298867,3.9089233398441,8.7378967285164,8.18620849609448,9.91964111328213,18.4316857910173,23.7723852539084,40.6085009765661,59.788442382816,68.613232421875,73.491748046875,82.17662109375,63.6422509765643,65.3031445312462,68.8235839843709,48.4730615234404,35.7246997070323,46.4516308593709,-1.02859626770011
"7092",-1.2434189605714,4.37710540771523,3.76913940429721,9.2107751464852,9.14249145507894,10.8831323242197,19.9465856933612,24.0827807617209,40.8754052734411,59.2242871093785,67.42201171875,71.9065234375,79.889892578125,60.8287890625018,62.7740039062463,66.954003906246,48.7256103515654,36.8502392578136,46.5787988281209,-1.70457183837876
"7093",-1.26737281799328,4.39858001709024,3.85530761718784,9.17887023925863,8.46184570312575,10.3033691406259,18.8913024902361,22.828603515627,39.787661132816,55.6473144531283,65.493681640625,69.445751953125,76.5824951171875,57.6108837890642,58.2827490234341,63.8769238281212,45.4966162109402,33.911132812501,44.1523242187461,-1.6728817749022
"7094",-1.29437622070324,4.4575991821293,4.14724304199256,9.4371734619149,8.376906738282,10.5166931152353,18.2122900390641,22.3868872070332,39.2403637695348,55.6569384765658,65.627216796875,68.5962939453125,75.78701171875,56.6928564453141,56.3303222656217,62.0109814453088,44.5043847656277,33.7068603515635,43.7761181640587,-1.23738479614247
"7095",-1.28257492065441,4.46680969238321,4.33314178466835,9.62452453613367,8.60762695312577,11.5731311035167,20.0460168457049,23.7201562500021,41.1088818359412,59.044995117191,69.02634765625,73.092666015625,79.577783203125,61.1035058593768,60.1624511718715,65.0546484374962,45.6131640625027,36.0265625000011,46.166728515621,-1.14933937072744
"7096",-1.1906755065919,4.49519897460978,4.70279083251995,10.6103918457041,9.26520690918051,13.4586572265637,21.2436962890644,25.1541699218772,40.9060302734411,58.2812841796909,67.930400390625,70.618232421875,77.001962890625,58.3698632812517,56.4115624999967,61.6673242187463,44.9925878906277,35.607841796876,44.1134228515586,-1.1906005859374
"7097",-1.23248710632335,4.32198608398476,4.40494079589883,10.0252996826181,8.42333923339919,13.6983593750012,21.3373413085957,25.8371752929711,41.7471386718787,61.9152685546912,69.72130859375,72.124755859375,78.616494140625,60.9575048828143,59.5008886718715,64.2296191406212,47.1889257812528,36.2661450195323,45.446904296871,-0.913197021484295
"7098",-1.27637252807629,4.37905883789102,4.40922332763711,10.1748706054697,8.59735046386795,14.7973559570326,22.2595336914082,28.4105102539088,42.9891748046913,62.5428906250037,70.7045068359375,74.119873046875,80.379580078125,63.2899609375018,61.7850683593714,65.6728906249961,47.5728808593778,37.2979980468761,45.926367187496,-1.01271461486808
"7099",-1.15825714111339,4.15150146484412,4.22876251220741,10.0665612792978,7.71192382812569,14.7971997070326,21.6520410156269,29.9493359375027,43.8486621093789,61.1674951171911,69.675224609375,70.740078125,77.7235791015625,61.2068310546893,58.7091552734341,63.9766796874962,45.6123486328152,38.0923388671886,45.489394531246,-0.951136627197183
"7100",-1.20832328796397,4.01738342285192,3.86855407714878,9.19783447265707,7.15733337402408,13.6576855468762,20.1277050781268,28.6327050781276,43.0677099609413,60.7902148437536,69.547587890625,68.605791015625,76.313701171875,59.5108593750017,50.807460937497,57.8282177734341,40.1587182617212,33.8152587890635,39.5679028320278,-0.684811553955018
"7101",-1.17159523010264,4.15325073242225,4.22559478759803,10.0629052734384,7.36582336425847,14.2480480957044,19.841437988283,27.4191479492212,40.6213037109411,56.0738769531283,66.0442919921875,61.983330078125,71.62080078125,54.7847460937516,45.1671142578099,54.0998291015593,37.9571801757835,31.7523730468759,36.7989648437468,-0.589429244995066
"7102",-1.17182632446299,4.09175476074255,4.40802764892617,9.96301818847745,7.07394836425844,14.0988598632825,19.3234606933611,28.5561523437525,42.4222802734413,58.1777148437534,67.885478515625,63.9007666015625,72.8554443359375,55.4470703125016,41.1470019531226,51.6666894531219,37.117810058596,31.9717968750009,35.8301049804656,-0.510702819824174
"7103",-1.09778457641611,3.90199249267613,4.53463653564494,9.85586120605557,6.47020324707089,14.0139892578137,19.7343139648455,29.7389257812527,43.9248535156289,62.1990625000037,71.242734375,69.638154296875,79.05109375,62.2418798828143,51.901240234372,58.1229980468716,40.6728295898462,35.6657958984385,39.6150610351528,-0.408876190185511
"7104",-1.14153152465831,3.85685485839878,4.50063415527384,9.16943725586019,6.00592468261772,13.0692431640637,18.6572863769548,28.0835083007838,42.9283593750038,58.8669335937535,68.546953125,66.671201171875,77.36849609375,60.7242675781268,53.6537792968719,59.394067382809,40.984262695315,34.606718750001,39.3882153320278,-0.93344398498527
"7105",-1.12681083679209,3.77138946533237,4.68271209716839,9.0627557373055,5.4982598876958,12.0276953125011,17.7546752929703,29.2147216796901,42.3286181640663,57.7880810546909,67.640615234375,66.919111328125,76.9455078125,61.9577197265643,56.7005761718717,61.4090527343714,41.4697460937525,34.121357421876,38.4036572265591,-1.75716247558578
"7106",-1.26284431457531,3.78160034179721,4.60827087402385,9.2789343261727,6.20727050781305,11.9734326171886,17.7108447265641,28.5772656250025,42.3719140625038,58.8597851562535,68.5753076171875,66.855947265625,76.17728515625,60.8341357421893,52.4932031249969,58.5471484374965,40.0622167968774,34.2042114257822,37.8338500976529,-0.731472015380795
"7107",-1.0654817199708,3.68407287597689,4.52830871582072,8.68621826171953,4.91120117187544,10.4028808593759,16.5242871093765,27.4005175781274,39.5422924804723,57.5812060546909,68.725087890625,67.5019482421875,76.6710546875,62.0874658203143,53.0323632812469,58.9956054687465,41.3166894531275,34.855986328126,38.1369824218717,-0.753493499755794
"7126",0.565675811767629,6.4732287597662,4.58585418701213,10.3262524414072,7.87570129394602,12.2675073242198,17.7299633789078,28.295610351565,40.9293896484412,62.3388623046912,72.5663671875,73.66916015625,80.657421875,65.0759179687519,64.2358740234337,65.5750341796836,40.7564257812524,32.3409106445322,46.113701171871,0.776515960693292
"7127",0.640240325927791,6.55964416503965,4.67034240722698,10.3082067871103,8.37188598632887,12.7982543945324,18.1920092773454,28.7171972656276,42.9101220703163,64.4480273437538,73.8037841796875,76.2546533203125,82.3815625,67.520302734377,68.060429687496,67.796425781246,43.8843115234401,33.6199291992197,48.1906933593708,0.83249588012688
"7128",0.653124389648496,6.49859130859433,4.64371734619182,9.67167541503992,7.81345458984445,12.2235693359386,17.3929492187515,27.5400781250025,42.8129052734413,64.0462792968788,74.710810546875,77.4056103515625,84.50478515625,69.010585937502,70.2250976562459,69.2477197265584,45.2594433593777,32.708183593751,49.1427832031207,1.19692016601552
"7129",0.716531677246158,6.46363647460995,4.70957092285198,10.1134222412118,8.51731201171951,12.6984643554699,18.4855871582048,28.9462890625026,45.0352490234415,65.5527392578164,76.296455078125,78.245537109375,84.856328125,69.215429687502,68.130859374996,68.0061474609335,44.9311328125027,34.1170166015635,48.8196240234332,1.36990356445301
"7130",0.591523437500053,6.48132324218808,4.58137756347697,9.69737609863368,7.73339050293038,11.8188806152354,17.5840478515641,27.7857348632837,44.6484619140665,64.3981884765663,76.330576171875,79.1042578125,85.7310546875,68.9012548828145,66.7299755859336,66.1910791015586,42.7466894531276,33.679531250001,48.0838818359333,2.16764678955059
"7131",0.714399108886782,6.51163085937558,4.908662719727,10.2024896240243,8.41543090820388,13.3916760253918,18.5166406250017,29.0882446289088,44.9052685546915,63.5676269531288,76.1346240234375,78.586025390625,84.323681640625,67.614326171877,66.4782714843711,65.5863476562461,43.4640332031276,33.5679125976572,47.6889843749958,1.92150817871077
"7132",0.66881591796881,6.61149963378965,4.7782199096684,10.1550708007822,8.19331909179761,13.3218884277356,18.475745849611,28.6115820312526,45.301132812504,65.0994628906289,77.3901220703125,81.3504248046875,87.247763671875,70.376298828127,72.6203124999957,71.8391015624957,47.2643505859403,35.0530322265635,49.9492382812456,1.63080047607408
"7133",0.499112625122115,6.4437756347662,4.66744842529338,9.88397888183682,7.39979797363347,12.3952185058605,17.1532446289078,27.1862377929712,43.8362207031289,60.6064941406286,75.732548828125,78.4731591796875,86.01880859375,68.308583984377,70.2974121093709,69.5360937499959,45.6808105468777,31.1088134765634,46.7945214843709,1.88579635620101
"7134",0.481876792907758,6.34711425781307,4.84585327148481,10.07317932129,7.31345153808659,12.6891369628918,17.4453588867203,27.4319433593774,44.4081787109415,61.5570654296911,76.2326025390625,78.7423291015625,85.01921875,67.850771484377,70.4588818359334,69.8381835937459,46.7799707031278,31.243125000001,47.7859472656208,1.7638061523436
"7135",0.346907272338898,6.32996765136775,4.48700622558634,9.82883056640713,7.42450927734441,11.7421276855479,16.0729760742202,26.7566064453149,43.5708203125039,60.0339550781286,76.708310546875,78.6999609375,85.93361328125,67.319921875002,67.0707910156211,67.0066552734335,42.7309863281276,30.1831176757821,46.1260302734335,2.32546035766581
"7136",0.557429580688526,6.4582775878912,4.47242431640665,8.95107727050861,6.34860534668025,10.5808129882822,15.6077124023451,27.4590966796899,45.4236718750041,61.1966601562536,78.131474609375,79.272021484375,86.647646484375,68.4378466796895,64.7854296874962,65.0987988281211,40.1187939453149,28.3867236328133,44.6463867187461,2.79784057617163
"7137",0.464435958862346,6.40642089843807,4.98942077636763,9.64398681640711,7.09600219726626,11.0504711914072,15.883326416017,27.544809570315,45.273388671879,59.8846386718785,77.0535107421875,75.802109375,83.7896875,64.3217187500019,58.2103515624966,59.703930664059,37.3697314453147,26.8019824218758,43.1381054687462,2.99187133789036
"7138",0.626545333862361,6.23904235839899,4.75230285644574,9.45971923828209,7.47768737793035,12.332947998048,17.6951586914078,29.5039965820339,47.4325927734417,61.1675585937536,77.4208349609375,77.457568359375,84.79970703125,65.4066357421894,60.658754882809,60.7466308593714,39.6045654296899,29.3097460937509,45.416865234371,2.1247901916502
"7139",0.505206489563033,6.23841369628962,4.82141387939496,9.71266845703212,7.57935974121161,12.4572534179699,16.7352917480484,28.6623095703151,46.2295703125041,60.8294726562536,76.80236328125,78.1718408203125,84.59646484375,65.5021484375019,62.0505664062464,62.8331982421838,40.8918603515649,29.6614746093759,47.8270947265583,2.24313446044902
"7140",0.495518875122115,6.02749267578179,4.73926605224652,9.41653930664146,7.14937194824283,11.730888671876,15.8997094726577,27.0564379882837,45.4495898437541,59.6161621093785,76.855693359375,78.746123046875,85.306328125,66.6317285156269,64.1113232421838,64.4717578124962,40.4056640625024,30.0168017578134,46.9867724609334,2.73190917968726
"7141",0.555793914794972,6.01443115234429,4.93790344238325,9.5198461914071,7.27572570800846,12.1230676269542,15.5706372070326,27.63175292969,46.5729980468791,60.1519287109411,76.12818359375,78.458056640625,84.778955078125,65.9128271484394,65.5744726562462,66.3934765624961,42.6886523437526,30.8870263671884,47.2476855468709,2.482372741699
"7142",0.493275375366255,6.01656494140679,5.08963500976608,9.60696777343836,7.78298583984444,12.2700549316417,16.8160937500015,28.8165771484401,47.5602636718792,60.8655078125036,77.0401708984375,81.7912109375,87.560009765625,69.4578955078145,71.8765722656208,71.4531591796833,47.2721093750028,32.702792968751,49.1462011718707,1.78337829589828
"7143",0.383279991149937,6.05177734375054,5.14712280273483,9.85470092773526,7.99520385742259,11.7576538085948,16.2281762695327,27.6897070312525,46.4063281250041,59.7365917968785,76.532861328125,81.2527685546875,88.006904296875,69.924902343752,75.4604785156206,74.5811621093706,50.9796240234405,35.182294921876,49.7430175781207,0.714561767578063
"7144",0.231947212219259,6.04146606445366,5.05533142089889,9.39193359375084,7.45200195312566,10.8688305664072,16.0417248535171,27.1948779296899,45.5475048828166,57.7118066406284,75.198974609375,80.1178955078125,87.770029296875,70.0888232421895,78.8110986328079,78.8248388671828,59.6844482421911,34.2390576171885,52.2706494140579,1.05313163757315
"7145",0.365628051757845,5.93236083984428,4.99709289550826,9.38230590820396,7.20837646484439,10.6534619140635,16.628432617189,28.4305859375025,47.0081689453167,60.0206103515661,77.3980859375,82.33142578125,91.053818359375,73.3740332031271,80.4142822265578,80.6393652343702,57.8148828125035,35.7521166992198,52.3637792968704,1.47858596801745
"7146",0.498689498901412,6.00913940429741,5.12488830566452,9.48213256836022,7.34826232910222,10.5716455078134,14.9378613281263,28.4207446289088,46.6382177734417,60.6836474609411,77.732392578125,82.46326171875,92.19236328125,75.2354101562522,82.6861523437452,82.2751171874951,56.2466796875034,35.1884228515635,54.2937011718703,2.23384414672832
"7147",0.661974639892637,6.19511352539118,5.29679870605516,9.33886230468833,7.73756225586007,10.6951391601572,14.8178527832044,28.5111718750025,46.0866406250041,58.9474316406285,77.534306640625,81.240849609375,91.9076953125,74.7709082031272,81.6106298828077,82.7813769531201,58.725864257816,35.1494970703135,61.5763232421821,2.22703018188457
"7148",0.536691055297899,6.22293945312556,5.27892395019578,9.97723815918058,7.95610290527415,11.7788696289073,16.3442504882827,30.1462792968777,48.4436718750043,62.1383398437537,78.535830078125,81.751064453125,93.96255859375,76.5935937500022,85.15983398437,86.3339062499949,69.4536767578167,37.3690087890636,67.1414941406191,1.1978702545165
"7149",0.567686347961476,6.54418945312558,5.40992919921923,10.2505444335947,8.1631140136726,12.7619335937511,17.2591308593765,30.9641601562528,48.3530078125043,62.4266113281287,78.784873046875,82.1358984375,93.979775390625,76.6005078125022,86.4884667968699,88.1171484374948,70.5023730468792,37.3629321289073,69.028916015619,1.90420715332015
"7150",0.565941238403371,6.51454467773496,5.29052551269579,10.2759716796884,8.02473083496165,12.9473120117199,16.8082983398453,31.6034863281278,47.1067675781292,61.4762500000036,77.7592724609375,79.12947265625,91.94955078125,74.6743505859397,83.8417285156201,85.22436523437,66.211250000004,38.4458398437511,73.5288183593686,1.75096908569321
"7151",0.587369728088431,6.59860107421934,5.26778320312547,10.2034020996103,7.80462585449288,12.5630737304699,15.5237109375014,29.0135107421901,45.4128466796916,59.614643554691,75.259140625,76.8223046875,89.68732421875,71.6703564453146,80.3296484374953,81.9974023437451,60.5330957031286,33.327314453126,68.6642724609315,2.15709136962872
"7152",0.654457397460996,6.53819274902402,5.37748596191454,10.9735510253916,8.89343627929767,13.6088208007825,16.8204968261734,29.0747827148463,43.9933007812539,59.5865332031285,75.6167724609375,77.3840234375,89.37263671875,72.2510644531271,79.6803613281203,81.1620751953077,57.0577636718784,33.5987426757822,68.395673828119,2.44700637817362
"7153",0.607985763549859,6.75036987304748,5.42439086914111,11.3586157226573,9.71719482421962,14.241345214845,17.4121337890641,27.601196289065,41.4441845703162,57.6186718750034,74.690986328125,76.8240234375,88.5797265625,71.6725683593771,75.5494140624956,77.2545605468704,52.3701513671906,33.3150830078135,65.7778222656192,2.61631378173805
"7154",0.561319465637257,6.88435913085999,5.34550292968798,10.9688330078135,10.4529882812509,15.5114526367201,21.2784155273457,31.7628002929716,46.8040625000042,63.9321386718788,79.22697265625,80.083173828125,90.38361328125,72.3119140625021,69.5660156249959,71.8852343749957,48.6047265625029,36.4654248046886,66.7305566406192,2.37581268310526
"7155",0.478587341308636,6.93230834960999,5.26025329589891,11.3805615234385,11.171318359376,15.6362329101576,21.7863671875019,30.2802416992215,45.8534179687541,59.3075195312535,74.0099609375,68.56697265625,82.7810546875,62.3862597656268,56.5548242187467,62.6791210937463,41.7097656250025,31.8380053710947,62.0633105468696,2.52172683715798
"7156",0.440051078796426,6.61616333007872,5.08969604492233,10.4635424804697,9.82975341796963,13.7266943359387,19.4319006347674,27.6705566406275,42.1206933593788,54.5803808593782,71.6258544921875,68.124482421875,81.356533203125,62.5682275390643,54.1140673828093,60.4642871093714,39.6430053710961,29.8691455078134,58.4109472656199,2.28168731689433
"7157",0.344811668396027,6.64873229980528,5.22104797363328,10.5908129882822,10.5208044433603,14.451423339845,20.5375512695331,29.1267285156276,42.4046972656288,55.7843652343783,71.17841796875,66.49259765625,78.855791015625,60.3880468750017,49.9337207031221,57.0212597656216,38.7964282226586,29.1837963867196,59.2499316406198,2.02749633789045
"7158",0.192931098938006,6.46228271484433,5.04790161132857,10.5971240234384,10.202003173829,14.5331237792982,21.2277490234394,28.5179687500025,41.5509619140662,53.7647949218782,69.559873046875,66.11537109375,78.6590625,60.3021191406267,56.4601171874967,62.0598925781213,42.31833496094,29.6463574218759,52.6085693359329,1.06629837036123
"7159",0.277110519409204,6.37869750976619,5.17540649414109,9.97183837890714,8.98882263183674,14.1941406250013,20.6993188476581,27.854731445315,40.6188452148474,51.6500781250031,68.22376953125,64.6047900390625,76.4715771484375,58.0793164062517,48.2271142578097,55.4696386718717,38.1733251953148,27.8516210937508,59.6248730468698,1.3373776245116
"7160",0.013732450008394,6.4239416503912,5.15605651855515,9.99049560546964,9.27836669921958,15.4824096679701,21.5595922851582,28.4000488281275,41.4420703125037,53.8118994140657,68.41708984375,65.23986328125,77.2706298828125,59.0694628906267,52.7950244140594,59.2290917968715,39.9609423828149,28.4093530273446,65.0989257812443,0.700121459960876
"7161",-0.050846934318547,6.09173034668023,5.02624176025435,10.0311914062509,8.81489990234454,15.1603784179701,21.7535839843769,28.5837670898463,40.0565478515661,52.1892089843781,66.697509765625,62.94326171875,74.886474609375,55.9546142578141,51.8276708984345,58.1175683593716,38.0307373046898,28.3490722656258,59.2773291015573,0.62397754669184
"7162",-0.001613688468933,6.25858642578181,5.13896606445358,10.3404736328134,8.92880981445392,14.6238671875013,21.5335668945332,27.7084448242212,39.7493188476598,54.4361523437532,67.8534228515625,66.822568359375,77.8872998046875,59.1524072265642,54.9782080078093,61.1500048828089,39.5545654296899,30.2719506835946,58.4740576171824,0.810274581909109
"7163",-0.026578817367556,5.97690246582085,5.01744995117232,9.64034301757899,7.82056701660226,13.1068884277355,20.0469665527362,26.5104345703149,39.0277807617222,51.277138671878,65.440478515625,63.6732421875,75.4145654296875,55.4131738281266,46.7150781249973,55.2091992187467,34.7280029296896,28.0277587890633,59.6729833984323,1.02082489013663
"7164",-0.035869073867801,5.91520446777396,4.86108001709028,9.60630981445398,7.43793090820379,12.8127416992199,20.5324291992206,27.3454296875024,40.8791455078161,53.3450390625032,66.753359375,63.788125,76.496484375,56.0786181640641,49.1154199218721,55.8746093749967,35.6146215820334,29.6025048828134,54.7696972656202,1.4714089965819
"7165",-0.292957000732448,5.63194152832081,4.75425628662152,9.22811523437582,8.08236083984447,12.2682299804698,20.2718212890643,27.0143359375024,41.1425732421912,53.6813476562532,66.065869140625,64.621376953125,76.53544921875,56.7652001953141,51.557197265622,57.1812109374966,36.0664257812522,29.8324658203134,58.2829101562449,0.434055252075157
"7166",-0.349643783569367,5.57014587402393,4.68412109375042,9.00632080078205,7.61664550781318,10.9063513183603,18.8249169921892,26.3442138671899,40.7370825195349,51.024648437503,63.534677734375,60.26720703125,74.339609375,53.5166601562515,48.8117382812471,54.8235449218717,33.8222973632833,27.9164282226571,62.6951269531195,0.735792999267514
"7167",-0.179183883667008,5.69813842773488,4.82661102294965,9.15368713378988,7.84762451171945,10.4149218750009,19.0998889160173,26.8099609375024,42.8102099609413,53.9386523437532,65.1414453125,63.9988818359375,77.359609375,57.5265429687517,59.3193749999965,63.5800585937462,40.2564428710962,30.1887109375009,60.9011816406197,0.32456439971921
"7168",-0.204105834960956,5.635229492188,5.03955932617232,9.46919433593835,8.21859619140698,10.4114758300791,19.6287255859393,27.4293676757837,43.9928320312539,55.1065039062533,66.3264892578125,66.3580810546875,79.7537646484375,59.5514306640642,63.0096240234338,66.4465771484336,43.4025537109401,32.1045776367197,63.8693798828069,0.148240585327135
"7169",-0.007370684146882,5.66211547851613,4.97826049804732,9.94798950195401,8.17977172851636,11.1512341308604,20.9747607421894,28.4747387695338,47.8388671875043,60.1707373046911,69.763388671875,71.180703125,83.56205078125,63.8989453125019,69.2421386718709,72.5208300781207,51.8167871093781,36.2256835937511,67.1029833984316,0.20964517593382
"7170",-0.206793327331561,5.39469360351611,4.78109497070355,8.98097412109455,7.25598266601627,9.43510864257897,18.1866943359391,26.5297460937524,44.400478515629,56.7599316406284,67.7265673828125,68.9520849609375,81.19048828125,61.2958496093768,64.2611523437462,67.368193359371,44.1129443359401,33.409423828126,63.120844726557,0.286332550048803
"7171",0.103496284484873,5.44922485351611,4.76478668212933,9.137272338868,7.18265136718814,9.45535888671959,17.7214794921891,26.3363476562523,43.7661230468789,57.4589550781284,68.471982421875,69.8800732421875,82.86615234375,63.0732031250018,68.097138671871,71.0896679687458,49.1178466796904,35.7744189453135,64.4200732421819,0.372962303161589
"7172",0.004872989654541,5.43802246093799,4.87271240234418,9.42360778808678,7.77738220214913,10.3865942382822,19.3140991210955,27.2942749023462,43.6970800781289,58.1326953125034,68.7564306640625,70.1762939453125,82.13251953125,62.3585449218768,68.075136718746,71.0869824218708,50.476796875003,36.8336450195323,63.1417187499945,-0.104494075775137
"7173",-0.176845188140885,5.31407531738329,4.52976135253947,9.37102844238365,7.67737182617256,10.5928674316416,18.9393872070329,28.0379101562525,44.1151757812539,58.406586914066,69.8698291015625,70.98951171875,83.53037109375,64.3474023437519,70.8514208984333,73.4853466796831,53.8441748046907,38.7430810546886,64.3099707031194,-0.396445045471157
"7174",-0.206778678894061,5.2942053222661,4.6478274536137,9.82018066406338,7.93038085937571,10.993847656251,19.4043444824236,28.1883959960963,44.9866650390665,60.2325488281286,71.0966845703125,72.341904296875,84.00021484375,64.4059667968769,68.312099609371,71.0774267578083,50.997880859378,39.8010083007824,62.0901074218696,-0.46465045928951
"7175",-0.184135227203386,5.4354034423833,4.75345520019574,9.89619018554776,8.33750244140699,11.0809106445322,19.7748779296893,28.7720312500026,45.9838720703166,60.5795068359411,71.557783203125,72.19359375,83.58509765625,64.9657519531269,70.3907519531209,73.7778515624956,53.4930273437532,40.6139257812512,62.0709228515571,-0.381851654052701
"7176",-0.373177719116244,5.57103271484425,4.48615264892618,9.70880065918055,7.8884277343757,10.7630126953135,18.1008715820329,27.0626318359399,43.2320312500039,56.0325830078158,68.366669921875,68.012861328125,79.101142578125,60.3331298828142,64.3235302734337,67.439228515621,47.2307861328153,37.0642431640636,55.7051171874951,-0.552085456848096
"7177",-0.223443431854268,5.51148620605518,4.70208618164104,9.89634887695401,7.75885253906319,11.3788220214854,17.7973876953141,27.7293969726587,43.7377050781289,55.9585351562533,68.191962890625,67.94810546875,79.5458984375,60.5340771484393,65.2299023437462,67.990087890621,47.7526904296904,35.430332031251,56.66434570312,-0.47026023864742
"7178",-0.180381240844743,5.65224731445363,4.90558044433638,10.4775354003916,8.69272766113359,12.4831677246105,18.9535876464861,29.4326660156276,46.0458886718791,58.903315429691,70.29099609375,70.862060546875,81.0218701171875,62.1814062500018,65.9370898437462,67.748554687496,47.4027734375028,37.0364843750011,55.0664941406202,0.047985916137691
"7179",-0.174817199707047,5.81878356933646,4.99664093017623,10.7664721679697,9.46463500976647,12.9786181640637,18.6464501953142,29.2152978515651,46.2004443359416,59.6205273437535,70.9134912109375,71.7876123046875,81.8513720703125,62.4718603515643,65.7398095703087,66.3611718749961,47.5740527343778,38.7903222656261,53.2346679687454,0.130035448074329
"7180",-0.297361354827907,5.71843627929738,4.82413085937543,10.6470214843759,9.65570434570399,13.0058239746105,18.1394433593766,28.8651904296901,45.5940234375041,59.6237890625035,70.7631494140625,69.149296875,81.048076171875,60.2235546875017,59.1263085937465,61.4763671874964,44.7931933593777,37.0900927734386,48.7257910156207,0.832573089599537
"7181",-0.270898761749292,5.63122924804738,4.67819824218792,10.3714575195322,8.95682250976642,12.1582043457042,17.3346655273453,27.2055541992212,43.3395263671914,56.0703613281283,67.982060546875,65.3154931640625,77.3629541015625,56.1285058593766,52.1721435546845,55.3065917968717,39.7076440429711,34.092060546876,45.496054687496,0.921877136230388
"7182",-0.401943931579626,5.46029907226611,4.64415039062541,9.96745239257901,8.96694213867267,11.9453100585948,17.157807617189,28.159555664065,43.7323632812539,57.3699902343784,69.13017578125,64.4748974609375,78.0245849609375,56.2119921875016,52.4259423828094,55.0150976562467,39.7960595703149,34.253750000001,40.9344531249964,1.12587005615225
"7183",-0.465801811218303,5.49608520507862,4.46992004394571,9.37110961914146,8.34253845214918,10.7417468261728,15.7702722167983,26.7001367187524,41.3030566406287,56.0809326171908,68.377451171875,64.48587890625,77.698818359375,56.4048144531266,55.1850146484343,56.2470800781217,40.1996020507837,34.512968750001,42.5743505859338,0.591586418151804
"7184",-0.494194374084517,5.48992126464893,4.4649624633793,9.29722839355552,8.26764892578199,10.5722570800791,14.8266088867201,26.5674633789086,41.0943554687537,56.6106640625034,69.382109375,65.614775390625,80.0216796875,58.8227734375017,57.6478124999966,57.9955468749966,39.5886132812524,33.9533349609385,41.3512744140589,0.994282302856359
"7185",-0.531728515625047,5.64153869628957,4.45528564453165,9.54190002441491,8.51968505859451,10.5963134765634,15.3031872558607,25.9475903320336,41.1525781250037,56.3582470703158,68.1404296875,64.8071142578125,78.8770361328125,57.7433056640642,56.3437890624967,57.6276757812466,40.1133496093774,33.773691406251,41.3437499999964,0.655896759033146
"7186",-0.53082206726079,5.75659667968801,4.48075012207071,9.46993957519616,9.2393444824227,10.9903430175791,15.5260461425795,26.2912060546898,41.6954296875037,55.9081005859408,68.212548828125,65.0142041015625,77.70490234375,57.7264941406267,58.5743847656216,60.1939794921839,41.5457714843775,35.5958544921885,44.0910693359337,-0.026129703521726
"7187",-0.534810867309618,5.82848388671927,4.58223571777385,9.85855834961026,9.24517517089926,11.4671765136729,16.3582934570327,26.9551147460962,42.6465136718788,58.7515039062535,70.211796875,67.666220703125,80.157978515625,60.3582226562517,61.4875195312464,62.7966503906213,43.8937109375026,36.2665869140636,45.2481738281211,0.132210302352894
"7188",-0.610500679016168,5.91429138183647,4.5435336303715,9.70982727050868,8.7013732910164,10.9261254882822,15.3777612304701,25.3947949218773,41.0125000000037,57.0999511718784,69.54697265625,66.5683056640625,79.399970703125,59.4381738281267,59.334624023434,60.9039697265589,42.0538183593775,34.6103881835948,43.7786328124962,0.198639564514143
"7189",-0.62094848632818,5.80684082031302,4.63382904052776,9.8221350097665,8.85758361816485,11.8338732910167,17.4811022949234,26.5615429687524,43.0705273437538,61.2655664062536,71.4586865234375,69.43193359375,80.7104296875,62.1644384765643,62.7047314453088,63.8165527343712,43.5217968750026,36.7904394531261,46.6572802734334,0.173824386596665
"7190",-0.654728393554746,6.03538330078179,4.62070617675822,10.248165283204,8.45868530273513,11.7352954101573,16.9695080566421,25.6847802734398,42.2616748046913,60.5136035156286,70.7228076171875,67.678994140625,78.9024658203125,60.2952636718767,59.6682617187465,61.0906249999964,41.2782617187525,35.672382812501,45.1916894531211,0.343811569213837
"7191",-0.758497543335029,6.02486816406304,4.58451446533244,9.9185089111337,8.12383789062573,11.2123156738291,16.8655346679703,24.963386230471,39.6757324218785,56.3572412109408,67.7954296875,62.991015625,74.7416015625,56.7898339843766,54.6181298828093,57.6233593749966,40.2123144531274,33.8114111328135,43.4673974609337,0.336903305053681
"7192",-0.629240188598689,5.69351440429738,4.44275848388711,9.5121069335946,7.11351440429751,10.0651452636728,16.376831054689,24.895310058596,40.5224414062536,60.5047363281286,71.423505859375,69.77703125,79.260634765625,62.5594189453143,62.5670410156213,64.9729687499961,43.8622070312526,36.3941162109386,48.6598828124958,0.187152671813949
"7193",-0.793776168823313,5.79521484375052,4.47659240722696,9.71303100586024,7.42662780761785,10.9768969726572,17.7805639648453,25.3572021484398,40.5669042968786,59.8416650390661,71.052861328125,69.5439111328125,78.9290625,62.2678710937518,61.8859863281214,64.3768212890587,43.7030371093776,36.1111376953136,48.5485644531208,0.216921710967999
"7194",-0.806877899169994,5.68823120117238,4.71154907226605,10.1003869628915,7.65233825683662,10.9572424316416,18.196185302736,26.0070458984398,41.1508886718787,59.4814843750035,70.629736328125,69.1121484375,78.47673828125,61.0361669921893,60.4612011718715,62.3209179687463,42.6503027343776,35.9201098632823,45.5932373046835,-0.123209724426259
"7195",-0.901498413086018,5.61974670410206,4.73335998535198,10.4286975097666,7.5280871582038,11.182529296876,18.5267602539079,25.6623437500023,41.9585058593787,60.3816455078161,72.472646484375,70.94357421875,79.8924072265625,62.0309863281268,59.967846679684,63.6207617187462,44.4764941406277,36.8601660156261,47.2822802734334,0.522914505004837
"7196",-0.874044952392656,5.45155639648486,4.62722412109416,10.5190625000009,7.77906860351632,11.3609240722666,18.6757470703142,25.9815454101586,41.1303906250037,58.0652734375034,70.2608642578125,67.0957470703125,76.4365185546875,58.5213769531267,53.0331103515594,57.8492285156216,42.0096777343775,34.8660961914073,42.3522558593713,0.405552368164027
"7197",-0.757689819336005,5.58366394043019,4.64828186035198,10.8178674316416,7.92727783203196,11.9414208984386,17.6248144531266,26.4210864257836,41.4185644531287,58.4799316406285,70.3321533203125,67.2284375,76.2040673828125,58.2385888671892,52.9840917968719,58.153247070309,42.7441162109401,35.0224267578135,42.0069628906213,-0.08009014129638
"7198",-0.905729064941487,5.37837585449267,4.62860015869182,10.2599291992197,7.97477783203196,12.5426000976574,17.5009082031266,25.6794042968773,41.7676660156287,58.1341015625034,70.4941015625,68.170947265625,77.6175341796875,60.8073339843768,61.8570898437464,66.578369140621,47.9682128906279,38.2530932617199,47.5660400390584,-0.42251705169674
"7199",-0.793004913330149,5.08353363037155,4.39650451660196,9.58572631836023,7.13951660156314,11.9347827148448,16.6757641601577,26.2250390625023,42.1013769531288,60.5806152343786,72.688212890625,72.328564453125,80.940654296875,65.3428027343769,67.9960888671835,71.3767773437458,50.082958984378,39.9238574218762,50.0988232421831,-0.554623413085889
"7200",-0.795062637329172,5.02293518066451,4.534964294434,9.42261596679772,7.35093322753972,11.527412109376,15.7844824218764,24.4093945312522,40.9368164062536,59.717944335941,72.1139599609375,70.7819677734375,80.337744140625,64.0644189453144,66.0491455078086,69.8992675781209,48.7430273437529,37.4906640625011,48.1115380859333,0.090780296325676
"7201",-0.852580261230545,5.03498443603561,4.64759887695354,9.70516479492274,7.85703491211008,12.3665087890636,16.7926647949234,25.059626464846,41.5294335937537,59.368178710941,71.1037548828125,69.83384765625,79.6153857421875,62.7713671875018,64.9311230468712,67.995185546871,48.4090283203154,37.5456005859386,47.2142626953084,-0.431729431152306
"7202",-0.836460647583082,4.86213134765668,4.55942504882853,8.9659326171883,7.81036499023507,11.8356152343761,17.3651464843765,23.9545947265646,41.5494189453162,57.5380566406284,69.373623046875,67.502275390625,78.8242236328125,60.7124511718768,63.7487011718713,67.481884765621,46.4376318359403,36.6581201171886,46.9974121093709,-0.335351333618135
"7203",-0.744506988525457,4.79245361328168,4.57662872314494,8.91402832031329,7.52181823730536,10.8159802246103,17.3449475097672,24.2433544921897,40.9939355468787,59.6548730468785,71.57359375,71.234091796875,81.902646484375,64.8340722656269,69.5902246093709,71.5858593749958,49.804404296878,37.6260253906261,49.3675830078082,-0.189210548400862
"7204",-0.787083892822336,4.69656707763714,4.56851684570353,8.93850830078205,8.3695678710945,10.735937500001,17.2181640625015,23.5332324218771,40.8155029296911,59.156391601566,70.484375,69.6799560546875,80.238369140625,62.5621826171893,67.544326171871,70.4191943359333,47.7463134765654,36.6590332031261,47.6533105468708,0.121381540298451
"7205",-0.675264511108459,4.72769653320355,4.59544860839885,8.96391784668049,8.25726806640699,11.1404406738291,18.5156945800798,25.031208496096,41.6837548828162,59.098159179691,70.6995849609375,70.4966845703125,80.9269384765625,62.5415820312518,63.5832421874963,66.2428710937461,44.8107910156277,36.5934716796886,44.7976367187461,0.314950580596896
"7206",-0.67674072265631,5.07373687744186,4.67340057373089,9.71739868164149,9.30653442382896,11.7499890136729,19.3629797363299,24.9153247070335,42.4740283203163,58.399213867191,69.863955078125,68.9045654296875,80.0443359375,61.8654736328143,63.0476074218713,65.3954736328086,43.1320800781276,36.8815625000011,44.7937207031211,0.025011081695554
"7207",-0.699363708496156,4.97312622070357,4.5182812500004,9.89324829101651,9.78484680175869,12.6866284179699,19.8348400878924,25.2519360351585,42.5736767578163,56.0067773437533,67.6188916015625,67.3539453125,77.8423193359375,59.4742041015642,60.8022998046839,64.5132421874962,46.4380712890653,37.8346655273449,43.2881835937462,-0.784761657714775
"7208",-0.839363479614333,4.95326690673872,4.64506103515666,9.94795288086026,9.80573486328212,12.1445446777355,19.5795849609392,24.9959033203147,42.4900683593788,58.5562988281285,68.2580126953125,69.9704833984375,80.069072265625,62.0439794921893,65.2661376953087,68.5655908203084,48.4547167968779,37.9977758789074,45.619267578121,-0.963018951415932
"7209",-0.76152145385749,4.94412597656294,4.4481494140629,9.43074707031334,9.05317810058675,11.4379382324229,18.9577819824236,23.8410083007834,40.8076977539099,58.5166406250035,69.055859375,72.906728515625,81.3946484375,63.4806005859393,65.9206542968711,68.9841894531209,47.7247753906279,38.3308593750011,46.5095410156209,-0.345650444030732
"7210",-0.662687683105528,5.11613098144577,4.4733203125004,9.64166625976648,8.8445391845711,11.0815112304697,19.2315966796892,23.7198583984396,39.7507714843785,57.1285498046909,67.72072265625,70.982158203125,79.5750537109375,61.1899902343768,61.6028466796839,66.1293164062461,45.4863330078152,36.8166845703136,44.8652539062461,-0.266707115173317
"7211",-0.623827972412165,5.15382202148484,4.60862915039104,10.2216632080087,9.70224426269618,11.9168066406261,19.4046740722674,23.4986352539083,39.707534179691,57.8535986328159,67.84708984375,71.7321875,79.769931640625,61.7960742187518,63.6570849609338,68.249990234371,47.7708740234404,38.0906884765636,47.9133593749958,-0.671386489868105
"7212",-0.603687896728569,5.09902770996139,4.72201080322308,10.2712890625009,9.37591064453209,12.1424853515636,20.3371313476581,24.5648754882834,40.9741259765662,58.7887792968785,69.16755859375,73.9449609375,81.596728515625,63.4124902343768,66.1414501953086,70.6067626953083,51.6408789062531,39.1403491210949,50.2734277343706,-0.780162582397393
"7213",-0.654466552734433,5.07157684326217,4.75952087402386,10.0796850585946,8.9681884765633,10.7815710449228,18.9595910644548,23.5984155273459,37.9588378906284,56.6222705078159,67.651337890625,71.3174951171875,79.3241943359375,61.5512646484393,66.6201757812461,71.4395654296833,50.851035156253,37.7083764648449,49.9577783203081,-0.707960968017516
"7214",-0.65834877014166,5.17650268554734,4.89224029541059,10.2947485351572,9.02791870117268,11.2040356445322,19.7061791992205,24.0422851562521,39.326733398441,57.4065625000034,69.98234375,72.10794921875,80.292333984375,62.6650292968768,60.7966308593714,66.0280029296836,45.3408593750027,37.2701123046886,47.4519140624959,-0.09009686470031
"7215",-0.700063476562562,5.21544189453171,5.00715362548873,10.7489672851572,9.60643249511804,13.2322814941418,21.1137353515644,24.687819824221,40.6672143554724,58.5181542968785,70.19552734375,72.569931640625,79.567998046875,62.9409472656268,63.4090478515588,68.2429833984335,49.0314062500029,39.0750292968761,49.0099511718707,-0.270532913207984
"7216",-0.672112808227599,5.16597045898484,5.36333984375048,10.9008349609385,9.76711669921962,13.5731347656262,20.5322338867206,24.5689160156272,40.6529833984411,57.3166259765659,69.8783154296875,71.89998046875,79.458095703125,63.0555273437518,63.5304394531213,68.2038330078085,49.0531054687529,37.6772924804699,49.3282519531207,-0.084308300018303
"7217",-0.559489250183155,5.21934143066453,5.32300842285204,11.289765625001,9.074284057618,14.492497558595,21.4961718750019,26.5888818359399,42.6601367187538,59.710717773441,70.94978515625,72.3660546875,79.79181640625,63.0596679687518,61.0061816406214,65.7196826171836,47.5645458984403,39.5855078125012,46.8987499999959,0.178981781005844
"7218",-0.490072364807173,5.0272534179692,5.13186767578171,10.7934240722666,8.18216308593823,14.5685839843763,20.2272900390643,27.4887402343774,43.5432617187539,59.4141113281285,71.1060107421875,71.097978515625,79.074541015625,62.7527343750018,56.7166503906217,62.4984082031213,43.0292089843776,38.0898168945324,45.1022753906211,0.694252243041932
"7219",-0.409605827331579,5.08206268310592,5.24920715332078,10.7297253417978,8.57607421875077,15.0087207031263,20.2385681152362,27.99284667969,44.385849609379,61.1084375000036,72.866201171875,73.90076171875,82.652958984375,66.8151269531269,62.3711328124963,66.1645605468711,46.1061181640653,40.4746142578137,48.3533837890583,0.939437332153238
"7220",-0.470260124206585,4.91100219726606,5.24403198242234,10.7620593261728,8.08360595703197,14.5642504882825,18.7625085449235,25.9793481445336,43.5564404296914,61.3192578125036,73.154130859375,72.0996142578125,81.4893505859375,65.7065478515644,57.0618164062467,62.6712841796838,42.2511328125025,38.9906298828136,44.5230566406211,1.47096359252917
"7221",-0.357320632934602,4.66037048339885,5.22363159179734,10.1330627441415,6.83537963867248,13.8086425781262,18.2810205078141,26.6878076171899,45.145615234379,61.1940380859411,74.041953125,72.657890625,82.376142578125,67.375820312502,58.8601953124966,65.2655908203086,43.1470800781276,38.4675366210949,44.7700292968711,1.1834309387206
"7222",-0.312282905578641,4.68958312988323,5.35501770019579,10.3371569824228,7.21586303711002,13.5770239257825,18.1892724609391,25.6566821289085,41.8414990234412,57.1079833984409,69.780185546875,67.45267578125,77.9096484375,63.1072949218768,57.6699853515591,63.9041308593712,43.5157519531276,38.0081005859386,42.7054492187463,-0.059720230102534
"7223",-0.252795143127464,4.53990539550822,5.35975830078173,9.9638702392587,7.03176879882875,12.4852355957042,17.5021789550797,24.9105957031272,42.4036523437538,57.8261035156284,69.7071728515625,67.238134765625,79.1080615234375,64.5132128906269,60.2258300781215,66.0085937499961,45.6212841796902,38.6253442382824,43.3239355468712,0.310639305114719
"7224",-0.366678199768099,4.2536535644535,5.13364440918015,9.06287719726643,5.34643371582079,10.0345849609384,15.4162500000014,24.8488891601585,40.7332446289099,57.9982470703159,70.489072265625,69.384833984375,79.7694482421875,67.450195312502,62.4886474609338,67.616142578121,45.0795263671902,37.1702685546886,41.7177294921839,0.100166349411002
"7225",-0.45688274383549,4.11991821289099,4.73339050293011,8.05294189453197,4.49295043945353,7.98652160644602,12.8568847656261,22.805048828127,40.1113452148473,57.6760644531284,70.942470703125,71.3242333984375,80.4074267578125,68.724638671877,63.3476708984338,68.013515624996,44.9652783203152,37.4841430664073,42.3705273437463,-0.345733451843232
"7226",-0.52769535064702,4.10307922363318,4.608558044434,7.66910705566475,3.45741363525421,6.30267944335994,10.8795166015635,19.2233593750017,34.5448266601593,50.380664062503,67.90046875,65.691650390625,69.439482421875,57.1508300781267,48.3103906249972,55.3177734374967,33.6358544921895,28.6160668945321,33.9263989257783,0.641804199218694
"7245",0.911353225708089,6.59395751953184,4.92236206054731,9.32991333007896,6.34048583984432,10.6209973144541,16.2138220214858,26.9742456054712,40.6909985351599,63.3985302734413,72.951748046875,75.31759765625,82.991171875,66.6006982421894,68.387783203121,69.8756640624959,43.4007519531276,32.8803173828135,48.1381347656208,1.98463317871076
"7246",0.8625801849366,6.59568542480528,5.04675994873092,9.59178466796961,6.94015075683656,11.2217236328135,16.9975878906265,27.0904150390649,41.3190380859412,63.5953808593788,72.7294921875,75.45173828125,82.24501953125,65.7441992187519,67.6879150390585,68.6127636718709,43.9158984375026,33.5669580078135,48.5296728515583,2.05408248901349
"7247",0.817149810791089,6.74896301269591,5.01478698730514,9.48191711425866,6.75667175293029,11.3403698730479,16.7278881835952,26.8801635742211,42.7925390625038,64.9419628906289,75.174404296875,78.90744140625,86.076591796875,69.677988281252,72.9603124999957,72.7023046874957,47.2639794921903,34.1302954101572,52.4754003906204,1.89613540649398
"7248",0.812679901123119,6.64918151855528,5.17972900390671,10.2894226074228,8.03428649902415,12.977938232423,18.8995153808611,30.3238330078152,46.2478417968791,68.0524462890665,77.0551953125,77.97318359375,84.852578125,67.2107373046894,61.6719384765589,62.2126367187463,42.30269042969,35.239638671876,45.829101562496,3.15418518066379
"7249",0.84891693115242,6.67449584960997,5.10534332275436,9.87034790039151,7.40860595703191,11.8300964355479,18.6498657226579,29.4111572265651,46.9274414062542,67.957871093754,77.254052734375,78.7039794921875,85.2578515625,67.2599951171894,60.0870703124965,61.9570898437463,40.3869628906274,33.7146459960947,44.8203662109336,3.76764953613248
"7250",0.929481124878012,6.68431518554747,5.06944854736373,9.71049072265712,7.08214355468813,12.2073535156261,18.9434655761736,30.1875439453152,48.6858544921918,69.2885107421916,79.1571533203125,81.597216796875,87.9301171875,69.4543408203145,68.160214843746,67.3447607421835,45.7778710937527,34.8967944335948,48.7999316406207,3.43856872558564
"7251",0.961598815918055,6.9027850341803,5.12472534179733,9.98483276367276,7.17087524414126,12.2355151367198,18.2738134765641,29.3277929687526,46.4114550781291,66.940966796879,76.96171875,78.335595703125,84.663974609375,65.9578515625019,67.0749951171836,67.9202099609335,44.6140527343777,33.1141357421885,47.8690332031208,3.08757263183567
"7252",0.783069381713937,6.98098022461,5.10215637207077,10.1059661865243,7.15143188476626,12.781199951173,18.8897045898454,30.7216992187527,46.9617333984417,65.8710937500039,76.6960791015625,78.956240234375,85.44984375,67.2304931640645,72.2241845703083,72.6314306640582,50.451162109378,35.2201318359385,50.7344482421831,2.22118103027324
"7253",0.705738067627016,6.73574951171935,5.19610046386765,10.3100463867197,7.1339556884772,13.1860278320324,17.8505322265641,29.3081542968776,45.4741845703166,63.2453320312537,74.702744140625,76.347529296875,83.844375,65.2433300781269,72.4292968749958,71.5776562499958,48.6017968750029,32.5441284179697,50.5036621093706,2.19542449951153
"7254",0.864387435913163,6.93290954589906,5.53595336914112,10.5204638671884,8.11911743164135,13.6800476074231,17.8875903320328,30.2418261718777,47.7836816406293,64.8318359375038,76.5571630859375,78.5781982421875,85.5716015625,66.6855957031269,71.5637402343708,71.3061376953083,49.0588281250029,34.126201171876,50.1945458984331,2.26817016601543
"7255",0.833825225830153,6.77216979980529,5.40314086914111,9.95087768554776,6.83759887695374,12.5410375976574,17.4215917968766,29.7901000976589,48.0055761718793,64.5455908203163,77.6151171875,79.9821533203125,86.932666015625,67.3649218750019,67.6427050781211,67.878378906246,45.1622753906277,32.778632812501,47.0948730468709,2.81032989501929
"7256",0.705695953369204,6.46820373535214,5.1902142333989,9.58311645507898,6.5835968017584,12.076219482423,15.880416259767,27.6034301757837,46.5946533203167,62.6968798828162,75.843623046875,77.81095703125,84.7959765625,65.3563916015644,67.1845117187461,67.437490234371,44.6149316406277,31.2925537109384,47.8813916015583,2.55298706054665
"7257",0.843400268554763,6.54678344726621,5.41333923339892,10.1450427246103,7.03775329589907,13.4219335937512,17.9569030761735,30.5337255859402,48.8945849609419,64.0784179687538,77.1422021484375,79.3960498046875,85.85849609375,66.8816894531269,69.3682763671834,69.0656152343709,47.2420166015653,33.4845727539072,51.002211914058,2.54570373535134
"7258",0.803890380859447,6.37252441406307,5.55890441894581,10.4639001464853,7.69488403320381,13.5458935546887,17.9954125976579,29.6956152343776,47.5624169921917,64.6390332031288,78.0106640625,81.7033935546875,88.36392578125,69.6745361328145,73.7030957031207,73.3745556640581,49.712724609378,34.482724609376,51.7069726562455,2.34809158325175
"7259",0.829607543945387,6.29360900878962,5.24424438476609,9.20130249023519,6.48763183593808,11.1266662597666,15.6881835937514,27.6970410156275,46.0998974609416,62.7311718750037,78.684853515625,83.65439453125,90.575703125,72.6860546875021,79.3864453124954,79.0828124999953,53.3870019531282,34.9954638671885,55.4612548828077,2.93942321777318
"7260",0.728773269653385,6.27832214355525,5.29214355468797,9.75160766601649,6.92552001953187,11.8045239257823,16.8110021972671,27.6286328125025,46.4626904296916,63.4278808593788,78.0513916015625,82.5117578125,89.188994140625,70.7631445312521,78.4045507812454,77.7668408203079,53.4942089843782,35.5054028320323,55.1265722656202,2.85563476562475
"7261",0.804689178466869,6.20567871093805,5.53109497070362,9.98822143554777,7.81037536621163,12.359774169923,18.1182983398454,28.7277197265651,47.7109326171918,62.9038281250037,77.5190380859375,82.986787109375,89.63140625,71.6721777343771,82.0912109374952,81.6874609374952,59.7178417968786,36.9137866210948,57.23915039062,2.17312469482403
"7262",0.74431732177741,6.30954650878962,5.44604431152392,9.72424682617274,7.71966857910225,11.3392822265635,17.0608166503921,28.5953027343776,47.3995849609417,62.6032373046912,77.6530078125,82.03375,89.667880859375,71.0631201171896,79.6394189453078,78.8401562499953,55.6070751953158,36.8747363281261,52.9618261718704,2.63701568603493
"7263",0.686862335205139,6.24992614746149,5.35069702148485,9.59080627441492,7.4201214599616,10.4371875000009,16.5306726074234,27.5335156250025,46.0975341796916,61.0917578125036,76.582578125,82.499140625,90.701103515625,72.2581933593771,84.2233593749951,84.532617187495,66.624892578129,38.4485937500011,54.8581591796827,1.50095840454089
"7264",0.703070755004946,6.0782379150396,5.26975830078172,9.15295959472738,7.37435180664128,10.7077075195322,16.927905273439,28.6536914062526,46.8799511718792,62.2748974609412,77.715458984375,83.2310546875,92.3917578125,73.7102099609396,81.2247753906203,81.2781103515577,58.5238574218785,37.7924487304699,55.6516699218701,2.24695266723613
"7265",0.986335296630947,6.39194580078182,5.56733337402393,9.70977539062587,7.94964843750071,12.1218041992198,18.5308715820329,30.2352392578152,48.2350585937543,64.0234765625038,78.9606201171875,83.5589453125,93.230283203125,74.6154443359397,81.6864599609327,81.7387890624951,57.1079003906284,38.7855175781261,61.0194921874947,3.00388336181614
"7266",1.02725349426279,6.40448486328182,5.64547485351613,9.47124206543053,7.36866394043034,11.2241833496104,16.3744812011733,29.9646923828152,45.8741162109416,62.0204248046912,78.650888671875,83.963134765625,94.60962890625,77.4490380859397,89.0407128906198,89.0181347656197,66.4330908203165,40.5117358398449,84.4028320312426,2.87726776123022
"7267",0.953218078613366,6.55825073242246,5.44633544921924,9.59184265136804,7.33886840820378,12.0117041015636,16.2811596679702,29.1475878906276,44.467578125004,61.8377441406287,78.2949609375,82.480205078125,94.60185546875,77.4417578125022,90.2873437499947,91.1004296874946,75.0946093750045,43.1563476562513,81.2578124999929,2.1647169494627
"7268",0.921611175537192,6.68112487793028,5.67923950195363,10.326241455079,8.01750122070384,13.2502441406262,17.7237841796891,31.5536645507841,47.3104150390667,63.4768554687538,78.830712890625,81.5119921875,94.12728515625,76.1323388671897,88.8381347656198,90.1252441406197,74.1791601562544,43.9571386718763,88.8529003906172,2.1281253051756
"7269",0.880856475830157,6.68514953613341,5.67333251953176,10.2869165039072,8.04245788574291,13.7622558593762,17.6386206054703,31.7586743164091,46.4883984375042,62.7795263671912,78.228173828125,80.090546875,92.04583984375,74.3345312500022,85.12928710937,86.3436132812449,67.357041015629,42.7402294921888,95.2173925781167,2.82419494628882
"7270",0.835094299316481,6.79931823730529,5.73883056640676,10.6722778320322,8.84440795898516,14.3079736328138,17.6532202148453,30.335236816409,45.9972851562541,61.7633398437537,76.48810546875,77.0140234375,88.718369140625,70.522929687502,79.7671289062453,80.6492187499952,57.2730712890659,36.5175000000011,80.3549658203055,3.15120178222629
"7271",0.824272613525464,6.87423217773499,5.80232177734427,11.4035107421885,9.44653320312584,15.7913842773452,17.5085876464859,29.9757006835964,45.5448291015666,62.8912841796912,77.496083984375,78.0111962890625,90.5649609375,72.1829833984396,77.8416894531205,78.4017675781204,52.6487158203157,37.2923486328136,74.9054785156185,3.9067181396481
"7272",1.02378005981454,6.9119061279303,5.8391833496099,11.6210876464854,10.7370275878916,16.5266906738296,19.5382397460955,30.9672924804715,46.6204345703167,63.4315722656288,77.1533642578125,78.302060546875,90.108349609375,71.9912109375021,73.6669335937457,74.2677783203081,50.055712890628,36.7301904296886,73.0603710937436,3.83541961669888
"7273",0.94895889282235,6.99988708496156,5.9331384277349,11.5372534179698,10.8412768554697,15.8175292968764,20.3099304199237,31.0341015625028,45.5960449218791,62.8595996093787,76.51607421875,76.30099609375,87.592685546875,68.949384765627,63.8095019531213,65.8842285156211,45.1702587890652,34.6737841796885,72.4845263671812,3.94094604492153
"7274",0.862816009521561,7.01132751464906,5.64068054199269,11.6892663574229,11.0647668457041,15.9197106933608,22.1887231445332,31.4523486328153,45.7720898437541,61.1699316406286,74.2637841796875,70.08052734375,81.582646484375,61.1902294921893,49.5501855468721,57.6622265624966,42.09763183594,32.1917675781259,67.0572656249941,3.57946990966766
"7275",0.733916931152409,6.76136108398498,5.68122192382863,11.3352099609385,10.5197924804697,15.3096166992201,22.4046826171895,31.4443701171903,45.8886425781291,61.1195458984411,74.0605029296875,69.920908203125,81.92978515625,62.3242236328143,53.7140917968719,61.3475488281214,43.8466992187526,32.4070507812509,63.0829394531195,3.19121704101535
"7276",0.544436607360888,6.62546813964903,5.43127380371142,11.0915466308604,10.0145867919931,15.4357434082045,22.500683593752,32.4552099609404,45.6913964843791,61.6573339843787,73.653310546875,71.270595703125,82.9346875,64.3244628906269,60.8736572265589,65.8369042968711,46.5371337890653,34.7991821289073,73.745317382806,2.15886184692364
"7277",0.506861953735397,6.50149108886777,5.37005615234423,10.8093920898447,9.56894409179773,14.7538415527357,22.172187500002,30.2361669921902,42.5197070312538,56.9348437500034,70.8869970703125,67.8825634765625,79.4240380859375,61.6253369140643,58.5835986328091,64.7233691406212,44.3577929687526,32.3904248046884,67.3994775390566,2.05636978149396
"7278",0.526820716857957,6.72837524414123,5.35956054687548,10.6244641113291,9.30614013671958,14.8640417480482,22.4930712890645,31.1751074218778,43.7536083984414,61.3806445312536,73.0666357421875,71.628525390625,82.125,64.0288085937519,60.7371777343714,65.4884033203086,45.5090039062527,34.7323193359385,76.9045703124933,1.95042556762678
"7279",0.470480918884319,6.50959289550839,5.27764160156297,10.0389654541025,8.79010009765704,14.4514978027357,22.2037939453145,29.4437890625026,42.2765673828163,58.364282226566,70.901572265625,68.4364208984375,79.91767578125,61.2983203125018,56.7872265624967,62.4255957031213,42.2046289062525,33.302041015626,73.3942529296811,2.17516525268536
"7280",0.395871353149449,6.18455139160211,5.17628784179734,9.86944641113369,8.41622070312575,14.2865515136731,21.0415771484394,28.7417944335963,39.9851660156286,56.3296240234408,68.6087646484375,64.32765625,76.14435546875,56.9692041015641,50.7181298828095,58.9510156249965,39.8911718750024,31.0792089843759,72.7884033203061,2.07960723876935
"7281",0.166891155242935,6.12283813476617,4.86708587646528,9.66328491211024,7.80991821289132,13.3119714355481,21.4429492187519,28.1486938476588,40.5887426757849,58.1485253906284,69.447626953125,66.965869140625,78.659921875,59.1251953125017,55.2392236328093,60.9963378906214,40.3719360351587,32.6925805664072,73.4797363281186,1.33976654052723
"7282",0.315943794250516,6.2134692382818,5.07491241455123,9.63797485351648,7.59571777343818,12.9003247070324,20.7824365234394,28.0097265625025,39.8709350585973,57.1802978515659,68.5548974609375,66.39248046875,78.2334375,59.0705224609392,54.2305859374968,60.6262646484339,39.1020458984398,32.6176831054697,65.1563574218693,1.63779541015611
"7283",0.262780399322533,6.09225097656304,5.00026947021529,9.86643676757901,7.84179321289133,13.1072045898449,20.7425048828144,28.243305664065,41.5252246093787,57.9177050781284,68.4157421875,65.0664453125,77.6723876953125,57.4006298828142,51.608886718747,59.5660644531215,39.8603759765649,33.0948559570322,66.7186035156192,1.90823348999007
"7284",0.307041015625027,5.99398803710991,5.07391815185592,9.7229632568368,8.35495422363356,12.832420654298,20.7010986328143,27.5497729492212,41.3385644531287,54.3408984375032,66.4640234375,60.1983056640625,73.4971435546875,52.0325000000015,40.2053662109351,50.700644531247,34.9498657226583,28.5393945312508,59.2131201171823,2.50417144775369
"7285",0.15125378608705,5.96634277343803,5.19106567382859,9.6982366943368,8.59480041503983,12.042557373048,20.4454101562518,27.7386108398462,41.2247167968787,56.6803320312534,67.448369140625,64.034580078125,76.7900634765625,57.4455078125017,54.0912207031218,59.5623046874965,39.6191064453149,32.3228613281259,67.1841210937441,2.16293548583965
"7286",0.28310503005984,6.0205035400396,5.28231445312547,9.94868041992276,8.91530578613361,11.4591918945323,19.9130932617205,26.7871972656274,41.6785253906287,53.7509179687532,65.6353515625,63.219501953125,76.2408740234375,57.3225097656267,59.1871582031215,63.6204296874962,42.0134765625025,33.142490234376,63.4441992187445,1.32315322875965
"7287",0.351602630615266,5.99822509765678,5.40644470214892,9.98627136230558,8.36014404296949,11.2909289550791,20.1374328613299,28.562036132815,43.8547460937539,56.4179101562533,68.4336376953125,67.099189453125,80.9143212890625,61.0938525390643,64.8026171874962,68.4981445312459,45.4276611328152,35.683349609376,67.7724609374941,0.976345367431555
"7288",0.296329536438015,5.88602050781303,5.23461791992234,10.1386022949228,8.0753356933601,10.5533801269541,19.1581420898455,26.7503320312524,42.5618603515663,55.2792480468783,67.056943359375,65.39525390625,79.3917578125,59.4470703125017,64.0942773437463,68.5134277343709,44.7824707031277,34.1826513671885,65.9115136718692,1.09861557006826
"7289",0.363652381897005,5.97073120117241,5.12036254882858,9.85230957031338,7.83997436523507,10.6664306640635,19.2098193359392,27.2945214843774,43.9859472656289,57.7496679687534,68.724892578125,67.85630859375,80.4209375,60.9576855468768,64.3978222656212,68.6394970703084,45.8088964843777,35.6029174804698,66.3304296874942,1.26900360107411
"7290",0.502216186523482,5.77179199218801,5.13061035156296,10.022042236329,8.34134643554762,11.1752673339854,19.3853234863299,27.659848632815,43.6719238281289,56.6594189453159,68.5892138671875,68.256357421875,81.270107421875,61.6967871093768,66.6186181640586,70.3732128906208,48.9567187500029,36.1929223632823,66.7767675781192,1.13403282165517
"7291",0.287933120727565,5.63394104003956,5.14661987304733,10.02433166504,8.04250122070384,10.9276135253916,19.1691076660173,27.7948120117212,42.8052734375038,55.4906298828158,68.5267578125,66.6298828125,81.7869189453125,61.2888037109393,65.5364453124962,69.3416113281209,47.8996875000029,36.3868554687511,63.2619824218695,0.762239608764582
"7292",0.251852722167991,5.83830627441458,5.17057739257859,10.6500207519541,8.85392578125079,11.9653552246104,20.7518505859394,28.6990478515651,43.6913183593789,58.927592773441,70.510908203125,69.49685546875,82.2807421875,61.8139501953143,65.0328076171837,67.191982421871,47.0008398437528,37.3191992187511,62.975932617182,1.12013015747061
"7293",0.257797317504906,5.85142150878958,5.3298156738286,10.9449096679697,8.81485717773516,12.6024035644542,21.2458447265644,29.8333959960964,45.8425732421916,60.5056640625036,72.4260986328125,72.9346875,83.9641015625,65.0315673828144,70.5102246093709,72.5519140624957,52.5450732421906,40.8151171875012,64.7703564453068,0.91152816772453
"7294",0.215649642944355,5.96013183593803,5.45966247558642,11.1280969238291,9.40163818359459,12.3361267089855,20.3337841796893,29.3087011718776,44.894570312504,59.9510546875036,71.931328125,72.061142578125,82.7843359375,64.3252783203144,69.7620751953084,71.8993066406207,53.3973925781282,41.4145361328137,63.219047851557,0.752651367187434
"7295",0.015751760005952,5.97168823242241,5.28632385253953,11.5040832519542,9.35166809082115,13.2873022460949,21.0649975585956,29.5715576171901,44.756894531254,60.5861181640661,72.624033203125,72.179775390625,82.45271484375,64.7043359375019,69.6501708984334,71.8375292968707,52.8155468750032,40.8840380859387,62.5388671874945,0.641735076904241
"7296",-0.003823385238648,6.00352355957085,5.41434265136767,10.827539062501,8.75700256347734,13.1234692382824,19.5595227050799,28.8665454101588,45.2569677734415,60.5264746093786,72.889150390625,71.679443359375,81.9554296875,64.3115527343769,67.981484374996,69.6741406249959,50.103916015628,38.7124218750011,58.8836083984324,0.908308258056561
"7297",0.119686059951793,6.08322753906304,5.53490112304737,11.4729150390635,9.51550415039147,13.6596875000012,19.7105749511736,29.3654687500026,44.405595703129,59.0427734375035,71.8251220703125,70.532001953125,80.302060546875,61.6251074218768,63.5331591796838,64.5356835937462,45.2713574218777,37.7162377929699,54.5647363281202,1.35767288207996
"7298",-0.005121078491211,6.10020507812554,5.3510803222661,11.2844006347666,9.3402447509774,13.2036853027356,18.9168261718767,27.9030493164087,42.0951416015663,54.9490087890658,69.569912109375,67.2320361328125,77.9682177734375,59.4944531250017,62.5514648437463,64.4319970703087,44.6906933593777,36.6824438476573,53.7673046874953,0.47513702392574
"7299",0.137528171539319,6.14200012207086,5.32859375000048,11.1596630859385,9.63819091796961,12.640819091798,17.9288964843766,27.520375976565,41.4990185546912,56.1495751953158,69.5397216796875,67.012158203125,77.8679638671875,58.6642431640642,57.4626464843716,58.7471972656215,41.296450195315,35.4677001953135,48.5804248046833,1.3811991882323
"7300",0.022976121902468,5.94872009277397,5.23174499511765,10.8523071289072,9.8260705566415,12.4697717285167,18.8043127441423,28.1256665039088,42.9994628906288,58.7536035156285,72.488466796875,70.05890625,80.126416015625,60.4650878906267,55.6257373046843,57.5244335937466,40.4489379882837,35.0766455078135,47.7336572265583,1.81658950805648
"7301",0.082514762878425,6.02567687988335,5.35126892089891,11.3175695800791,10.1037829589853,12.5370947265636,18.4848620605485,27.906411132815,42.5120117187538,55.3441357421908,69.60083984375,63.7113330078125,75.007470703125,55.0795019531266,51.835224609372,54.9715966796842,38.6877978515648,33.9840063476572,42.9391015624963,1.54992813110338
"7302",0.057818746566778,6.18539672851618,5.22053100585984,10.6707165527353,9.4751684570321,11.2637036132823,16.7354492187515,26.4346020507836,40.8520776367224,55.1101269531283,69.852216796875,65.22994140625,75.8946484375,56.3659082031266,53.6706640624969,53.9907617187468,38.4001611328148,33.8106616210947,43.7323632812462,1.70553268432602
"7303",0.018561172485353,6.18305664062555,5.08793273925827,10.2914331054697,9.04437133789143,11.0365734863291,15.7681140136733,26.6390087890649,40.5320703125036,54.5314599609407,69.1752490234375,63.07115234375,75.32181640625,55.9540039062516,49.6970117187471,50.936435546872,35.8391796875021,31.9349609375009,40.3136450195277,1.7043855285643
"7304",0.004799547195435,6.27918945312556,5.07132476806686,10.3930053710947,8.92508850097736,11.1283056640635,15.7588354492202,25.3470361328148,38.940424804691,52.9578906250031,68.1169921875,61.205048828125,74.843349609375,54.1785839843766,50.811738281247,53.6656835937468,36.7154394531272,31.9914501953134,40.3730957031215,1.32320663452137
"7305",-0.209831752777118,6.43061523437557,5.13098571777389,10.4405590820322,9.799600830079,11.6772290039073,15.8033618164077,24.7041625976585,39.658520507816,53.5200390625032,69.06271484375,65.8044140625,76.9417138671875,58.9244531250017,61.2915820312464,62.1873242187463,42.4140332031275,36.4758740234386,46.241708984371,0.400671348571742
"7306",-0.082848005294807,6.49124206543027,5.3475939941411,10.939130859376,10.1933520507822,12.4702465820324,16.2877807617202,24.6569921875022,38.2310937500034,52.4691601562531,68.342333984375,62.1616259765625,74.039111328125,56.3914843750016,57.2329443359342,58.846567382809,39.7393066406274,34.3506298828135,45.4062939453085,0.346431770324677
"7307",-0.13754686355592,6.58671508789121,5.31437805175829,11.3257067871104,9.85832336425869,12.4401928710949,16.6695605468765,24.7730175781272,38.6172924804722,52.8927539062531,69.4333447265625,63.3710498046875,74.77716796875,57.0524414062517,59.0400390624965,60.1830468749964,40.7024853515649,34.3970654296885,45.7157177734335,-0.060046558380122
"7308",-0.065162429809576,6.45361999511776,5.37708374023485,10.8792956542978,9.23447082519614,12.2454028320323,16.4597302246108,24.5044262695334,38.4899511718784,50.7773779296905,68.3428564453125,61.4319580078125,72.693642578125,56.2056640625016,54.3481640624968,56.1310009765592,37.7925048828148,33.340576171876,43.3351660156212,0.202996788024885
"7309",-0.177195358276383,6.57752441406309,5.33396057128954,11.2961669921885,9.14408325195394,12.0593286132823,17.9626464843766,26.1042333984398,41.2581396484412,57.5738183593784,72.3956494140625,68.264365234375,77.655439453125,61.5791455078143,63.0812695312463,61.8540722656213,41.8086816406275,36.4394970703136,49.2789746093707,-0.060550832748408
"7310",-0.19916133880617,6.40625000000057,5.3038098144536,11.1550451660166,8.64598022461015,11.5377758789073,17.5384008789078,25.2789257812523,41.0970507812537,54.8643603515658,71.186455078125,65.594208984375,75.6074609375,59.7879492187517,59.3760156249965,60.7232812499964,40.7887500000024,35.1835302734385,46.7843701171834,0.441404876708946
"7311",-0.249982166290306,6.27867431640681,5.29658386230516,11.0629833984385,8.55115600586014,11.1389562988291,17.5411181640641,25.8236596679711,41.0941992187537,55.8565722656283,72.3203564453125,68.465576171875,77.8027392578125,62.1790820312518,62.7125537109338,63.6998681640587,41.8648242187525,36.4015234375011,49.5001367187457,0.4172463226318
"7312",-0.217128658294697,6.35555480957088,5.3295080566411,11.1697277832041,8.18096374511792,11.3528723144541,18.5876123046892,26.1319091796898,42.5430664062538,57.2617431640659,73.2607763671875,70.119501953125,78.8815087890625,63.2567529296893,63.0860449218713,64.8111132812462,45.5591943359402,37.9898974609386,51.0984179687455,0.984993667602453
"7313",-0.315950412750272,6.40665039062557,5.24716369628953,11.1810437011729,7.72396118164131,10.9419067382822,18.0819946289079,25.3578417968773,41.1381298828162,54.2931005859407,71.5247314453125,67.1198828125,77.813017578125,61.5564160156268,61.2429882812464,62.7549853515588,42.418833007815,36.8813134765636,48.5634960937458,0.954581756591714
"7314",-0.332598800659209,6.22285766601618,5.32957946777391,11.3836193847666,8.01565551757884,11.2144091796885,17.7233642578141,24.7888867187522,41.5620361328162,55.3855273437533,72.024921875,70.3858740234375,78.5034228515625,63.4647119140643,66.4731542968711,68.7981054687459,47.5749609375028,38.9041943359386,52.1641503906204,0.436503677368126
"7315",-0.342574691772492,6.16362426757867,5.22410888671922,11.2228625488291,8.46553222656326,11.2952746582041,16.5564916992202,24.2100708007834,39.7115014648473,51.8616796875031,70.24875,66.8956103515625,75.604306640625,61.0292480468768,62.8393310546838,66.6846191406211,45.5804980468777,36.4562548828136,47.7674121093708,0.065762348175043
"7316",-0.229314727783224,6.20938354492243,5.52034912109424,11.8566210937511,8.68729309082109,12.1683886718761,16.8058374023453,24.958601074221,40.4757666015661,52.6581054687531,70.379931640625,66.1712158203125,75.2522900390625,60.0723779296892,61.5719433593714,65.6932666015586,47.4091748046903,37.5699682617199,48.4886376953083,0.134160594940174
"7317",-0.195725574493426,6.15267272949274,5.49048583984424,11.4155249023448,8.61526672363358,12.1629162597667,16.524086914064,24.0860595703146,40.1193945312536,51.3217822265655,69.745986328125,66.405390625,75.8655419921875,61.0009667968768,62.2843457031214,66.9390478515585,46.9176464843778,37.3902612304698,49.2308203124957,0.120931386947621
"7318",-0.182954826354997,5.92540832519584,5.32297241210985,10.8870751953135,8.51527587890701,11.0992077636729,15.8536718750014,23.6630151367209,40.0008471679723,52.4444091796906,70.3350048828125,67.2047314453125,75.94380859375,61.1442431640643,61.2909667968714,65.5798242187461,45.2125732421902,36.2362646484386,46.6898583984334,0.566870803832958
"7319",-0.144681406021131,5.77207763671927,5.2847473144536,10.5082666015634,8.71002685546953,11.3653759765635,16.1025683593764,24.3417260742209,41.5661230468787,55.0719140625033,72.5721630859375,70.529482421875,78.7451806640625,62.9755957031268,65.1061083984337,68.3689746093709,47.7435644531279,38.0120312500011,48.5804199218708,0.025184097290037
"7320",-0.087049140930184,5.76222229003958,5.37363220214892,10.6554504394541,9.15307617187582,11.1109326171885,15.7570935058608,24.2723583984397,41.7919189453162,55.6725878906283,71.6985400390625,70.7860595703125,79.4865478515625,63.9770996093769,65.8404541015586,68.5005419921834,46.4406640625028,36.9499609375011,47.4757421874959,0.433020477294884
"7321",-0.077635889053352,5.70109802246145,5.43420654296924,10.239288330079,9.20669860839926,11.2927746582041,16.5685437011734,23.5058349609396,40.8714916992224,52.4179589843781,69.889794921875,68.0005712890625,78.1867919921875,61.8273437500018,65.2040429687462,68.063876953121,47.6117138671903,36.8932617187511,47.9728759765583,-0.066873559951776
"7322",-0.065874633789068,5.72743774414113,5.32065307617235,9.95017578125089,8.91697631836017,11.2116625976573,17.0300195312515,23.1807495117208,41.6730371093787,53.2796875000032,70.501259765625,69.6212255859375,80.4006494140625,63.4132812500018,67.9744580078085,70.8597851562458,48.2876171875029,36.9515722656261,49.9515771484331,0.051487274169917
"7323",-0.072496376037604,5.60144775390675,5.55749023437549,10.7059106445322,10.1414550781259,12.2784777832042,18.7064233398454,22.660371093752,39.9169726562536,48.7551269531279,66.7760546875,63.162978515625,74.76123046875,57.9551367187517,60.9436914062464,66.1522314453086,47.0902685546903,35.825068359376,45.2047363281211,-0.73255592346185
"7324",-0.05004673480988,5.44298583984424,5.21490478515672,9.93534851074307,8.90003051757892,11.6203344726573,18.6076062011735,23.8525195312521,41.8439501953162,53.5308007812532,69.6729150390625,70.864375,79.836611328125,62.4283740234393,66.4667578124961,68.8181103515584,48.2525341796904,37.2700073242198,47.2229980468709,-0.400128097534145
"7325",-0.051834096908574,5.54080383300831,5.28553955078172,10.0599060058603,9.20752136230551,11.534785156251,19.215305175783,23.2799096679708,40.9858837890662,53.6996435546907,69.17904296875,69.50404296875,79.2960498046875,62.3568750000018,64.3100927734337,66.936435546871,45.7937353515652,37.5203222656261,46.332373046871,-0.283434638977026
"7326",-0.158172874450698,5.83362915039115,5.33616577148485,10.9007971191416,10.0755468750009,12.9372424316418,20.0630175781268,23.6755810546896,41.7217480468787,53.0128076171906,68.453837890625,68.987587890625,78.0996240234375,61.2385791015643,62.5520556640588,66.3876904296836,45.6705273437527,37.5841308593761,46.7285400390584,-0.341805000305146
"7327",-0.13013734817506,5.69656372070363,5.28261718750047,10.9401892089854,10.3411120605478,12.0914819335948,19.1992919921892,22.5397412109395,39.8451782226598,51.2188525390655,66.6472607421875,64.3772802734375,75.386748046875,57.2429492187517,53.6890087890594,58.7623046874965,41.1620410156275,33.6123315429697,39.0100976562466,-0.395662879943813
"7328",-0.273143310546899,5.67427124023488,5.21808715820359,10.8176635742197,10.7836108398447,12.2848388671886,19.4181164550799,22.6711352539083,40.4621801757849,53.0700292968781,67.765341796875,67.29294921875,76.0340771484375,59.0756054687517,58.5680615234341,63.1802246093713,43.9889257812526,35.563339843751,43.4686181640587,-0.132466087341297
"7329",-0.138018856048596,5.8957312011724,5.11171447753952,10.9890954589854,10.0907946777353,11.3486279296885,19.0768066406267,21.4152685546894,39.2146459960972,51.8289648437531,66.2842578125,65.14892578125,75.00345703125,56.9870800781267,52.4111279296844,59.2459179687465,41.1361132812525,34.3314404296885,41.4779882812464,0.119388313293447
"7330",-0.087403421401985,5.74693237304739,5.14859985351608,11.0921862792979,10.3641650390634,12.1920947265636,19.6485937500018,22.329365234377,41.2144042968787,54.9074365234408,68.257265625,68.625517578125,75.926669921875,57.5926367187517,51.5310693359345,57.6246289062466,41.6102246093775,35.253369140626,41.9413720703088,0.431421966552697
"7331",-0.140947628021253,5.75766357421926,5.20047607421921,11.2196618652354,10.2270739746103,12.3769750976574,19.6575012207049,22.022812500002,41.3162011718787,54.3082617187532,68.299794921875,70.961064453125,77.936591796875,60.8655712890643,63.2137353515588,68.8672363281209,50.977363281253,38.8841259765636,48.5366845703083,-0.401491928100551
"7332",-0.145263290405286,5.69949829101613,5.46964111328174,11.548750000001,10.6390185546884,12.1785302734386,20.2771484375018,22.309443359377,40.3611547851598,54.4901806640657,68.287685546875,70.1707470703125,78.16580078125,60.1566992187517,61.7259716796839,67.322509765621,47.8615332031279,37.4292285156261,47.9924414062458,-0.151149501800524
"7333",-0.129710750579846,5.55052795410206,5.45549926757861,10.9279260253916,9.49264099121178,10.9813928222666,18.4247241210954,20.4467749023456,39.4672753906285,52.6255908203156,68.1752685546875,70.1960205078125,77.483076171875,60.1878125000017,59.641215820309,65.1729785156211,43.8785546875026,36.6227661132823,46.6977978515584,-0.073467731475824
"7334",-0.227943458557149,5.68203186035207,5.58595581054737,11.6091198730479,10.1016198730478,12.8711743164074,18.8320129394548,22.2684619140645,39.3668383789098,53.6575341796907,68.364755859375,68.9115185546875,76.196923828125,59.3120947265642,55.8111914062467,62.5650781249963,45.0842773437527,37.6267773437511,46.0224072265585,0.022790107727049
"7335",-0.142863378524793,5.64718505859425,5.96171630859428,12.3087353515636,11.0060327148447,14.7423815917982,21.4347509765644,24.3799560546897,42.7621435546913,57.5513037109409,70.524521484375,72.774306640625,78.888134765625,61.6597998046893,58.7418749999966,63.7086865234337,47.1144238281278,39.3177807617199,47.8490234374958,0.407673339843714
"7336",-0.007498445510865,5.68849243164113,5.79583862304739,12.0243701171886,9.7773889160165,15.0907897949232,21.1198608398456,24.9601464843772,43.3300537109414,59.491430664066,72.013212890625,73.95837890625,80.9134716796875,63.8393261718769,62.1323291015589,66.617412109371,48.0753759765654,41.4791210937512,48.6062402343708,0.418853721618616
"7337",-0.005943641662598,5.40680664062548,5.55327209472706,11.8768945312511,9.59585754394617,15.5304565429701,20.6939575195331,25.493601074221,44.341171875004,58.644604492191,71.12966796875,72.028564453125,79.152431640625,62.1371484375018,59.985004882809,64.8567529296837,46.2683300781278,40.1010888671887,46.9438867187459,0.130313358306873
"7338",0.19863342285158,5.61774597168019,5.81183105468802,12.2761169433605,10.1177191162118,15.8556396484389,21.3027954101582,26.6617675781274,46.8060253906292,60.6372021484411,72.6227587890625,73.21892578125,80.9762646484375,64.6634716796894,61.6086181640589,66.3805615234336,47.0620800781278,41.0638818359387,48.7052001953083,-0.085925312042229
"7339",0.138327512741101,5.43202514648486,5.65307495117238,11.6053637695323,8.9650634765633,14.7181335449232,18.9230957031267,24.8050585937522,46.1962011718791,60.9410156250036,72.771884765625,71.382626953125,80.222314453125,63.6353027343768,58.4610107421841,63.9713525390587,44.3790673828152,39.5323388671887,45.989306640621,0.806916122436453
"7340",0.172620830535904,5.13195922851608,5.65003967285207,11.6304150390635,8.04311401367259,14.6364916992201,18.6466821289079,25.0963720703147,45.268066406254,58.7560449218785,71.12513671875,69.3697216796875,79.358017578125,62.4116992187518,57.6350781249966,63.3179101562462,43.9262548828151,38.0661572265636,43.4958984374962,0.183957557678207
"7341",0.092005338668831,5.05598358154342,5.51346252441455,11.1388818359385,7.80151123046944,13.4768395996106,17.9654614257829,24.6692285156272,44.2118847656289,58.468403320316,71.86775390625,69.783955078125,79.96765625,63.6654785156268,55.8354833984342,61.6510107421838,42.0365332031275,37.5746557617198,42.1349609374963,0.794463577270438
"7342",0.264741497039819,4.80152465820355,5.33181335449266,10.055245361329,6.58303100585996,11.1417114257822,14.8675219726576,22.6740991210958,42.9350878906288,54.5055126953157,69.12556640625,63.9488525390625,76.797890625,62.0716552734393,54.0597705078093,60.8736718749964,40.1482519531274,35.140976562501,40.1453124999965,0.459755897521933
"7343",0.230925483703634,4.78249267578168,5.52868286132862,9.95315063476651,5.51920532226612,10.5048986816416,14.5229907226575,23.7590966796896,42.2837500000038,56.2756640625033,69.2737158203125,65.555771484375,77.21021484375,62.5861425781268,51.817275390622,58.0617773437466,39.2487890625023,34.2300708007823,37.2490185546842,0.912528381347577
"7344",0.298683624267605,4.63864776611369,5.58397033691456,9.91789062500088,5.8314587402349,10.4561669921884,14.8604467773451,23.5602954101583,42.7212792968788,56.8540234375034,70.0790625,67.393857421875,76.79337890625,62.8177734375018,52.2756640624969,58.554057617184,38.7265917968773,35.5809106445323,38.2953124999967,0.415826873779261
"7345",0.23178077697756,4.84721984863325,5.70307128906301,9.98596740722745,5.44991638183642,10.1373498535165,15.1560205078139,22.6336181640645,42.0915966796913,55.9322070312533,70.35109375,67.306884765625,75.9322265625,62.1282568359393,48.2435107421847,56.2248486328092,37.0842138671897,34.1916357421885,36.4742187499968,0.907318878173749
"7364",1.29283950805676,6.73840881347716,5.12869628906296,9.86698242187588,7.81416625976632,11.6080981445323,17.5220532226578,26.2212280273461,42.4732812500038,65.2482226562539,73.7223876953125,77.019912109375,82.4563671875,64.8773486328144,68.891904296871,69.6030761718709,43.6911425781276,33.537832031251,48.7385449218707,2.35864501953104
"7365",1.2368694305421,6.60568847656309,5.26770935058641,10.2550976562509,8.1720202636726,12.3959826660167,18.4096728515641,27.2620947265649,43.6310253906289,65.5993261718789,73.720126953125,75.9660595703125,81.982333984375,63.7821386718768,66.9581494140586,67.420761718746,43.5895361328151,33.496142578126,48.5328906249958,2.12618560790997
"7366",1.23648117065441,6.82283935546936,5.36681152343798,10.4394482421884,7.94407531738352,12.6622790527355,19.0583959960954,28.2959790039088,45.7448144531291,67.7309619140665,75.58642578125,78.925830078125,84.610634765625,66.8855468750019,72.7905957031207,72.3212255859332,48.7623388671904,34.162441406251,51.914536132808,2.09738555908185
"7367",1.2416375732423,6.82291992187561,5.54246459960987,10.832910156251,8.4948333740242,13.0545410156262,20.2911547851581,29.1547167968776,46.6274121093792,67.113603515629,75.1915234375,76.1995947265625,83.162587890625,62.9886132812518,58.0329443359341,59.1430566406215,41.4820898437525,33.401533203126,44.6604980468711,3.41941101074189
"7368",1.42071350097669,6.81950073242248,5.606860351563,10.6876684570322,8.46674865722732,12.5687011718761,20.9876904296894,30.9968994140653,50.0932519531295,70.4487744140667,78.0183544921875,78.813447265625,84.086279296875,63.1158984375018,47.6886669921847,53.6382421874968,40.0556054687524,31.9287670898447,42.4470117187463,4.36329498290978
"7369",1.27927688598644,6.86674621582093,5.54958190918018,10.4485424804697,7.64718017578193,12.3354943847667,19.8029443359393,29.0996044921901,48.7915332031294,68.3232373046915,77.268916015625,78.8896728515625,85.09986328125,64.0536816406269,58.5911621093716,60.8542285156214,42.1035156250025,32.2141894531259,45.0728710937461,4.15629547119104
"7370",1.34082427978528,7.15858764648501,5.72833618164114,10.8414672851572,7.77229919433663,13.3492553710949,20.4527172851581,30.4176611328152,50.490483398442,69.3175097656291,78.406455078125,79.843076171875,85.9965234375,65.9869970703144,64.8090087890587,65.2553710937461,43.7922558593776,33.3395751953135,46.9348925781209,3.5335870361325
"7371",1.22229667663585,7.11862548828188,5.81494934082083,11.0343981933604,7.81036926269601,13.4285949707043,20.1859033203143,30.4110986328152,48.1151464843793,67.168613281254,77.657216796875,79.003662109375,85.878212890625,65.0657177734394,65.0418457031212,66.6481591796835,45.1054052734402,31.9814916992197,45.9837548828085,3.60296142578094
"7372",1.14874588012706,6.83039978027405,5.53349975585987,10.4142041015634,6.998997802735,12.1777563476573,17.9619091796891,28.6147265625026,46.6713769531292,65.0076806640663,77.8857958984375,80.5360546875,87.652939453125,68.474052734377,73.0034179687457,72.1632324218707,46.2036230468778,31.5668432617197,49.3382128906207,3.63899230956999
"7373",1.14314346313487,6.98327392578187,5.86364807128959,10.905595703126,7.80879211425851,13.3749877929699,17.9697949218766,29.4347802734401,46.0659912109416,62.8998828125037,76.4531591796875,78.412529296875,85.270322265625,66.2169921875019,70.4541699218709,71.1535644531208,48.6058447265654,31.9504345703134,49.3331640624957,3.45012878417939
"7374",1.22172248840343,6.93939086914124,5.7836883544927,10.5013854980478,7.08190917968813,12.1698950195323,16.8942968750015,27.9296752929712,45.9554589843791,62.3367089843787,77.003310546875,79.843212890625,86.6937109375,67.0491259765644,71.6454833984333,71.0766259765583,47.8128515625029,31.4799365234384,48.9818066406207,3.33912811279268
"7375",1.41111892700208,6.92648864746155,5.56510620117237,10.2129974365243,6.92029785156312,10.898691406251,14.6135571289076,26.2619775390648,45.1153759765665,61.2589599609411,76.78337890625,80.6596875,88.17689453125,68.727539062502,75.1237304687456,74.8668164062456,49.6828369140655,31.8594262695322,50.4801220703081,3.43065856933564
"7376",1.24479125976574,6.7179589843756,5.60854919433644,10.2720410156259,6.76866455078185,11.6939636230479,15.7639404296889,26.7009716796899,45.5116601562541,60.9912011718786,75.9126953125,78.77625,85.70619140625,65.4141308593769,66.9280371093711,67.3091162109335,43.6948339843776,30.4656713867196,47.6119628906208,3.41370178222626
"7377",1.41641784667981,6.74766235351623,5.84066406250052,10.5953857421884,7.98724731445384,12.4737768554699,16.8708886718765,27.3976782226587,46.4710058593791,61.6823193359412,76.5671240234375,80.0634326171875,87.111982421875,67.2442431640644,70.1996777343709,70.7619091796833,45.4011132812527,32.6022314453134,48.3001220703083,3.29387512207003
"7378",1.23094902038585,6.62871582031309,5.66342529296926,10.0347827148446,7.22665771484439,10.9696545410166,15.5468969726576,26.4824316406274,46.4396728515666,63.3825732421913,78.74365234375,84.6778515625,91.303076171875,72.6399951171896,79.8730615234328,80.1843164062452,56.1833886718784,34.855585937501,54.7386376953077,3.00532806396458
"7379",1.35857650756848,6.68265319824278,5.8634948730474,10.1382189941415,7.54847473144599,11.9581579589854,17.2044116210953,27.889653320315,47.8550683593793,62.4805957031287,78.0027099609375,82.24060546875,88.65583984375,70.2929345703145,76.697768554683,76.7694970703079,53.3033886718782,34.8531005859385,52.9295654296829,2.91195404052709
"7380",1.32066528320324,6.69156982421935,6.04949462890679,10.6226098632822,8.45743469238357,12.8355627441418,18.3819409179704,28.1172485351588,47.8527929687543,62.2046044921912,77.596767578125,80.8118359375,88.31560546875,68.575380859377,77.082416992183,77.1526464843704,55.4542968750033,35.2590087890635,54.4475976562453,3.09294494628879
"7381",1.29217285156261,6.63852294921934,5.97865661621147,10.5219702148447,8.74128173828203,12.6971923828136,18.8707019042986,28.3537597656275,47.3177636718792,61.3954785156286,77.59310546875,80.5986767578125,88.086044921875,68.570673828127,73.0755615234332,72.6507958984332,47.8177880859404,34.3290747070323,52.3647900390579,3.69497802734343
"7382",1.30706924438488,6.80361572265686,5.98560363769585,10.3593505859384,8.19408142089917,11.3593334960948,17.4780822753922,27.3882177734399,46.0602978515666,58.3482519531285,76.2532177734375,79.689453125,88.186259765625,69.028466796877,77.3057519531205,77.7130078124954,56.4695996093784,34.0778955078135,57.06077148437,3.01671478271458
"7383",1.15262390136729,6.61361328125059,5.84920227050833,9.96097106933683,7.40537353515691,10.3816125488291,16.3823962402358,27.1451367187524,45.1947119140665,59.1668945312535,76.2870263671875,80.71123046875,90.187275390625,70.9103906250021,78.4253808593704,77.9039062499954,55.1659375000033,34.3218115234385,59.3081201171823,3.68565246581999
"7384",1.25429824829113,6.71661315918029,5.87654235839896,10.196964111329,8.07857360839916,11.9181848144542,17.6521020507828,28.2535253906275,45.0622802734415,58.374584960941,75.96330078125,79.1518359375,89.1521875,69.8086376953145,76.2545214843705,76.5212890624955,53.7907812500032,33.8224267578135,72.9635644531186,3.39726104736298
"7385",1.27564270019543,6.74998352050842,5.98785156250053,10.5985009765634,8.60897216796952,12.3121948242198,18.2247875976579,29.7389208984402,45.8174902343791,59.0640332031285,75.9829052734375,79.8696337890625,90.079970703125,71.8557421875021,81.9616308593702,82.4148925781201,64.6328710937539,37.8633056640636,92.8052832031169,2.78063537597632
"7386",1.46592971801771,6.73599731445373,6.00863464355522,10.4330578613291,8.00608947753978,11.3113793945323,15.7901098632827,26.9150048828149,43.5762353515664,55.8634472656283,74.987041015625,78.137099609375,90.6084375,73.2606835937521,85.23561523437,86.7694824218699,69.9693310546917,36.8564965820323,91.509619140617,2.84954376220678
"7387",1.33728744506848,6.90486022949281,5.89956298828178,10.8405285644541,8.64664794921952,11.9837158203136,16.7297070312515,28.0190429687525,44.2679345703164,56.9686621093784,75.266376953125,77.2389404296875,88.41474609375,70.238222656252,77.3368359374955,79.0641406249953,57.9145898437535,35.7909130859385,85.5858984374925,3.14229217529269
"7388",1.26506057739269,6.98761352539125,6.16508178710992,11.3491076660166,9.44025573730553,13.56051513672,18.6946166992204,30.1555639648464,46.2366699218791,61.1305468750036,76.6735302734375,77.8090966796875,88.523125,70.0325830078145,77.2457519531205,78.1897119140579,56.7374707031284,36.9516650390636,94.3262890624918,3.49091278076141
"7389",1.32829681396496,7.22322998046939,6.21300231933649,11.4242272949229,9.39053222656334,13.4988854980481,17.8112158203141,28.9332226562526,44.543681640629,58.1968164062534,74.948466796875,75.377626953125,87.011494140625,68.782792968752,76.7198730468705,78.3285107421829,56.3445410156284,35.260791015626,89.5153027343672,3.43057922363251
"7390",1.22872863769542,7.20174682617252,6.22501342773493,11.9103808593761,9.5599291992196,14.5146789550794,17.2594201660172,26.6159814453149,40.8425927734411,54.9471093750033,72.905439453125,71.8931201171875,84.146220703125,66.6766259765644,72.4014599609333,75.3261523437455,52.0124365234406,33.7557348632822,87.7902636718673,3.53922058105438
"7391",1.32893875122082,7.27515136718815,6.55330261230527,12.7072473144543,11.5172705078135,16.4327429199233,19.5526245117205,29.0101635742213,42.8202539062538,60.7345166015661,76.4249853515625,75.9419287109375,86.904814453125,68.951777343752,68.0007861328085,71.3230273437458,49.1081054687529,34.0502758789072,84.1178320312427,3.82532440185514
"7392",1.4094763183595,7.2851440429694,6.42251037597714,12.3060290527355,10.9666760253916,15.5996118164076,19.3766992187517,29.3869140625026,42.8005322265663,60.7895605468786,76.9859619140625,76.5885205078125,86.78646484375,67.506494140627,54.6375830078093,61.1708447265589,43.3162890625026,33.178457031251,81.7287744140554,4.01541198730434
"7393",1.29761795043957,7.29315612793034,6.44041931152401,12.5637854003917,11.353779296876,15.3281396484389,20.1063427734393,29.0295507812526,42.7428710937538,60.8531445312536,76.78251953125,76.4018115234375,86.269638671875,69.1684423828145,67.1669580078086,72.2736328124957,52.9480664062532,36.3487377929698,88.2289257812423,2.87813079833959
"7394",1.11480941772471,7.05167724609438,5.84011840820365,12.178865966798,11.075283203126,14.5423583984388,20.8721679687519,28.1603027343775,41.3993164062537,55.8737011718783,71.8024853515625,69.3204150390625,80.2285205078125,63.4358203125018,63.2762304687463,69.1313574218709,50.4712841796905,33.1487646484385,86.2381152343675,1.84624786376937
"7395",1.01140640258798,6.83437438964905,5.6045410156255,11.2891833496104,10.2924365234384,13.1356958007824,20.1638940429706,27.4949316406275,39.8221557617223,52.8220947265656,68.904892578125,62.758173828125,75.5068310546875,57.6114404296892,49.9460205078096,59.2188476562465,41.4241796875025,29.7938989257821,80.9581542968679,1.87926284790023
"7396",0.846220855712966,6.73531799316466,5.63674926757863,10.8874194335947,9.41088500976647,12.2751367187511,18.6169421386735,26.1551660156273,38.4947998046909,49.8621923828155,67.3385791015625,61.733984375,74.63044921875,56.9661474609392,52.7568554687469,60.9845605468714,40.6143261718774,29.3781005859384,79.7623779296805,2.19910644531231
"7397",0.886071243286212,6.75034057617248,5.3383801269536,9.95419311523526,9.05828735351643,11.7363488769542,19.4454052734392,26.1159497070336,39.6945532226598,54.2428125000032,69.6222314453125,67.325478515625,78.4187060546875,61.1677246093768,56.6052197265592,63.8477343749962,41.7963281250025,30.9736303710947,82.6495410156178,1.97792388915998
"7398",0.967370376587,6.7342578125006,5.35275146484423,10.0236865234384,8.77404418945391,12.2990734863292,19.6057031250017,25.9490820312523,39.359418945316,52.2751025390656,67.96876953125,63.766591796875,76.05724609375,58.1482177734392,54.5419189453093,61.5015917968714,40.2108740234399,29.9799414062509,77.8470996093682,1.78729431152328
"7399",0.748754425048895,6.57344360351621,5.46035705566455,10.3678894042978,9.28596984863364,12.8066381835949,19.5166796875017,26.0026220703148,38.7617993164097,52.0447509765656,67.3853173828125,62.8008447265625,75.4760107421875,57.9625878906267,55.6439550781217,62.4363085937463,39.1116943359398,29.6834863281259,77.1668847656183,1.44883972167956
"7400",0.56388298034673,6.19331909179743,5.1460638427739,9.80081909179775,8.7192248535164,12.3941076660167,19.4279089355486,24.9856762695335,37.5315014648471,51.352089843753,67.39572265625,63.1789208984375,75.758818359375,58.3276562500017,56.9511083984342,63.4267871093712,39.3051123046898,29.9842919921884,76.1333398437433,0.916299743652264
"7401",0.595176925659233,6.39470458984432,5.34060852050829,9.92624511718839,9.24971313476645,12.6079785156261,19.5607128906267,25.8112231445336,37.8681591796909,52.3266894531281,67.6322998046875,63.099560546875,75.05193359375,57.1166601562517,49.4081445312471,56.5881298828091,35.4145629882834,28.5491528320321,69.8059326171814,1.71420349121079
"7402",0.601848640441948,6.36521240234432,5.42808654785205,10.4560693359384,9.18357299804769,12.5712329101574,19.8138720703143,26.2265380859398,38.1764746093784,50.718593750003,65.976640625,58.98802734375,72.303994140625,53.228051757814,43.50383300781,53.3484374999968,34.7729565429708,28.4907226562508,67.2551513671816,1.68997344970688
"7403",0.617439575195368,6.6082257080084,5.65853637695363,10.6450305175791,9.81663635253994,12.5225842285167,19.6886804199236,26.4848754882836,38.4925537109409,48.6641699218779,65.4194775390625,56.837783203125,71.4780224609375,52.512211914064,42.9754589843725,52.3924804687469,34.292460937502,28.3595629882821,63.290649414057,2.0669810485838
"7404",0.524641342163133,6.43256896972714,5.33293701171923,10.4416931152353,9.37183593750084,11.5915295410167,19.2741674804705,25.6317041015648,38.705825195316,48.6417968750029,64.562626953125,59.570546875,73.413681640625,56.1123632812516,55.8889599609342,61.9092871093713,39.2486010742211,31.2941699218759,69.206953124994,0.995174865722569
"7405",0.736311492919988,6.5474737548834,5.72993591308645,10.5593310546884,9.71089904785243,11.1414270019541,19.876408691408,27.2074853515649,40.8404003906286,51.8162207031281,68.111669921875,65.7905517578125,78.730595703125,61.5071240234393,65.6643798828087,69.4696972656209,46.9581445312528,34.2542211914073,70.8758300781188,0.725659103393491
"7406",0.714981613159243,6.49510925293027,5.45431823730517,10.5458679199228,9.04274414062581,10.5483374023447,19.2161206054705,26.2314355468773,41.5146191406287,51.071845703128,67.14453125,64.242197265625,78.326611328125,59.6256250000017,63.2019726562463,67.175195312496,44.0827148437526,32.699775390626,67.6763769531191,0.581969833373973
"7407",0.777466354370187,6.4788098144537,5.71500915527395,11.2140991210948,9.44964233398522,10.8580139160166,19.5738330078142,26.3883984375024,41.9472607421912,52.0207714843781,68.021904296875,64.75978515625,78.556357421875,60.3777099609392,64.4490478515587,68.8873242187459,44.6965966796902,33.8321508789072,66.8921582031192,0.405296897888148
"7408",0.767587814331123,6.285907592774,5.62219848632863,10.9029504394541,8.70926147461015,10.9579516601572,19.4369799804705,26.6866088867211,41.2360156250037,51.505126953128,67.5734228515625,63.871171875,78.3523095703125,58.8622949218767,60.6331445312465,64.4501855468712,42.432934570315,32.7608715820322,63.6774609374944,0.875409164428635
"7409",0.742695007324285,6.20530334472712,5.47244201660205,10.9856408691416,8.6933557128914,11.5335046386729,18.2889416503923,25.9672973632836,40.4030639648474,50.471455078128,68.227294921875,65.1770166015625,79.6418359375,60.5350390625018,63.6906249999963,67.643359374996,44.1547607421901,32.925996093751,64.0253662109319,0.895675659179609
"7410",0.687286758422913,6.10063598632867,5.79471618652395,11.4159155273448,8.70954833984453,12.3364794921886,19.1494238281267,27.4686450195337,41.3903369140662,52.8804882812531,69.79857421875,67.398837890625,81.3891796875,61.8949414062518,66.9918652343711,69.3254541015584,47.1674462890653,34.780390625001,63.8271972656194,0.601336135864205
"7411",0.542727203369189,6.1338159179693,5.70998168945363,11.4034643554698,8.98742736816486,12.1771325683605,19.0732031250017,26.8773291015649,41.4350781250037,51.389013671878,68.8555322265625,65.898212890625,80.41197265625,59.0022314453142,61.7142822265589,63.7606689453087,43.9402832031276,33.541738281251,60.3813720703072,1.42578475952136
"7412",0.585097656250052,6.26346557617243,5.91224853515678,11.4475708007823,9.23333312988364,12.6081396484386,19.105822753908,26.2803051757836,42.5512255859413,53.3825146484407,71.72251953125,70.488154296875,83.4386328125,64.2830078125019,70.4134472656209,72.3866992187457,52.9742333984407,36.9878222656261,64.1545361328069,1.02058853149405
"7413",0.542740707397509,6.21740905761774,5.87620849609427,11.8893041992198,9.68715454101649,12.6025317382824,18.2407385253923,26.1256665039086,42.1065917968788,53.3805859375032,70.97677734375,69.7367041015625,82.05412109375,63.5619433593768,69.326513671871,71.2668359374958,51.8080078125031,37.0156518554698,61.3585937499946,0.727154388427671
"7414",0.418132171630897,6.25466308593806,5.68089904785207,11.6359350585948,8.76239746093828,11.9935266113292,18.1519531250016,25.7675512695336,40.9975390625037,51.8369580078156,69.8303173828125,67.9527197265625,78.7716650390625,61.2049121093768,66.4111474609336,68.9243359374959,47.6129687500028,35.281083984376,59.3991992187448,0.537572250366164
"7415",0.384231719970737,6.25034545898493,5.75565979003958,11.5172839355479,8.60766845703202,12.1500878906261,18.3962182617204,25.8967919921898,41.9216992187537,53.1993017578157,70.37998046875,69.2826904296875,79.353662109375,62.1267285156268,66.5838964843711,68.6155566406209,46.8027587890653,34.7675903320323,58.2777148437449,0.84526084899895
"7416",0.584023361206107,6.4456408691412,5.97073059082085,11.9148022460948,9.19034484863363,12.9779565429699,18.3872912597673,26.6980786132836,43.3209472656289,54.6806933593782,71.21873046875,70.6693408203125,80.148046875,62.8634375000018,67.2223730468711,69.4956152343709,48.7306250000029,36.5767968750011,57.554707031245,0.984380798339758
"7417",0.399427719116247,6.05867553710992,5.67433227539113,11.437861328126,8.81618286132891,12.5044775390636,17.8784790039078,26.0915625000023,42.3227832031288,54.9331884765658,71.099609375,69.755615234375,79.3906689453125,62.5273632812518,67.2788623046836,69.3076953124959,49.0982031250029,36.7779370117198,56.3634521484326,0.483603706359821
"7418",0.327542572021514,6.23685546875056,5.71964721679739,11.568847656251,9.6867083740243,12.5576171875011,17.9659594726579,25.7613037109398,41.0653955078162,52.9800878906281,68.222802734375,66.204326171875,75.331513671875,56.4374316406266,54.8353613281218,56.9621484374966,39.4002880859399,33.4100756835947,48.8922119140582,0.402932014465297
"7419",0.357726325988801,6.16354614257868,5.63835876464894,11.4334130859385,9.5931909179696,12.6223315429699,18.1005676269547,26.2867138671898,43.4927050781289,56.5490234375033,71.2806201171875,69.8145263671875,78.1895703125,59.8043847656267,57.2483056640592,57.5799316406216,40.1351611328149,34.4169311523448,47.8155859374958,1.30833496093739
"7420",0.308955917358426,6.35474426269588,5.59730346679737,11.4201721191416,9.59777709961023,13.0518591308605,18.3549804687516,26.0608007812523,42.5456347656288,53.5633300781282,69.39240234375,67.002021484375,75.329326171875,56.7896972656266,56.3151660156217,57.2438427734341,40.0304882812524,34.8941235351573,47.8425439453083,0.709205169677672
"7421",0.180198783874528,6.27562194824275,5.39867980957079,10.9016870117197,9.5166040039071,12.0586474609386,16.2869995117202,24.8336743164085,40.2875488281286,51.0119677734405,68.9753076171875,67.0202294921875,75.09876953125,57.3555859375017,58.1045068359341,58.0596972656216,39.1112329101586,33.964863281251,47.0449169921834,0.342391700744599
"7422",0.19877243041994,6.38548034668026,5.20778808593797,10.7817346191416,9.0118212890633,11.9573632812511,15.6313366699233,24.6363232421897,40.3794702148474,49.4981250000029,67.33828125,64.57947265625,73.54466796875,55.9463378906266,58.2711181640591,57.5689013671841,39.1236474609398,33.9302587890635,46.3180029296835,0.494988441467242
"7423",0.076686744689948,6.24944641113337,5.03281890869186,10.4519201660166,8.58621337890702,11.1958666992197,14.3971569824232,23.6785253906271,39.0651464843785,51.1087451171905,69.024775390625,68.1042431640625,76.132890625,59.0347167968767,61.4985107421839,61.7219921874963,41.3283007812525,33.567890625001,47.7685839843708,0.397233009338344
"7424",0.011078174114228,6.44226379394589,5.25302429199266,10.6075000000009,9.52352966308679,11.4627038574229,15.0646923828138,22.428388671877,40.1816259765661,50.2126025390655,68.446962890625,66.31796875,75.9074072265625,58.5949023437517,61.1054882812464,61.9651074218713,40.8106152343774,34.0355615234385,46.8216064453084,-0.337639541625947
"7425",0.037432317733768,6.4790393066412,5.20115539550828,10.8613427734385,9.60709716796961,11.0824816894541,15.0569445800795,22.7840307617208,39.8174609375036,50.8006689453155,68.4773828125,67.022236328125,76.033486328125,58.9662402343767,62.8169091796838,63.9355761718712,41.7638085937525,34.8880346679698,47.3188232421834,-0.568878250122021
"7426",0.148485870361341,6.50351074218808,5.14558837890671,11.0883288574229,9.08369262695394,10.8389099121103,15.466949462892,23.0369311523458,40.4870410156286,51.172275390628,68.873603515625,66.6392578125,75.5108056640625,59.2569042968767,62.7022753906213,63.9422851562462,41.545747070315,34.678408203126,48.7494970703082,0.177864818572983
"7427",-0.003122391700745,6.51280334472714,5.31857177734422,11.3539404296885,8.92082458496173,11.3130969238291,16.3199414062515,23.1585595703146,41.0642138671912,51.435654296878,68.8608740234375,65.135791015625,74.9662060546875,59.0558935546892,59.2859082031215,61.3624999999964,40.3318774414087,34.9293237304698,47.9351660156208,0.81357192993157
"7428",0.051613168716435,6.62187988281309,5.51045654296924,11.356416015626,8.63039306640702,11.4551086425791,16.0719116210952,23.5409545898458,41.2743457031287,53.7022265625032,70.1139990234375,65.9949658203125,73.9836474609375,58.9193164062517,61.2402001953089,62.5599121093713,42.1073632812525,36.2384838867198,48.3313085937458,0.46302635192867
"7429",0.043338890075687,6.47985717773495,5.48317260742236,11.4600378417979,8.88732971191486,12.0892578125011,17.7587683105485,24.7046875000022,43.8838574218789,57.1254394531284,73.4757177734375,70.9926171875,79.052314453125,63.9739843750019,64.3967089843712,64.5299365234337,44.0149365234401,38.0997998046886,50.3366699218706,1.13592720031728
"7430",0.002566282749176,6.5679815673834,5.77596496582083,11.6489294433604,9.04200561523518,12.2691528320323,17.8286499023453,25.4670019531273,44.1203857421914,56.9241796875034,73.04525390625,71.528583984375,78.503818359375,63.0335156250018,63.8781640624963,64.4983789062462,45.2843945312527,38.8217333984386,51.5673535156205,0.570797653198192
"7431",-0.124886236190807,6.27505493164119,5.46311767578174,11.2307751464854,7.75834106445382,11.7604077148448,17.1849401855484,25.3322021484398,44.0111523437539,55.9871191406283,73.9826318359375,72.8635009765625,80.8226611328125,65.4882666015644,67.3465624999961,68.6230322265584,47.3675634765653,39.3130200195324,54.3415722656203,0.980391311645422
"7432",-0.252400989532493,6.356386108399,5.68555664062551,12.1697119140636,8.34684082031324,12.2176232910167,17.5266601562516,24.2096801757834,42.0449365234413,52.5219140625031,70.1333349609375,66.228115234375,74.4292333984375,58.9718505859392,57.5554541015591,61.5906933593714,42.47571777344,36.1889257812511,47.6542285156208,1.06216621398916
"7433",-0.145273284912122,6.15272766113336,5.57286560058643,11.2264086914073,7.91793701171946,10.9167895507822,16.315805664064,23.1251660156271,42.2825830078163,53.0309472656281,70.56982421875,68.750791015625,76.11357421875,60.2789013671892,57.8677490234341,62.4269091796838,42.3315820312525,36.2203491210948,46.5353662109334,1.2053401184081
"7434",-0.116948881149302,6.24008850097712,5.37680541992235,11.3506628417979,8.42408386230544,10.6518115234385,15.9536035156264,22.7875268554708,42.2439111328163,53.3343798828157,71.05603515625,70.908486328125,77.7915625,62.7269628906268,63.7012890624963,66.939736328121,46.0302490234402,37.8331542968761,48.7766455078082,0.525968933105423
"7435",-0.141850681304944,6.29737121582087,5.82077331543021,12.1352551269542,8.80611816406329,11.563642578126,15.8916430664077,23.0253613281271,41.1643750000037,51.342812500003,68.763388671875,66.719990234375,73.0097705078125,58.7837060546892,57.3134765624967,62.2792089843713,44.9487500000027,37.0856811523448,46.3596533203085,0.359399681091277
"7436",-0.036518309116367,6.12543823242242,5.51848815918018,11.5213854980479,8.43736938476638,10.9710693359385,15.4467260742201,23.0851806640646,41.4700488281287,52.3075878906281,69.889189453125,68.3885546875,75.677783203125,60.2804052734392,54.9694921874968,60.7625195312464,42.2260058593775,35.9900659179698,43.5253906249962,1.08753700256338
"7437",-0.146837120056165,5.93666137695365,5.47196350097705,11.296962890626,8.64293029785233,10.9857922363291,15.4242846679701,23.2195190429708,41.9333349609412,53.6877343750032,70.257890625,68.44865234375,74.766875,59.4838281250017,54.4619140624968,60.2671777343714,41.760883789065,35.5968774414073,42.9877050781212,0.755508880615168
"7438",-0.096606941223153,5.73766723632864,5.45696533203174,11.2345812988291,9.11330444336019,11.1030139160166,16.1095043945327,23.9095458984396,44.0312792968789,56.6694091796909,72.31498046875,73.638154296875,79.2659130859375,64.3462646484394,65.5543505859337,69.4364550781209,49.1906347656279,38.9741357421886,48.7346386718707,0.147662372589098
"7439",-0.136832752227795,5.77055541992239,5.35405761718798,10.7811791992197,8.88366699218829,10.9159326171885,15.7199743652358,23.6094409179709,42.9159130859413,56.5384277343783,71.63892578125,71.992158203125,78.53203125,62.5729443359393,63.7614208984338,67.3097412109335,46.7575732421903,37.0374780273448,47.5254345703083,-0.008984794616698
"7440",-0.057115535736089,5.83716735839896,5.66842895507863,11.0666760253916,9.38385192871177,12.1812023925792,16.6603320312515,23.8810668945334,42.4602832031288,54.8630029296908,70.08326171875,69.6713134765625,77.3107568359375,60.6741503906268,61.1726757812464,65.3764990234336,46.8024707031278,38.0741088867199,47.1484033203084,-0.27328798294065
"7441",-0.03763458490372,6.04673339843804,5.80787536621146,11.1998889160166,9.45056518554772,12.4667883300792,17.0888293457046,22.8137866210958,42.6540087890663,54.6392773437532,69.758642578125,69.925537109375,77.8653076171875,60.7545898437518,62.4126611328089,65.6789111328086,45.6365820312527,36.3513330078136,47.9503808593708,-0.357188034057586
"7442",-0.048910617828374,5.86112792968802,5.6553222656255,10.8496630859385,9.33154235839927,12.0850781250011,17.0984375000015,22.8363134765645,42.5294384765663,53.9341796875032,69.9840625,70.07564453125,78.2650439453125,61.6563671875018,64.0337792968713,68.007763671871,46.2006152343778,37.0937841796886,47.3049707031209,-0.196891994476301
"7443",0.07190840721131,5.82639404296927,5.25471923828172,10.653144531251,8.6759875488289,11.8064367675792,20.0029284667987,24.1535668945334,45.5959570312541,58.2164453125034,72.0935986328125,76.13375,82.802451171875,66.4314550781269,68.961894531246,71.0077050781208,49.6415478515655,39.8827075195324,50.1914599609331,0.0834164237976
"7444",0.093438224792489,5.9091638183599,5.46768920898486,10.8598803710947,9.39096618652428,11.4324731445323,18.8471093750017,22.6312670898458,42.8736425781288,55.8596289062533,69.688388671875,71.44943359375,79.258984375,62.1097851562518,63.2579687499963,67.7970556640585,47.6153417968778,38.1804541015636,48.0456738281208,-0.441833229064903
"7445",0.013118054866792,5.86179443359427,5.33552490234423,10.5740893554697,8.96121704101642,11.4559692382823,18.7781909179704,23.0168823242208,42.8485839843788,54.8428955078157,68.24958984375,68.897470703125,78.261474609375,60.6212304687518,60.2261035156215,64.8430615234336,43.9339355468776,37.4490991210948,45.8949072265585,0.003881711959839
"7446",-0.128584136962902,5.84080688476615,5.3732873535161,10.7150927734385,9.43658325195397,11.1293884277354,18.3892956542985,21.5164868164082,41.3864746093787,55.1896240234408,68.504130859375,70.2100927734375,78.384013671875,60.9557275390643,61.5437646484339,64.6357910156212,44.9132031250027,37.3416015625011,44.8744335937461,0.097642211914054
"7447",0.070052871704108,5.87029968261771,5.3714807128911,10.7628881835947,10.5028100585947,12.0512646484386,18.9832666015642,22.0865844726582,41.9417578125037,55.1051757812533,67.818828125,66.58498046875,75.418935546875,56.8357812500016,52.7430566406219,59.5534374999965,42.9807226562526,35.218417968751,41.9544873046838,0.450944519042929
"7448",0.048985338211064,6.18672729492243,5.53274780273487,11.5785107421885,10.3644396972665,12.4922949218761,19.8860339355486,21.952822265627,41.0157128906287,55.8325878906283,67.9603564453125,68.724599609375,75.7390869140625,58.7866113281267,59.3050781249965,64.5310400390587,45.0500537109402,37.4259179687511,45.718847656246,0.326007919311495
"7449",0.095203657150277,6.00034423828178,5.36101318359423,10.769843750001,9.80490783691494,11.8719384765636,18.7218945312517,21.8235498046894,42.0156542968788,58.3554785156285,70.2526416015625,74.52244140625,80.489638671875,62.9451953125018,66.4186035156211,69.9022851562459,50.2639404296905,40.2418115234387,49.4212988281207,-0.200529518127424
"7450",0.027328872680667,6.08269470214898,5.78680297851614,11.6962585449229,10.2823461914072,13.0712182617199,19.5285900878924,22.2006103515645,41.6664697265662,58.789838867191,70.08173828125,73.884638671875,80.331064453125,62.5288525390643,65.2318066406212,70.4105957031208,51.5827783203156,39.4107910156262,50.2063769531206,0.165693397521958
"7451",0.071102514266974,5.81442260742239,5.84461730957083,11.3682495117198,9.8312854003915,11.9917065429698,18.1056542968766,21.5687158203144,41.7860058593787,56.5580908203159,69.290859375,71.777607421875,78.197080078125,61.0307226562518,63.1683496093713,68.6370312499959,49.6262841796905,39.6447534179699,49.6032275390582,-0.106974658966055
"7452",-0.072555060386664,5.65958740234425,5.70692199707082,11.6418188476573,10.1498919677743,12.4294665527355,20.2263134765643,23.3331811523458,43.1829687500039,57.6895166015659,69.72759765625,72.4300634765625,79.5526611328125,61.5808886718768,61.1306445312464,65.6833984374961,46.7393701171903,39.2651098632824,48.4026269531208,0.130615854263294
"7453",0.028410127162936,5.83963989257865,5.59481323242237,11.7297387695323,9.51962280273522,12.2364660644542,18.7759448242204,22.401386718752,41.7082324218787,57.4381103515659,70.075185546875,71.5073876953125,77.997734375,60.5011083984392,56.3897460937467,62.7708984374963,44.5451904296902,37.5533984375011,46.2378857421835,0.6451309204101
"7454",0.055395498275762,5.7239031982427,5.84763916015677,12.2857348632823,10.3372753906259,14.3969299316419,20.5661718750018,24.823601074221,46.1691357421916,58.606567382816,69.5655810546875,73.3086962890625,77.440048828125,61.3446582031268,60.299379882809,65.1577392578086,48.7293701171904,39.8712695312512,48.8506494140582,-0.023942909240721
"7455",0.160301265716567,5.99766967773491,5.97617370605522,12.4520092773449,9.64464538574305,14.6119360351576,21.3148730468769,24.4062744140647,44.7400146484415,58.930620117191,70.28953125,72.5664453125,77.825380859375,61.1498828125018,57.7291992187466,63.2675585937463,47.2030078125028,39.0403833007824,48.7408984374957,0.107573385238638
"7456",0.459409713745158,5.88330139160209,5.8989001464849,12.2880786132823,9.58747314453211,14.7204638671888,20.3424658203143,25.041179199221,46.4645556640666,60.5360498046911,70.4453173828125,72.6792578125,78.53359375,62.0193115234393,59.8153027343715,64.5615039062462,47.4146777343778,41.2777636718762,48.8026318359332,0.45071331024166
"7457",0.549170455932666,5.9359655761724,5.98706054687553,12.1747375488292,9.45417419433678,15.8052099609389,20.6600170898456,25.5263500976585,48.4822753906293,61.6620751953161,70.728828125,71.884814453125,78.5579541015625,62.4194677734393,58.3898242187466,64.1848095703087,45.3647851562527,41.6588281250012,48.7474707031207,0.634754180908148
"7458",0.689831390380921,5.71533691406301,6.21538085937555,11.7895349121104,8.4268139648445,15.1112145996107,19.0685327148454,24.8436279296897,47.7955322265668,64.0041210937538,72.373203125,73.626279296875,80.594638671875,64.2818066406269,62.0864599609339,66.4814990234336,47.4130566406278,40.7406616210949,48.3445263671833,0.547213668823194
"7459",0.530697593689012,5.70439270019582,6.36225769043025,12.2765649414073,8.61350463867264,15.8603613281264,19.143029785158,25.519177246096,49.8213378906294,65.1005371093789,74.3860205078125,75.5323828125,82.632744140625,65.2667382812519,58.6114453124966,64.0994921874962,44.6827636718777,40.2792382812512,46.4903955078084,1.56783569335924
"7460",0.504593772888229,5.72476501464895,6.35903198242244,12.0163293457042,8.31040161132887,15.7999792480483,18.7371630859392,26.4700146484399,51.0727685546921,65.5522265625039,75.1323486328125,75.8396484375,83.44705078125,66.7123974609394,62.1174902343714,67.0424658203085,46.7808105468778,41.7966455078137,46.6086181640584,1.23642623901356
"7461",0.616337394714411,5.51103759765674,6.39929443359432,11.8919726562511,8.25139160156324,14.7266674804701,17.7182226562516,25.6293847656273,49.1482031250044,61.2489160156286,71.728388671875,70.581591796875,79.847919921875,64.9832421875019,62.4692675781213,67.602148437496,48.4769335937529,41.6667138671887,45.1988525390586,0.766652526855402
"7462",0.748555145263739,5.52927124023487,6.59780212402403,11.5468420410167,7.69012573242256,14.0775549316419,18.8472619628923,27.8092211914087,51.4612890625046,66.789023437504,74.5773193359375,75.5059521484375,82.65720703125,67.985566406252,60.0364550781215,64.7834082031212,46.8767773437528,41.1363964843762,44.8905615234336,1.62420471191392
"7463",0.857165222168045,5.55662353515675,6.4505383300787,11.4657092285166,7.59963378906318,12.9480761718762,17.5786743164078,26.1207714843773,49.9214843750045,64.5377343750038,73.2159033203125,74.634248046875,81.51958984375,66.3312500000019,58.1970996093716,63.5155566406212,46.1338867187528,41.5253173828137,44.0737841796837,1.50288116455065
"7464",0.675890197753967,5.36739990234423,6.24582153320368,11.1435803222666,6.90537658691468,11.5881481933604,17.193872070314,24.7022875976585,46.6932568359417,59.7698242187535,70.840869140625,68.4839990234375,77.740185546875,63.7982714843768,58.0638134765591,63.2285937499963,44.7390283203152,38.5250097656261,42.0042968749963,1.76877899169906
"7482",1.5287945556642,7.03990722656313,5.56742004394581,10.7828625488291,8.79999023437579,12.1262353515636,19.3893786621111,26.6140136718774,41.9917626953162,63.8981445312538,72.656982421875,74.856376953125,80.37623046875,62.7003027343768,66.9503271484336,67.475800781246,43.4783496093776,32.5548608398447,45.8696826171835,2.01089111328107
"7483",1.53782363891615,7.18703002929752,5.86244750976615,11.0690209960947,9.04906433105549,12.0837841796886,18.9956359863298,26.5743872070336,41.5602246093787,63.9737451171913,73.160615234375,75.2444189453125,81.71744140625,62.6941113281268,66.8090332031211,67.707412109371,43.1167382812526,32.5552661132822,45.717548828121,2.23952209472637
"7484",1.42239425659192,7.15181579589907,5.76579223632864,11.087343750001,9.07364562988362,13.7193286132825,20.4791259765643,28.45632324219,44.3301025390665,65.9298583984414,74.8256396484375,76.60509765625,83.24537109375,63.9314453125019,68.666376953121,67.7325634765585,45.8654687500027,34.0898974609385,47.1008740234334,1.73781448364243
"7485",1.34247955322278,7.06762939453188,5.83156372070365,10.9761791992197,9.13533203125082,13.0628735351574,20.3082373046893,27.2865747070337,44.748837890629,66.0521191406289,75.1856005859375,75.8649853515625,83.54708984375,63.5370166015643,63.2666406249963,63.5168994140587,42.18919433594,33.4869091796885,44.6169921874961,2.43656005859354
"7486",1.50587020874037,7.20417541503971,5.96690673828178,11.3661999511729,9.57209350586023,13.2470727539074,21.5135498046894,29.5542968750026,48.0336230468793,68.306806640629,77.050107421875,78.15470703125,84.259130859375,63.4223583984393,57.9111376953091,59.8308105468715,42.3582324218775,34.236591796876,43.1464697265587,3.20510345458956
"7487",1.42698333740247,7.06232482910219,5.96809753418022,11.1494592285166,8.34099121093824,12.4431787109386,21.0426220703144,28.4372460937525,48.1913623046918,67.142685546879,77.07107421875,75.73634765625,83.185029296875,62.5308789062518,54.4306054687468,59.8197363281215,41.09329589844,31.8043798828134,42.0646923828088,3.62511108398406
"7488",1.47749343872083,7.28733093261784,6.07779785156304,11.2668420410166,8.14158203125073,12.5048498535167,20.6209179687518,28.0985449218775,48.1075732421918,66.2449511718789,76.5967431640625,78.2358203125,85.7813671875,66.2669140625019,68.533251953121,69.3008544921834,44.4782958984402,33.1829248046885,47.2760644531209,2.62818603515602
"7489",1.34973724365246,7.2398559570319,6.0310992431646,11.0738586425791,7.98392822265696,12.2695922851573,20.4332702636737,27.958872070315,48.7958984375044,66.4199951171914,78.162275390625,80.2485009765625,86.570322265625,66.9113378906269,67.0806738281211,68.9616845703084,44.7089746093777,33.2588037109385,46.7845556640584,2.79993621826147
"7490",1.40869583129895,7.09193847656313,6.08665527343804,11.2218286132823,7.92281982421946,12.1137316894542,19.618967285158,28.5434082031275,47.7831005859418,64.6194580078163,78.10875,80.759951171875,87.756005859375,68.566982421877,74.7630224609331,74.2172705078081,48.0525195312529,33.429248046876,49.9695263671831,2.52059036254861
"7491",1.27461738586437,7.17940368652408,6.18469299316461,11.2546557617198,8.22417907714917,11.9777954101573,18.634251708986,27.6688281250025,46.5104394531292,62.1449804687537,76.403671875,78.9717724609375,85.9035546875,66.0989062500019,71.2245019531208,71.4949365234333,46.6100390625028,32.1139160156259,48.0768652343708,2.63520599365211
"7492",1.45371734619154,7.14251831054751,6.21967956543024,11.1033740234385,8.15175720214916,11.6867358398448,16.4648937988296,26.0455151367211,44.9741357421915,58.6871289062535,74.0772998046875,76.5494189453125,82.76037109375,63.1093652343768,69.3825488281209,70.1155566406209,47.6777148437529,32.1547875976572,47.6592529296833,2.30145065307597
"7493",1.49962188720716,7.1006256103522,5.97271667480522,10.4818164062509,7.85281921386789,10.7389916992197,14.9953845214857,24.6163085937522,44.1050097656289,56.8389599609409,75.287275390625,79.0953466796875,86.372314453125,66.4960253906269,75.0436279296831,74.946635742183,52.5940136718781,33.021796875001,50.6623046874956,2.2971337890623
"7494",1.41130157470716,6.89135009765686,5.78590942382864,10.2296508789072,6.91452392578187,10.3016210937509,12.9889221191418,23.3917260742208,42.9100195312538,56.2347070312533,74.54265625,78.0155859375,84.86041015625,63.7055566406268,64.7597021484337,65.4343066406211,39.1261181640648,28.0378906250008,44.0860693359337,3.28516632080049
"7495",1.44301086425794,6.79892883300842,5.85541687011771,10.0873376464853,7.34808349609441,11.1086303710947,15.0585205078138,24.4620410156272,45.8699853515666,59.0157910156285,77.011357421875,81.2386279296875,87.7438671875,66.9064550781269,68.422421874996,68.8902197265584,41.5956738281275,29.9064257812509,46.299804687496,2.95221191406224
"7496",1.23867340087902,6.6961376953131,5.9982525634771,10.2167218017587,7.67742309570381,10.9619653320322,15.3303417968764,23.7716528320334,45.8510449218791,59.5570312500035,77.110048828125,81.57029296875,89.092705078125,67.1779492187519,65.4383300781212,67.132050781246,41.02280761719,30.1531640625009,46.6828662109334,3.02874328613255
"7497",1.31571609497082,6.80817382812561,6.23978576660212,10.972031250001,7.91676818847727,11.8232641601573,16.1876928710952,25.8081152343773,46.6544824218792,59.6781835937535,76.767724609375,80.49662109375,87.33984375,67.4400927734395,70.5332324218709,71.4752441406208,46.4095556640653,32.3847900390634,50.6275976562456,2.57133972167946
"7498",1.35190414428723,6.88356506347718,6.24943176269587,10.6500183105478,7.76428039550851,11.2564575195323,15.8970507812514,24.8782714843772,46.4983691406291,56.6671679687534,75.572216796875,79.0729443359375,87.505283203125,68.4356396484395,75.9585058593706,75.9404980468705,53.2214111328157,32.1891992187509,55.5943554687451,2.52698028564431
"7499",1.39844589233411,6.88168701171936,6.35994018554744,10.722763671876,7.94738891601633,10.2058782958993,15.7209204101577,23.6141308593771,44.393369140629,54.8460302734407,74.1840576171875,77.696357421875,86.914921875,67.2385400390644,74.9535449218706,75.467084960933,51.8197265625031,32.2121069335947,56.1565673828076,2.66176483154274
"7500",1.33516967773449,6.94641235351624,6.36615539550838,10.8196960449228,7.96847412109446,10.0148016357431,15.9489465332045,24.7242578125022,44.578134765629,55.1965625000033,74.839453125,78.47853515625,87.508447265625,69.238593750002,81.3768847656202,82.2713964843701,67.234570312504,36.8750048828136,64.2335449218694,2.07001937866193
"7501",1.27388061523449,6.87359619140686,6.24981018066462,10.5469909667978,7.46980041503973,8.9287500000008,15.4997900390639,24.7280493164085,43.7056445312539,56.1527783203158,75.127392578125,80.0941455078125,89.918291015625,71.3187597656271,84.1069628906201,84.73723632812,70.6055371093792,38.2025878906261,75.3701855468684,1.99449707031233
"7502",1.28092163085949,6.97123596191468,6.35771667480526,10.7616674804697,7.92757873535227,10.5832348632822,15.5321325683608,25.7956372070336,43.4263720703164,56.3136279296908,75.74166015625,80.6350244140625,90.11662109375,71.7192675781271,83.6964648437451,84.50588867187,69.2006298828166,38.2367968750011,84.3208203124926,2.13071731567364
"7503",1.25403060913097,6.94061157226624,6.13836303710992,10.5352636718759,7.83160400390695,10.257071533204,15.0515576171888,24.879978027346,43.1973632812539,56.4385400390658,76.5468359375,81.7588623046875,91.717431640625,74.2647167968772,88.0522265624949,88.8387695312447,76.3699462890671,41.3951513671887,94.8910644531167,2.26899139404277
"7504",1.32907043457043,6.72115600585997,6.17133361816461,10.6488903808603,7.79106323242257,10.4045129394541,14.7227416992201,25.0962158203147,41.6985888671912,55.2888769531283,76.0580029296875,80.954677734375,91.587861328125,74.5141259765647,87.6261425781199,88.5024902343697,73.0755371093794,38.3830322265636,91.149589843742,2.27619415283183
"7505",1.31622711181652,7.04498168945375,6.33659484863338,11.4611560058604,8.82616699218829,12.0202307128917,16.8364270019546,26.7862646484399,44.2526074218789,57.1102001953159,75.78115234375,78.2629931640625,90.0485546875,71.1288818359396,80.2462207031203,81.5713818359327,61.3833007812537,36.7356152343761,87.8572363281173,2.78847137451148
"7506",1.19999771118175,6.98868896484437,6.22471618652399,11.0554248046885,8.10442199707103,10.9348608398447,15.2747253417982,26.1198657226586,43.4115234375039,57.3903955078159,75.741865234375,77.817109375,89.759453125,71.2264062500021,80.9959374999953,83.0373828124951,62.0972753906287,34.918925781251,89.1592187499922,3.04432128906223
"7507",1.12306564331065,7.24393066406315,6.40079895019588,11.7309899902354,8.43646972656325,11.5773950195323,16.521733398439,26.3954394531274,43.4277099609414,56.2634863281283,74.0568310546875,75.85537109375,87.258271484375,69.606123046877,78.6968798828079,80.4959228515577,59.7349609375036,36.7304003906261,84.4563476562426,2.83283996582007
"7508",1.1799659729005,7.48143371582098,6.49541503906308,12.6229736328136,9.13304504394613,13.4213439941418,17.8417578125016,26.6150097656274,41.9494433593787,55.2138818359408,72.1162890625,72.2559521484375,84.434970703125,66.0690087890644,72.7247460937458,74.9579785156206,52.4432519531281,34.8601538085948,81.0969433593679,2.97150634765599
"7509",1.29713104248058,7.33726379394597,6.5886798095709,12.6221252441418,9.80236267089931,14.02655029297,17.8446533203141,27.6727441406275,43.0979394531288,58.670639648441,75.1368359375,73.781611328125,84.98052734375,67.0922753906269,64.6969433593712,69.8238378906209,47.1828515625028,32.902167968751,75.8443554687434,3.48366088867157
"7510",1.37628631591809,7.55544982910224,6.66875671386778,13.4528015136731,10.2884411621103,14.6485876464857,19.888098144533,28.4412866210963,42.8658935546913,58.3012402343784,74.461650390625,74.401396484375,83.66462890625,65.6096093750019,61.5053515624964,66.3240722656211,47.6572460937528,34.405615234376,77.5204003906182,3.10993103027317
"7511",1.14515464782725,7.1587847900397,6.32875122070369,12.6716015625011,10.5796398925791,13.5675805664075,19.0317431640642,27.6832543945337,41.9446289062537,58.7034179687535,75.1229833984375,75.513837890625,84.74185546875,69.2088623046895,73.3452832031207,76.9226855468704,56.5683007812534,37.2563037109386,82.5644531249928,1.87773712158187
"7512",1.04756591796884,7.09515258789126,5.95053955078178,12.379217529298,10.3110375976572,13.1679357910168,18.611292724611,26.6725488281274,40.4815527343786,53.5417236328157,71.85943359375,70.7378125,82.2649609375,66.0475976562519,69.5964013671834,74.2443652343706,53.0906591796907,33.8672705078135,81.8461621093679,1.71012969970688
"7513",1.01319610595712,7.05740722656313,6.08871093750054,12.2891406250011,10.5544567871103,13.6931372070325,19.6363061523455,26.7018261718774,39.4927441406285,53.1353759765656,70.781533203125,68.230390625,80.6152880859375,63.7829882812518,63.6642871093713,69.5207714843709,47.9354687500029,33.324931640626,80.300800781243,1.85568328857406
"7514",0.823287048339917,6.69205993652403,5.63212585449269,11.148164062501,9.42114868164147,12.5683178710949,19.0614404296892,26.7492431640649,40.4530004882849,53.1056298828156,70.7999609375,68.1493408203125,79.246025390625,62.5299804687518,60.636225585934,66.7021630859335,43.6382324218776,32.0624218750009,74.4729980468685,1.70121368408188
"7515",0.90650978088387,6.80437133789123,5.5094171142583,10.830244140626,9.25740356445395,12.2232324218761,18.9696838378923,24.9023632812522,39.7846826171911,52.6868896484406,68.7612939453125,65.3626123046875,76.2977978515625,59.1289355468767,55.7632226562467,63.2401953124962,41.461235351565,30.8615869140634,72.0990478515562,1.42473022460925
"7516",0.957559432983484,6.76368408203185,5.82178100585989,10.5597851562509,8.85708923339923,12.6136181640636,20.2397143554706,25.659284667971,40.4728979492224,51.7750195312531,68.21361328125,63.82134765625,75.4003271484375,57.8049609375017,54.5624169921843,61.9603662109338,40.3454345703149,30.0531958007821,68.825449218744,1.20180610656728
"7517",0.802537231445384,6.70182373046935,5.77846679687552,10.8111047363291,8.96647338867268,12.9911450195324,20.2685375976581,25.5593310546898,39.736254882816,52.2650537109406,68.261103515625,66.212822265625,77.85154296875,60.4725097656268,60.7950585937465,66.3207031249961,42.062094726565,30.9668115234384,70.7335888671813,0.993280029296788
"7518",0.645541839599667,6.54098144531308,5.86182128906302,10.7049182128916,9.0075585937508,12.6173974609386,19.5477978515642,25.5975781250023,40.9438549804724,53.8131738281282,69.10876953125,67.8647802734375,78.914169921875,61.5138867187518,62.9092382812463,68.7364843749959,43.4656250000026,32.7580834960947,71.0483349609313,0.854697723388597
"7519",0.624162330627497,6.4173498535162,5.51732666015674,10.4088562011728,8.61232116699296,12.0593322753917,18.7812756347673,24.9719873046897,39.7447045898473,51.9103320312531,66.3189013671875,63.27181640625,74.240380859375,57.2546875000017,55.3349072265593,61.8210546874963,39.3543920898461,30.0925878906259,67.0059912109317,0.960794067382729
"7520",0.608723258972222,6.50765380859433,5.79977661132864,10.9943493652354,8.74547729492265,12.1589721679698,19.5486791992205,25.5189550781273,39.9796630859411,51.0133740234405,65.962119140625,62.2876025390625,73.93169921875,56.1937402343766,52.5304052734344,61.1586816406214,38.6027978515648,29.5675927734384,64.6371337890569,1.24969657897938
"7521",0.639775161743221,6.38190490722713,5.7676873779302,10.9497106933604,9.02290649414143,11.6813793945323,18.0521472167985,25.8012792968773,40.1772705078161,50.9122802734405,67.059697265625,65.199013671875,76.4507666015625,59.6465478515642,61.8273974609339,66.3886816406211,42.48460449219,32.9597924804697,66.6545849609317,1.07416763305655
"7522",0.498231964111373,6.42173278808651,5.56045898437549,10.9920825195322,9.27572082519614,11.7598596191417,18.6738403320329,25.8824414062523,40.7559643554724,50.351591796878,66.7612890625,65.3355126953125,76.825947265625,59.6982958984392,62.8206005859338,67.358349609371,42.28835449219,32.9016748046885,65.5419921874943,0.787714614868095
"7523",0.59131645202642,6.29123229980525,5.72138610839895,10.5376550292978,8.56961975097733,10.7889123535166,18.1544921875016,26.3871850585961,39.6483569335973,49.5438476562529,65.438779296875,63.730185546875,75.915224609375,57.6534472656267,59.469897460934,64.2496191406212,40.1652636718774,30.8142724609384,63.2266992187445,0.9677378845214
"7524",0.537632598877001,6.37256103515682,5.54026855468799,10.678603515626,8.00463867187571,10.4753930664072,17.9977233886735,26.2960180664086,41.3606542968787,52.0674755859406,67.5185009765625,66.3423876953125,78.546650390625,60.3920849609392,64.8282373046837,69.1212499999959,45.5519628906277,32.519335937501,65.0092236328068,0.393167304992641
"7525",0.502990989685103,6.24350952148493,5.74589721679739,10.8598693847666,8.31558593750074,11.0007373046885,18.9193627929704,27.0940283203149,43.6917822265664,54.6751416015657,69.721474609375,69.267919921875,80.1860693359375,62.2053466796893,66.4119970703086,70.8485351562458,47.9772070312529,35.6916625976573,65.8944238281192,0.388132324218716
"7526",0.605164566040093,6.14505310058649,5.65752807617238,10.8836669921885,8.00497314453196,10.4837963867197,18.0497705078141,25.208181152346,39.809077148441,48.3104296875029,65.82974609375,63.439970703125,76.227890625,56.8156933593766,58.6654492187466,63.3287695312462,39.5666894531274,30.6829541015634,59.5358886718698,0.766558380126886
"7527",0.423925590515175,6.02633544921929,5.55162658691456,10.8367163085947,7.67465454101631,10.699726562501,18.1773657226579,25.3332739257835,41.2414160156287,50.9765185546905,66.996923828125,65.217978515625,78.7864111328125,59.4478417968767,63.2437402343713,67.728076171871,44.7077343750027,32.646386718751,60.7314111328072,0.174223861694321
"7528",0.510691146850632,5.92085083007865,5.58900939941456,11.0487536621104,7.54474670410224,11.0409265136729,18.0647839355485,26.4909545898461,44.1300537109414,54.6517382812532,69.425498046875,68.9363623046875,81.49828125,62.4058984375018,67.831816406246,70.3333984374958,49.5191455078155,36.0378662109386,62.3608789062446,0.257591629028298
"7529",0.423045272827186,6.10666748046929,5.62807434082081,11.9186755371104,8.56143188476639,12.1411828613292,19.4620263671892,27.8883496093775,45.6421337890666,57.0855273437534,71.007900390625,70.670556640625,82.568642578125,63.0985351562518,69.3966113281209,71.7682958984332,52.4405029296906,38.7003906250011,63.385249023432,0.3972520446777
"7530",0.469874191284222,6.01756713867241,5.89800354003959,11.8360327148448,8.71827697753984,12.4732031250011,19.604553222658,26.9477343750024,45.4206835937541,55.3553417968783,70.533017578125,70.216455078125,81.5672998046875,61.6148828125018,66.4723339843711,68.3956884765584,49.2484423828154,35.699072265626,60.1571484374947,0.653964767455998
"7531",0.366899032592806,6.23885131835993,5.96186828613335,12.1770654296886,8.73688964843828,12.690164794923,18.7754028320329,26.6205859375024,43.9896289062539,55.8979345703158,70.4053369140625,70.34888671875,81.5635546875,62.6265185546893,69.3764843749959,71.9137207031207,53.0234179687532,37.0545874023448,60.4197509765572,0.715253601074156
"7532",0.325972518920927,6.33776123046932,6.01354248046929,12.1281176757823,8.76832153320391,13.1024938964855,18.4590551757829,27.5048852539087,44.938847656254,57.9802050781284,72.629736328125,73.3513720703125,82.39578125,64.3629541015644,69.6376367187459,71.5921582031208,51.9886816406281,38.4473364257824,59.2791259765573,0.692571716308533
"7533",0.221664218902608,6.03567749023491,5.87797790527396,11.6166650390635,8.36553710937575,12.760877685548,18.3633068847673,26.5254736328149,43.2127392578164,57.3309863281284,70.8551123046875,71.0004736328125,80.188623046875,61.5337988281268,66.7277441406211,68.9045703124959,47.6170996093778,35.7224194335948,57.04471679687,0.165777015686021
"7534",0.201446075439471,6.09379943847711,5.92645263671928,11.3657250976573,7.71273559570381,12.9653540039074,17.3622338867203,25.3989941406273,42.4581591796913,55.3974658203158,69.9836669921875,70.90802734375,79.072529296875,61.2464355468768,66.1723583984336,68.5377929687459,47.9877246093779,35.8735522460948,54.4446874999952,0.110852355957022
"7535",0.30417671203616,6.00910278320366,5.79666259765677,11.3012426757823,8.14710693359448,12.3145739746105,16.7170800781265,24.3754174804709,41.8388281250037,52.4991455078156,68.187734375,68.150302734375,76.6073193359375,59.7193261718767,64.3124218749962,66.2158642578086,44.6419238281277,34.4529565429698,52.0676660156205,-0.112580223083486
"7536",0.208180732727069,6.22060546875055,5.9123474121099,11.7862304687511,8.64965576171952,13.2366796875012,18.4885363769548,25.9430102539086,42.7628857421913,53.9852050781282,67.6368017578125,67.800390625,75.11236328125,56.8741406250017,57.4491455078091,60.5686083984339,41.8226464843775,35.358398437501,48.2508251953083,0.396542587280239
"7537",0.282868633270289,5.99246520996147,5.9243395996099,11.3786828613291,8.22623046875073,12.405086669923,17.250659179689,24.9719482421897,42.4901708984413,52.7899169921906,67.5794970703125,65.7312060546875,73.70642578125,55.8089062500016,54.5684570312468,57.5397216796841,40.2062573242212,33.6350146484385,44.4982177734336,1.06900024414053
"7538",0.195070495605486,6.22004577636774,5.8662243652349,11.407089843751,8.74325622558672,12.8208544921886,16.6206066894546,24.741101074221,43.1345312500038,56.3030712890658,69.7131884765625,71.0913671875,77.1211669921875,59.5366650390642,61.2960742187464,63.1212939453088,43.3634863281276,37.4406933593761,50.3216552734331,1.15078575134267
"7539",0.266444587707543,6.33446838378963,5.91760253906303,11.4218225097666,9.11514770507894,12.8296520996105,16.4675976562515,24.9295825195335,43.1571923828163,55.1313378906283,68.69296875,69.187587890625,74.924267578125,57.7296972656267,60.5283398437465,60.4346484374964,41.7216210937525,36.0995019531261,49.3050976562457,0.902093505859296
"7540",0.198021736145037,6.35866516113338,5.58012634277394,11.0236706542979,8.50566528320388,12.1739257812511,16.1280895996108,24.3331054687522,43.2517724609414,54.3871875000032,68.5574951171875,69.354443359375,75.2826611328125,58.6939355468767,63.5581249999963,64.1718896484337,43.7015283203151,36.4553076171886,49.0561181640582,0.372230148315397
"7541",0.048824286460881,6.50215454101621,5.59440124511769,11.1589965820322,8.55281738281326,12.2142187500011,15.7340637207045,24.1465039062522,42.5744873046913,55.7690234375033,69.7034912109375,70.6493115234375,77.11673828125,60.5953515625018,64.6062109374962,64.3813525390587,44.5184960937527,36.4460913085948,48.7243359374957,0.530205574035598
"7542",-0.019583072662355,6.34735534668025,5.67848144531301,11.0373583984385,8.94554992675861,12.8571582031261,15.4642077636733,24.2312890625022,43.9912744140664,55.6398583984408,69.33470703125,68.854638671875,76.2999609375,59.3565283203142,60.9864355468714,61.4438671874964,42.7124707031276,36.0489892578136,46.8101074218709,0.689511413574159
"7543",-0.029478499889376,6.62059020996153,5.7380975341802,11.2502294921885,8.97077270507893,12.393699951173,15.2006958007826,23.7864233398459,42.7140869140663,55.3174414062533,69.382900390625,68.6015283203125,76.5352685546875,59.2839550781267,61.3890771484339,61.9796582031213,42.8543603515651,36.2699414062511,48.1324511718708,0.505767135620073
"7544",0.162040290832534,6.46049682617245,5.72673583984426,11.2171728515635,8.7323742675789,12.2535522460948,15.2811145019545,23.3062402343771,43.6452294921914,55.4394970703158,69.8377734375,69.9534228515625,77.2030810546875,60.9403515625018,64.9529052734337,65.5652880859336,44.2618847656276,36.8021630859386,49.3657617187457,0.797863922119071
"7545",0.042423334121708,6.50324035644589,5.79307128906302,11.3423645019541,8.59589599609452,12.3697998046886,15.9873437500014,23.1232202148458,44.6396240234415,55.9662158203158,70.4203662109375,70.1848828125,77.222861328125,61.6807519531268,64.7157128906212,65.0110937499961,43.2709863281276,36.3527685546886,50.2849414062456,1.10415382385244
"7546",0.073255023956305,6.6990576171881,6.05407592773492,11.9398498535167,8.79115173339922,13.0492712402355,17.1080444335953,24.8621533203147,46.3208056640666,58.1950000000034,70.7797900390625,70.184306640625,76.2224755859375,61.6911718750018,64.8201562499962,65.0375683593711,44.6194921875027,38.1128540039074,50.5446777343706,1.21182563781728
"7547",0.071425962448126,6.76920043945373,6.30402893066463,12.278944091798,8.49516967773513,13.1546655273449,18.0924792480485,25.2149804687522,47.2011376953167,59.9142822265661,73.1066796875,72.535537109375,79.898466796875,65.3239062500019,69.3707910156209,69.4710888671834,49.3063183593779,41.2161914062512,53.9753613281203,1.62197830200181
"7548",0.135938777923596,6.85753173828186,6.32794494628963,12.3398217773449,8.62413085937577,12.524012451173,16.8567883300796,24.4179492187522,46.2049755859416,58.904682617191,72.52365234375,72.5406689453125,78.843046875,64.2121826171894,66.8053271484336,67.3603759765585,48.2286523437529,39.7325439453137,52.7538623046829,1.93956558227522
"7549",0.126236076354992,6.48117492675839,5.89185119628959,11.6929711914073,7.53678894043036,11.5325341796885,17.3017407226578,24.5124633789084,47.6203808593792,61.2182812500036,73.7319384765625,75.53248046875,81.46005859375,66.9304296875019,70.8633349609334,71.8344628906207,50.760771484378,40.9340527343762,55.2454150390577,1.9513204956053
"7550",-0.010322189331056,6.77639160156311,6.29370849609431,12.2837219238292,8.45315979003982,12.250906982423,16.8452734375015,24.8129101562522,46.3946533203166,58.441948242191,71.389521484375,71.180126953125,77.32712890625,62.2392626953143,64.6962304687462,66.4529003906211,48.4429052734404,38.3557885742199,50.7711865234331,1.59609741210924
"7551",0.051183471679692,6.37397521972713,6.03420288085991,11.7275915527354,8.01478393554759,11.3835021972666,16.4561828613296,24.1018847656272,47.8333251953168,60.1903222656286,73.0458837890625,74.3954443359375,79.58029296875,64.9328906250019,67.2886718749961,69.0254736328084,48.6954638671904,39.5493164062512,50.6252343749956,1.85078567504867
"7552",0.005217990875245,6.57752502441465,6.10919616699273,12.149871826173,9.05169311523518,12.2897607421886,17.1091516113297,24.3724658203147,48.4856250000043,59.5447363281285,72.1124609375,72.86673828125,77.51541015625,62.0929785156268,65.0048046874962,67.9419873046835,48.8896386718779,39.5587988281262,50.2542333984331,0.40113517761227
"7553",0.071732997894294,6.48608703613339,6.20708862304743,12.3469580078136,9.7929846191415,12.8731945800793,16.7426989746109,24.5370410156272,47.4665185546917,57.4528808593784,70.3420166015625,69.841083984375,74.067421875,59.8749267578142,63.0330273437463,65.5773730468711,48.1220947265654,38.6123779296886,47.8941503906208,0.038086433410641
"7554",0.033543279170993,6.55132263183652,6.18529785156305,12.3479882812511,10.056485595704,13.3348254394543,17.7790966796891,25.3724755859398,50.817153320317,60.8736132812536,72.1454248046875,72.53599609375,77.152451171875,61.9361035156268,63.1767480468713,66.0321679687461,48.1626074218779,39.6773120117199,47.8205273437458,1.08068237304678
"7555",0.095349874496468,6.51413513183652,6.35732727050838,12.1547045898448,9.87238708496182,12.8559545898449,17.5399304199234,25.4831787109398,51.3335791015671,62.3744140625037,73.0065673828125,74.871044921875,78.9085546875,63.7860400390643,66.4144580078086,68.8545605468709,49.2533740234404,40.3361254882824,47.5814599609333,1.68592117309556
"7556",0.105070714950571,6.21515686035212,6.14164550781305,11.7809619140636,9.88634643554776,12.5458666992199,17.1546130371109,24.3859423828147,50.6578027343795,61.6574121093786,71.975615234375,73.4136279296875,77.71330078125,62.8591601562518,65.2994287109337,67.963935546871,49.6835107421905,40.0467724609387,46.9551123046834,1.14665573120107
"7557",-0.00102685213089,6.26954101562556,6.20319824218805,11.8052416992198,9.36051757812583,11.6485595703135,16.3616857910171,23.1099194335958,47.1483203125042,59.182104492191,70.32734375,71.403701171875,77.0351513671875,61.2613281250018,63.5073828124963,65.7824414062461,47.6324804687528,38.2769775390636,46.6176562499959,1.59221221923814
"7558",0.036808524131778,6.19727905273493,6.18206176757868,11.758867187501,9.4131451416024,12.0470666503917,17.5922314453141,23.1540014648458,46.7008203125042,57.6266796875034,69.3025439453125,69.9002392578125,76.2953515625,60.0090039062517,59.6106933593715,63.9210156249962,46.2537353515653,38.2502099609386,43.8749218749962,2.08475494384747
"7559",0.039545941352848,6.68671020507872,6.6325567626959,12.4678540039074,10.5803796386728,13.3395629882824,20.3760131835956,24.0747387695334,47.8106591796918,60.2617529296911,70.7701904296875,72.80994140625,78.874091796875,62.4688427734393,66.7088281249961,69.4059082031209,51.5739648437531,41.3206445312512,50.1226513671831,1.41273529052722
"7560",0.084966287612923,6.36362182617244,6.31832336425838,11.9507019042979,10.362022705079,12.7501928710949,18.9344580078142,23.9852197265646,46.5665625000042,58.6524023437535,69.787998046875,72.4862841796875,78.63470703125,61.6116406250018,66.3274902343711,68.5912011718709,50.1895751953155,40.8352612304699,48.7284277343707,1.04987426757803
"7561",0.200870285034198,6.40794433593807,6.26970947265681,11.8478723144542,10.3339904785165,13.2110888671887,20.8928076171894,23.5045312500021,47.8097900390668,58.4853027343785,69.675810546875,72.447744140625,79.52310546875,61.9200927734393,65.6981835937462,67.973652343746,49.6277490234405,40.6973706054699,49.0436230468707,1.34367675781238
"7562",0.084112434387215,6.1635327148443,5.98807495117241,10.9728967285166,9.4413775634774,12.1542700195323,20.2483789062518,23.4853637695333,49.0998632812544,61.9873291015662,71.9309521484375,75.25873046875,82.451865234375,64.8066357421894,70.6671337890584,72.6707275390582,52.6919140625032,42.5869531250012,51.0070410156206,1.23224647521962
"7563",0.126575307846081,6.30451477050837,6.37336791992244,11.740566406251,10.6013378906259,14.415114746095,22.8636474609395,25.1025830078147,49.1671093750044,59.3272851562535,69.134111328125,69.7533203125,78.9319287109375,59.2959960937517,59.985395507809,62.7974316406213,45.6310693359402,39.4319140625012,44.9128515624961,1.45249389648425
"7564",0.202826499938983,6.41576843261776,6.1960668945318,11.3764782714854,9.82181640625088,12.9281127929699,20.3110229492206,23.8510034179709,46.5500097656292,60.1603613281286,70.4998681640625,70.02791015625,78.82287109375,58.9100976562517,53.7157421874969,57.1365039062466,42.7830859375026,36.6259277343761,41.3434619140589,2.19887908935528
"7565",0.203468112945575,6.42595031738339,6.31191040039119,11.7514331054698,11.4635266113291,13.7715051269544,21.7009106445332,23.7796777343771,47.3594042968792,59.8796533203161,69.32107421875,70.9601416015625,79.019541015625,60.0072265625017,59.5830371093715,63.6717089843712,47.4107666015653,39.0046777343761,44.1759179687461,1.13956329345693
"7566",0.244298629760764,6.59876586914121,6.33920959472713,12.0201660156261,11.2234191894541,13.4073815917981,21.7472387695332,23.4179809570333,46.8304345703167,60.3839746093786,69.2158154296875,72.30900390625,78.575751953125,60.1315087890642,62.8935156249963,67.226376953121,50.362500000003,40.5204663085949,47.3999169921834,0.259098548889138
"7567",0.23493356704714,6.54912048339902,6.43846191406308,12.2522265625011,11.8744506835948,14.04633544922,22.3154931640645,24.7490917968772,49.6753613281294,60.9303222656286,69.0932568359375,72.026064453125,77.365498046875,59.8194189453142,61.9413964843714,66.1939746093711,49.424365234378,41.1649902343762,47.8894140624958,-0.026171607971189
"7568",0.139297475814832,6.50641662597714,6.54671142578183,12.5213220214855,10.787744140626,13.53666748047,22.146044921877,23.4004833984396,49.5670312500044,61.2490332031286,69.821787109375,73.351376953125,78.885419921875,61.0564843750018,63.4162011718713,68.4681347656209,51.4917822265656,40.9263818359387,50.3390820312456,0.504849777221636
"7569",0.440714416503946,6.71574829101622,6.87624267578186,12.8765332031261,10.704394531251,13.5729064941418,21.2463330078144,24.3573413085959,49.1920214843794,61.7222900390662,69.9848388671875,73.3180712890625,78.939345703125,61.2346972656268,63.9131201171838,68.4337597656209,51.5814746093781,41.6305078125012,50.4428417968706,0.461478118896444
"7570",0.438715667724648,6.45434082031308,6.66786621093809,12.7372753906261,11.3786145019541,13.6239245605481,21.6987915039082,24.2105029296897,48.6712548828168,60.7837646484411,69.091826171875,72.9665234375,79.13986328125,60.7108105468768,61.4874609374964,66.5109960937461,49.1424169921904,40.5746215820324,49.0643359374957,0.285564270019506
"7571",0.350448608398469,6.37956054687557,6.59816284179746,12.6025720214855,10.5685107421884,13.8341113281262,20.9279199218769,23.9460351562521,46.5402783203167,59.2683593750035,68.14046875,69.2094677734375,76.10173828125,56.4177050781266,51.197802734372,58.7137402343715,43.9156542968776,37.4366406250011,44.5273828124961,0.957035446166909
"7572",0.339580001831085,6.23767150878962,6.64292541503966,12.4887622070324,10.3977929687509,14.8810278320326,21.1206982421894,24.2139672851584,47.1660644531292,58.9048046875035,68.466298828125,70.148525390625,76.92802734375,58.1605468750017,53.9475878906218,60.0358447265589,45.1332812500027,38.1563574218761,46.4573388671834,0.630298919677679
"7573",0.502048606872603,6.39928100585995,6.64346740722716,12.372684326173,9.5244946289071,15.2697460937514,20.7990673828144,24.9016308593772,49.0344970703169,62.5712060546912,71.04681640625,73.7023193359375,79.152841796875,61.4580957031268,58.1454003906216,63.6951660156212,47.0662792968778,39.9614257812512,49.2728613281207,0.93162155151359
"7574",0.776229629516671,6.38149597168026,6.8915203857428,13.0829809570324,9.83380554199307,16.4428576660171,21.5687451171894,25.5495166015648,50.8006542968795,64.1507373046913,71.61111328125,74.88158203125,80.25138671875,63.4327832031268,59.949721679684,64.7376513671837,48.4404638671904,42.8619238281263,50.0099365234331,1.0294403076171
"7575",0.841380691528395,6.35253234863338,7.10790527343813,13.1773925781262,10.3113525390634,17.7153100585953,22.6149951171895,27.0584252929712,53.2089208984422,64.7124902343788,70.8855810546875,72.845390625,78.453974609375,60.9386425781268,55.7809374999967,62.2216357421838,46.1208300781278,42.7756396484387,47.6819433593708,1.2019001007079
"7576",0.899202728271565,6.22825866699274,7.05539672851626,13.0793383789074,9.66095092773524,17.1674609375015,21.920400390627,27.1813720703149,53.7201367187548,66.0017285156289,71.912236328125,74.4273486328125,79.6317724609375,62.3331396484393,60.047211914059,64.9051806640586,48.0851367187529,43.1649853515638,48.2179150390583,0.36558769226071
"7577",0.83268203735359,6.06013183593804,6.9527429199225,12.9480493164074,9.54915649414148,16.6325463867202,19.9481433105487,26.1114501953148,52.5122558593797,64.2604687500038,71.28783203125,72.0551611328125,78.6545849609375,62.0150000000018,57.7159326171841,63.4300097656212,45.5830664062527,41.4743701171887,46.7420019531209,0.627688560485785
"7578",0.914262771606527,6.23612304687556,7.27001281738346,13.5994274902356,10.1134179687509,16.8871057128921,21.1779223632831,27.3441137695337,53.4850830078173,66.989531250004,73.923037109375,75.9224609375,82.2128125,65.5471337890644,62.9086035156213,67.8063037109335,50.158251953128,43.9405566406263,48.2662890624958,1.13107078552236
"7579",0.790263214111399,5.99098754882866,7.43247436523504,13.1362719726574,9.72723632812587,15.6637280273451,19.7764733886736,27.0029467773462,52.9132519531297,66.5923583984414,74.0352734375,74.539833984375,82.2815625,65.5498144531269,59.9352636718715,65.9636279296836,47.8502343750029,42.0775390625012,45.486357421871,1.3829603576659
"7580",0.95026000976571,6.04290893554741,7.50862060546942,13.0973291015637,9.47246032714928,15.4849206542983,19.7621191406268,27.66228027344,51.5127636718796,65.8714550781289,73.7866650390625,74.92015625,83.04826171875,67.0013916015644,61.9591552734339,66.2512451171836,49.1833251953154,43.7380566406263,47.0927392578084,1.72570434570297
"7581",1.0957975769044,5.64612854003957,6.82469848632873,11.3238000488291,6.97418090820375,11.1612951660166,14.4092004394544,22.9521240234395,47.3641845703167,63.8080664062538,74.0293359375,74.95947265625,83.785478515625,69.265068359377,64.3467187499962,69.6417822265584,47.6853808593779,41.6833203125012,47.9326367187458,3.07025909423801
"7582",1.07578742980967,5.76408325195364,7.23186157226627,11.6329028320323,8.1316638183601,11.1586828613291,15.5695361328139,22.364257812502,43.7162353515664,60.5205566406286,71.684091796875,70.856259765625,78.8811279296875,64.7815136718769,58.5232177734341,64.6729248046837,43.9388134765651,38.7247412109386,43.8499121093712,2.03192382812482
"7599",1.82511123657243,7.49474487304754,6.315624389649,11.324433593751,9.05325012207112,12.3194958496105,18.3430920410173,24.0302636718771,40.6719384765661,59.777338867191,70.3533935546875,70.087734375,77.5291943359375,58.8342871093767,63.2260839843713,64.8207421874962,41.4161621093775,31.1423706054697,43.2166064453087,2.57728485107399
"7600",1.77081680297867,7.40610656738347,6.55228515625058,11.3512561035166,8.82903076171954,11.8762756347667,18.1219018554704,24.661042480471,41.7394824218787,62.3387744140662,73.0850732421875,74.734931640625,81.98375,62.5202490234393,68.340429687496,68.6065527343709,44.5802050781277,32.2176538085947,45.365585937496,2.31201766967753
"7601",1.73315338134781,7.45823486328192,6.37712036132869,11.7694860839854,9.29522766113364,13.2480541992199,19.6684741210955,26.7485693359399,45.0637060546915,65.4739453125039,74.748251953125,74.488876953125,82.015458984375,60.9394335937518,59.916674804684,61.8297070312463,42.6195996093776,33.433574218751,41.5754150390589,2.97936492919896
"7602",1.72631134033219,7.5387072753913,6.30811645507869,11.4842700195323,9.09113037109456,12.5133984375011,19.8291442871111,27.5588769531275,46.6600000000042,68.284511718754,77.344697265625,76.37248046875,85.136796875,62.1798779296893,53.7777148437468,58.3289941406215,41.145375976565,32.8151220703135,41.7946533203089,4.05464996337855
"7603",1.71763534545914,7.26570129394596,6.20886596679743,11.6149011230479,8.45705444336013,11.2228662109385,18.5204052734392,26.3090258789086,45.5890966796916,63.8486816406288,74.6869384765625,69.8302880859375,80.2116796875,55.8011279296891,43.6243164062475,51.7545214843719,38.342995605471,29.1601635742196,37.559436035153,4.47315460205039
"7604",1.74811050415055,7.41135864257879,6.31174194335994,11.4103356933604,7.62870300293037,10.6856433105478,17.9940344238297,25.3946533203148,44.8760400390665,62.7786328125037,75.081396484375,72.019208984375,81.730986328125,57.3416113281267,46.9746191406223,54.4271923828093,38.0790673828148,28.8735302734383,39.6313281249965,4.65084655761678
"7605",1.72329040527359,7.69776245117256,6.62395507812559,11.8947180175792,8.16667907714917,12.3579760742199,18.9853881835954,27.527309570315,47.4059228515667,64.9050146484413,77.05271484375,76.193798828125,85.0454296875,63.0491601562518,60.6057226562465,63.5158398437462,42.2606054687525,32.594716796876,43.9743652343712,4.19888549804651
"7606",1.61934738159194,7.55905517578192,6.27322509765681,11.179257812501,7.02090454101625,11.9455822753917,18.2444140625016,25.9706298828148,46.8330126953167,63.1229785156287,76.8781201171875,77.719599609375,85.671259765625,64.0178613281269,62.1604980468714,65.2970410156211,41.3242871093775,31.0894555664072,44.2540039062461,3.89852600097622
"7607",1.50745361328138,7.66917480468818,6.74083923339904,12.0180957031261,8.13976684570385,13.3388012695324,18.7852697753923,27.5656738281275,49.0497460937544,63.5476513671913,77.02537109375,78.6139306640625,84.58353515625,64.3873876953144,66.0658642578086,68.036269531246,45.2828662109402,33.0321020507822,47.4541210937459,3.53757934570282
"7608",1.66080581665054,7.56169921875067,6.90147094726624,12.0086132812511,8.30349975586012,13.3533081054699,18.1298522949235,27.0003100585962,47.7670800781293,60.8694433593786,75.2659375,77.459208984375,84.260517578125,63.8358251953144,70.8310253906209,72.1578613281207,48.8808593750029,33.2596044921885,50.1268359374956,2.70587188720679
"7609",1.70307952880875,7.69793212890694,7.02044616699281,11.9827062988292,8.41518554687575,12.8642578125011,17.4945092773453,26.2040283203148,48.8401855468794,61.1725976562536,75.36810546875,78.2018359375,84.3852734375,63.8300830078144,71.2768505859333,72.6280322265582,51.4156542968781,32.6911987304697,49.4702587890582,2.39525192260721
"7610",1.7064331054689,7.45071533203191,6.8414715576178,11.448681640626,7.91596557617258,11.3909008789073,14.7145019531263,24.0167333984396,45.8627783203166,56.5613085937534,73.7579296875,76.4439892578125,83.02978515625,62.6643603515643,71.1737695312458,72.1247753906207,50.7300732421905,32.5660717773447,51.342612304683,2.58748840332009
"7611",1.73251754760758,7.54279663086005,6.79959167480529,11.7170910644542,8.09779235839916,12.6503833007824,14.2173437500013,23.4516992187521,45.6066210937541,56.2737792968783,73.63490234375,75.1563427734375,83.4007421875,61.5299316406268,64.4369140624962,66.5459423828086,44.7124511718777,30.1525390625009,48.9784667968707,3.39100219726533
"7612",1.74310562133805,7.44949707031316,6.90409790039124,11.4626892089854,8.05402526855541,11.7804211425792,14.1942285156263,23.3935400390646,45.4756445312541,55.7371923828158,73.759580078125,76.1733154296875,83.72013671875,61.5057568359393,61.1761865234339,64.0498730468712,41.4040234375025,29.2083837890634,48.2124609374958,3.37107482910127
"7613",1.66363800048843,7.33455444336003,6.62673461914122,11.0510815429697,7.75029357910225,11.2533520507823,14.922750244142,22.9045532226583,45.9388085937541,56.5196044921908,74.1903076171875,76.848505859375,85.01990234375,63.4174414062518,67.653232421871,69.3089648437459,47.1712158203153,30.1250756835946,50.7544287109331,2.85155883789038
"7614",1.59279144287124,7.33237121582097,6.95516845703187,11.7599304199229,8.410891113282,12.0429345703136,15.7434741210952,24.4388183593772,45.8111865234416,56.1531689453158,73.1603466796875,73.95228515625,82.533115234375,60.8216601562518,62.7681347656213,65.2756347656211,45.8214306640652,31.1557226562509,49.8891162109331,2.64583251953102
"7615",1.5880328369142,7.43297912597723,7.12843872070376,12.0859033203136,8.27081909179761,12.3228479003917,16.4182055664077,26.0244384765648,48.3325244140668,58.5413867187535,74.382705078125,76.6299169921875,85.298623046875,64.1682910156268,71.0978613281208,72.7635156249957,53.1603320312532,35.1039794921885,54.9162499999952,2.52349716186501
"7616",1.57197540283217,7.43799072265691,7.20198608398502,11.6489294433604,8.38045959472731,11.6029064941417,16.1169628906264,25.7063403320335,48.3047314453168,59.5300585937535,75.1986962890625,78.378857421875,87.407265625,67.2288232421894,79.1320898437454,79.8656640624953,63.5732812500038,35.3519189453135,61.5894384765571,2.16452911376934
"7617",1.72025650024429,7.21721130371158,7.13154541015689,11.6821020507823,8.46352539062576,11.1847021484385,16.5710913085952,25.7600146484398,46.8921679687542,58.271284179691,74.3204150390625,77.669189453125,86.504072265625,66.7221484375019,78.9932617187454,79.7658496093703,65.1361621093789,36.1263720703136,63.0744628906195,2.26268280029277
"7618",1.51275741577162,7.28514282226627,7.15467041015689,11.8131884765636,8.14643676757885,11.1770300292979,17.0806542968765,26.1204492187523,45.5616503906291,56.5015625000033,72.885693359375,76.571494140625,85.0937890625,65.6827294921894,77.174467773433,78.1472949218704,64.5363134765664,35.2144995117198,67.4601025390566,1.91192794799788
"7619",1.57376571655287,7.39147521972722,7.17559814453189,11.4354614257823,7.97274536132884,11.6423767089854,16.4590917968765,27.3843798828149,46.4315820312541,59.166879882816,74.610830078125,79.432353515625,87.543671875,68.724892578127,80.5078417968703,81.4933007812452,67.7090869140665,36.8164794921886,74.610004882806,1.96719375610334
"7620",1.52075942993178,7.43605773925848,7.02121704101625,11.6759326171885,8.34785034179762,11.7397912597667,15.6684008789076,26.5039550781274,45.6089306640666,60.1327246093786,75.186162109375,79.5891015625,88.72111328125,69.359648437502,81.4016113281202,82.5450488281201,69.7667773437542,36.2284277343761,80.385361328118,2.25638626098613
"7621",1.50012207031263,7.51826049804755,7.17556274414126,12.0450878906261,8.73078857421953,12.0546215820323,16.0321240234389,27.1045117187524,44.0614892578164,58.893920898441,74.811162109375,79.456923828125,89.33083984375,70.7463574218771,82.5597070312452,84.11827148437,70.5832226562542,37.4666308593761,81.8071533203054,2.33367462158183
"7622",1.42624847412122,7.32339538574284,6.82461181640686,11.5770861816417,8.37831604003981,11.3074304199229,15.576617431642,26.8950024414086,44.2313964843789,59.8914160156285,75.9265234375,80.324755859375,89.968115234375,71.3389257812521,82.2044335937452,83.701582031245,67.8133984375041,37.3606152343761,80.471220703118,2.51860900878884
"7623",1.37882141113294,7.48371398925848,6.95004394531312,11.7549279785167,7.93771606445383,10.6704516601572,14.9036083984388,26.4008129882836,42.2105175781288,57.8636523437534,74.17134765625,77.8026220703125,87.471826171875,68.7018310546895,79.9101464843703,82.2608984374951,66.0310888671914,34.720009765626,78.8088964843681,2.7170452880857
"7624",1.35289245605481,7.5945666503913,6.91161987304749,11.8291528320323,8.0161590576179,10.9927661132822,16.289653320314,26.7678442382836,42.3307080078163,58.0526416015659,73.670400390625,75.444814453125,85.980048828125,66.7236523437519,75.5352294921831,78.0674560546829,59.9608886718786,34.628183593751,74.875541992181,2.97646118164036
"7625",1.36015289306653,7.9506707763679,7.14237304687564,13.0352014160168,8.83490112304766,13.0562573242199,17.7699169921891,26.9978369140649,41.5898730468787,56.2765576171908,71.9013671875,72.73529296875,82.79134765625,63.3816113281268,66.8315771484336,71.2431054687458,50.4341943359405,32.8612036132822,69.6041601562439,2.81422637939429
"7626",1.60996276855483,7.8749023437507,7.36742553711003,13.4908837890637,9.51831542968835,14.1586828613294,18.3733593750016,27.7283764648462,42.4348632812538,58.364643554691,73.2244091796875,75.1290625,84.28310546875,67.2339892578144,75.9501123046831,78.7609667968703,59.7922021484411,37.0454248046886,73.6591406249936,2.61782592773415
"7627",1.57654144287123,7.7386260986335,7.15030944824283,13.1790600585949,9.25721801757895,13.8255615234387,18.7267724609392,27.9631250000025,42.0216015625038,61.0985546875036,75.095830078125,76.64423828125,86.637314453125,70.0304833984395,77.6716406249955,80.9176708984327,60.9001171875036,37.4150268554698,75.5568359374934,3.19238281249972
"7628",1.39612518310559,7.83721984863351,7.40385864257879,13.8603015136731,10.7188928222666,14.989761962892,20.4129626464862,28.8443481445338,43.8519091796914,60.8976611328161,74.4719775390625,75.276904296875,83.46240234375,66.9051513671894,72.5833593749958,76.356567382808,57.1585449218784,38.2939306640636,73.4802441406186,2.45807189941385
"7629",1.30901580810559,7.44044677734441,6.957181396485,13.3860644531262,9.95510986328214,14.6536340332044,19.6798474121111,27.8092016601587,43.0501171875038,61.8633496093787,74.239873046875,74.1815234375,82.941328125,66.3230273437519,69.9398437499959,74.5960253906206,55.5822802734408,37.4447753906261,72.0743798828062,2.51439987182595
"7630",1.33375183105481,7.55220458984442,6.92271545410218,12.9957739257824,10.6043041992197,14.5949694824232,20.4962207031268,28.1624291992213,42.6624169921913,58.2686035156285,70.9105859375,69.16720703125,78.0256640625,60.5495507812518,58.3357031249966,64.7163378906212,44.7643652343777,32.3859912109384,65.7024658203068,2.67368194580055
"7631",1.25070335388195,7.10497558593813,6.72947143554748,12.3734375000011,9.95244628906339,13.2227661132824,19.991789550783,27.7654272460962,41.1279589843787,54.5147167968782,68.412890625,65.110146484375,75.495087890625,57.2045312500017,52.2006738281219,60.1738867187464,40.3913330078149,29.4185791015634,61.1610742187447,2.72861572265601
"7632",1.16805038452159,7.09889648437563,6.51271057128964,11.8347155761729,9.01295959472737,12.4973217773449,19.3384326171892,25.8430688476586,40.7181323242224,53.0933203125032,66.895302734375,63.49373046875,73.383017578125,55.6226904296891,55.3221386718718,63.1249804687463,41.9297558593775,29.0496826171884,62.4387402343696,2.35736251831034
"7633",1.23260986328136,7.04243286132875,6.63217712402403,11.4813012695323,8.51381591796951,11.7893713378917,19.411408691408,25.3502246093773,40.0519482421911,52.6434228515656,66.888369140625,63.5679345703125,73.37908203125,55.9269287109391,55.2628466796843,62.1362792968713,42.2839257812525,30.3513037109384,60.9672802734322,1.91938430786116
"7634",1.05678985595713,6.991204833985,6.49329162597714,11.8081066894542,8.56077026367264,12.7654235839855,19.8495068359393,25.3658520507835,39.289418945316,51.9871777343781,66.3897509765625,63.475087890625,74.00451171875,56.8528320312516,58.8471582031216,65.1192480468711,42.0576269531275,30.3729394531259,62.0432275390571,1.74990417480453
"7635",1.00123023986825,6.95290649414124,6.75476867675841,11.8101049804698,8.79848388671954,12.645760498048,18.9936584472673,24.5798730468772,38.3456103515659,49.2394189453154,64.06623046875,61.012568359375,72.008564453125,54.6644531250016,55.8246142578092,62.4608984374963,39.3832470703149,29.3119165039071,60.0993652343697,1.75431442260727
"7636",1.0413963317872,6.52470336914121,6.4068957519537,10.917851562501,8.14147949218823,11.9968481445323,18.4287744140641,24.6684667968772,38.8981274414097,50.6863330078155,64.088603515625,61.224990234375,72.170673828125,54.5334960937516,56.2808740234342,62.8401708984338,39.3949682617211,29.3297314453134,59.3229736328073,1.77852737426742
"7637",1.07853118896494,6.86253906250061,6.72066528320372,11.3116625976573,8.73732055664141,12.4454980468761,20.1052050781268,26.1946118164086,40.5659863281286,53.7169726562532,65.3898876953125,64.72921875,74.136572265625,57.0772119140642,60.1483496093715,64.7257421874962,41.3443945312525,30.5904785156259,62.3598730468696,1.62390426635728
"7638",1.03154998779306,6.59957885742246,6.46764404296933,11.1413415527354,8.76878173828203,12.7556396484386,19.3453100585955,27.0083666992212,41.8412109375037,53.5277929687532,65.7513330078125,65.4880078125,74.934736328125,57.1334570312517,59.806870117184,63.9315869140587,42.47407714844,31.6148901367197,60.3879541015572,1.50347457885729
"7639",1.03681411743173,6.73200012207091,6.39363891601619,11.0673022460947,8.25796630859449,11.5471765136729,18.2749658203141,25.693503417971,40.7687060546911,50.0292333984405,63.2428564453125,60.8018359375,71.761708984375,54.2838769531266,55.5642236328093,61.3193408203089,40.2606689453149,30.3077905273446,57.184316406245,2.01683715820295
"7640",1.04863098144541,6.45276733398495,6.47673217773495,10.6975329589853,7.79458374023507,10.7735217285166,17.9302856445328,26.4093920898461,41.4047998046912,51.6801611328156,64.4693359375,62.466318359375,73.3232470703125,55.1533691406266,57.0179882812467,61.6435351562463,40.1512573242211,29.8700952148446,57.0393212890575,1.71638275146469
"7641",0.91971633911141,6.67521240234434,6.62825561523497,11.5163549804698,8.16570922851635,11.1626110839854,18.5238110351579,26.8945361328149,43.5311035156289,53.5588769531282,65.8975537109375,62.9195068359375,74.101669921875,55.0979052734391,54.8997558593718,59.8606933593715,40.4279248046899,30.5348413085946,55.0338720703077,2.26200561523418
"7642",0.921158142089926,6.79508605957092,6.73342468261779,11.8774743652354,8.36288146972731,11.4007043457041,19.131828613283,27.1748315429712,42.6920605468788,51.1735400390655,64.6758056640625,59.9988525390625,72.324423828125,52.839467773439,52.6464062499969,58.1956835937466,39.3344653320336,30.4364038085946,54.0938281249953,2.28828552246074
"7643",0.935671997070396,6.35604797363338,6.57293090820371,11.7928710937511,7.94885986328196,11.3372546386729,19.7371142578143,27.9724047851587,44.817890625004,55.7721923828158,68.427392578125,65.935478515625,77.43318359375,57.6472265625017,59.758706054684,63.3421240234337,43.4114501953151,32.708437500001,56.5828515624951,2.1248391723631
"7644",0.749925765991278,6.36147399902401,6.38403869628963,11.8598498535167,7.68234436035225,11.6038757324229,19.0343237304705,27.96854980469,44.420712890629,55.8927587890658,68.442802734375,67.5293359375,77.91333984375,58.7992675781267,62.8704541015588,66.1384374999961,46.0584326171903,33.488496093751,56.9061865234325,1.99494766235334
"7645",0.692234497070374,6.14664123535211,6.29060119628962,11.6308935546885,7.42864746093816,11.8395483398448,19.932746582033,29.2118188476589,48.0356054687543,60.0460058593786,71.176015625,71.993583984375,83.366728515625,63.4000976562518,70.9586083984333,73.1212499999957,53.0547607421907,36.6818701171886,60.1102636718697,1.26305747985829
"7646",0.729900741577214,6.52215393066464,6.49463623046933,12.1205566406261,8.4133862304695,12.6647875976574,20.0073730468768,28.1235717773463,47.0717871093792,57.0836279296909,68.4023828125,68.071123046875,78.78650390625,59.3208105468767,66.1433398437461,68.261699218746,48.8080712890654,35.6917749023448,54.8976513671827,1.59041625976549
"7647",0.625952415466364,6.39232116699276,6.80174926757873,12.4444348144542,8.75821960449297,14.05629638672,20.1868627929706,28.8846093750026,50.2383691406295,58.8708496093785,70.0162548828125,70.276142578125,79.9250830078125,60.4279296875018,66.7410205078086,68.4998095703084,50.9442724609405,37.5976757812511,55.5191113281201,1.83188323974593
"7648",0.480800895690961,6.49166198730527,6.84873291015686,12.7359130859386,8.455344238282,14.1840063476575,20.2582727050799,28.4220507812525,51.1455615234421,61.0389208984411,71.0679150390625,71.9115771484375,82.10052734375,62.5959326171893,69.9134765624959,72.0283886718707,53.6500634765657,38.9301757812511,53.8635498046828,1.90812103271468
"7649",0.736794509887761,6.64447326660216,7.09618530273501,12.4322070312511,8.93397827148517,13.8996435546887,19.2845373535173,28.0427441406275,51.8991259765671,61.8655468750037,72.1203857421875,73.8806787109375,82.1170703125,64.0004492187519,70.6661962890584,72.6985644531207,53.1783544921907,39.0147143554699,48.5366894531208,1.93070465087874
"7650",0.635796279907283,6.53761291503965,7.06644165039126,12.7775878906261,8.29545349121168,14.5390771484388,19.1280371093767,27.7806469726587,50.8600683593795,61.4866308593786,72.1766162109375,74.421162109375,81.987626953125,63.6690820312518,70.3673535156209,71.7731005859332,52.4554589843781,38.6326416015636,49.6187353515582,2.07857238769513
"7651",0.59525199890142,6.52248596191464,6.91270629882874,12.118065185548,7.73257812500069,13.3875463867199,17.7332983398453,26.6250000000024,48.0357177734418,58.1296289062534,70.28783203125,71.3519091796875,78.619267578125,60.9328417968768,66.5314306640586,68.7270605468709,48.8626367187529,36.1029028320323,40.9881933593714,1.91712371826155
"7652",0.586241722106986,6.33183959960994,6.63112365722715,11.7150256347667,8.06103454589916,12.582772216798,17.1349133300797,25.7926171875023,46.8450830078167,57.8613134765659,69.579619140625,70.3057666015625,78.864140625,60.6706347656268,66.4738916015586,68.2398144531209,47.3520556640653,36.0834326171886,42.0164355468713,1.71636627197251
"7653",0.553116912841846,6.4903723144537,6.65188598632872,11.7641394042979,8.35759155273512,12.6913439941418,16.6521972656265,25.2937890625023,44.5991748046915,55.3524072265658,67.547802734375,66.481201171875,74.110361328125,55.6750244140641,57.3338964843716,59.3659277343715,41.2393750000025,33.4372412109385,31.445690917966,2.51280868530251
"7654",0.631172409057674,6.2779046630865,6.53198608398496,11.7537902832042,8.48036621093826,13.0455249023449,17.4360205078141,26.7086889648461,49.1407666015669,59.426918945316,69.37578125,68.1315283203125,75.6258203125,56.3625585937516,54.9042773437468,57.6703466796841,41.60177246094,34.6780883789073,33.5889355468721,2.83488952636694
"7655",0.256387577056908,6.4224328613287,6.20727111816462,11.0997912597666,7.7495635986335,12.3314477539073,15.9123437500014,24.6862133789085,44.560068359379,55.9778222656283,67.152919921875,66.9302197265625,73.7796484375,55.5704492187516,57.1106396484342,57.7778710937466,40.0654516601586,33.775332031251,33.9522509765595,2.63749267578102
"7656",0.487642517089887,6.50274108886777,6.55578979492246,10.881318359376,8.10912109375072,12.0316418457042,15.9491284179702,24.3051220703147,44.2526269531289,54.9401416015658,66.5145654296875,66.72216796875,72.72083984375,55.9314501953141,61.0726953124964,61.3693212890589,42.258930664065,35.1311987304698,40.2263452148402,2.23738098144512
"7657",0.310925102233914,6.64312622070372,6.40054870605526,11.0409802246104,8.04386413574291,12.7047631835949,16.2856079101577,24.4149340820334,46.9915234375042,57.2399414062534,68.0258984375,69.3470458984375,76.0138818359375,59.4493603515642,67.4264550781211,67.631289062496,46.3258789062528,37.0182885742198,43.8119335937462,1.45489425659167
"7658",0.297663059234646,6.74593322753966,6.34538391113338,11.1205944824229,8.50380126953201,12.4847021484386,16.1524206542983,23.9852148437521,44.933427734379,55.4290478515658,67.063984375,67.828828125,74.4577587890625,57.9962939453142,62.8417041015588,62.3160644531213,43.0027539062526,34.7156420898448,44.5452832031211,2.18883117675762
"7659",0.324036865234404,6.66652038574278,6.42813659668026,11.0704638671885,8.04963317871166,12.2918115234386,15.4983923339858,22.8899267578145,45.8541748046916,55.5034326171908,66.88537109375,66.0997021484375,74.201015625,57.4599316406267,63.0498632812463,63.3676220703087,44.6790283203152,35.148544921876,46.040869140621,2.343347930908
"7660",0.154965209960951,6.77192199707092,6.32861938476619,11.6489306640635,7.92205383300852,12.674451904298,15.5107312011733,23.6112548828146,45.4325292968791,55.5337060546908,67.41662109375,66.7934521484375,74.6561474609375,57.9866406250017,61.3066455078089,61.6581689453088,43.7018750000026,34.564775390626,44.9307031249961,2.59573120117165
"7661",0.342586669921906,6.59811767578184,6.43337890625057,11.5070373535167,8.03297607421947,12.0882666015636,14.9417602539076,23.6305957031271,46.9244189453167,57.3486425781284,69.1068994140625,67.5082470703125,76.6454931640625,60.4838476562517,65.8601757812462,66.4815087890586,45.7452783203152,35.2852270507823,46.7629492187459,2.28263641357402
"7662",0.257256126403832,6.76903198242248,6.51228210449277,12.0104797363292,8.01377807617259,12.1859680175792,15.2931921386732,22.9419702148458,46.6400488281292,56.7025683593784,68.4215234375,66.111865234375,75.185634765625,58.8348535156267,62.6893652343713,63.4651562499962,43.5989599609401,34.553613281251,44.6197656249961,2.45439331054666
"7663",0.280989685058619,6.71827270507872,6.48760437011777,11.6029284667979,7.42250732421941,11.6247180175792,15.0407446289076,23.2755102539083,49.1599365234419,60.4601464843786,71.915224609375,69.3138427734375,77.8764453125,61.8444580078143,63.8282861328088,65.0228613281212,45.0386523437527,36.7290258789073,45.3653662109335,3.26263305664034
"7664",0.106877698898325,6.6731884765631,6.28817932128962,11.5901538085948,7.48998168945379,11.9523303222667,16.2606665039077,23.6769824218771,48.0867480468793,59.707104492191,71.06947265625,68.70794921875,76.86197265625,61.4890380859393,63.2572558593713,64.5411669921837,44.4338183593777,37.4696386718761,45.8429052734335,3.256616516113
"7665",0.245095043182395,6.70240295410216,6.47683105468808,11.8920825195323,7.42226440429754,12.2518481445323,16.8220227050796,24.1546630859397,50.0421972656295,61.4911230468786,72.53353515625,70.971357421875,78.3899658203125,63.2703369140643,65.2177685546837,66.1024169921836,47.5479589843778,38.9387451171886,49.4531640624957,2.93919677734349
"7666",0.108461246490488,6.53753356933652,6.12815734863336,11.0563427734385,6.12836914062555,10.6142907714853,15.1309375000013,22.2012451171895,48.3056542968793,61.4515673828161,72.88318359375,72.8451318359375,81.03025390625,66.6282031250019,72.1322412109333,72.8324414062457,51.7279687500031,39.3355517578136,53.5832958984328,3.08229034423801
"7667",0.235220470428488,6.82690979003967,6.63462768554747,12.1989721679698,7.63158752441474,12.3747131347667,16.9911035156265,24.0381689453146,48.7483007812544,60.0787744140661,70.5391943359375,70.378212890625,76.626533203125,61.7282128906268,65.1393457031212,66.5680468749961,47.3276269531278,37.8249121093761,48.4576464843708,2.60258697509743
"7668",0.233073101043722,6.78245117187561,6.71260070800841,12.1149902343761,8.33390258789137,12.5593762207042,17.8159484863297,24.5530517578147,52.6048535156297,62.7004833984412,73.229853515625,74.693505859375,80.3441162109375,65.4112451171894,70.1288476562459,71.4081298828083,51.7147558593781,40.7962719726574,50.4987695312456,2.47159133911111
"7669",0.087307472229012,6.51461853027402,6.26583251953181,11.2582067871104,7.49605957031317,11.0921691894541,15.5581494140639,22.8385400390645,50.6862792968795,61.6698632812536,73.1641748046875,73.8148388671875,80.1189453125,65.0682080078144,69.8570898437459,71.7534472656207,49.3899316406279,38.4327246093761,49.2258593749957,2.3355989074705
"7670",0.188946743011491,6.56614929199277,6.52158508300839,11.8215393066417,8.00504150390696,11.4680541992198,15.1059167480482,22.598144531252,49.6331298828169,58.1360644531284,70.26994140625,70.7870703125,76.602880859375,62.1616748046893,67.2720703124961,69.4998535156209,50.838867187503,38.1434838867199,46.7902734374959,1.50336441040026
"7671",0.088587541580208,6.5700616455084,6.39110595703182,11.616328125001,8.04187866211009,11.1889282226572,16.0994067382827,22.1894091796895,49.5597363281294,60.1797900390661,71.299375,70.7743896484375,76.637080078125,61.6923339843768,64.0322119140588,66.3892138671836,46.8054541015653,36.6392993164073,36.5774682617156,1.77672012329086
"7672",0.238516769409201,6.55673950195371,6.38817626953182,11.6740954589854,8.40719909668044,10.701269531251,15.4839965820326,23.1820141601583,50.026381835942,62.7260205078162,73.437041015625,75.301953125,80.5026611328125,65.6317871093769,69.9039257812459,71.4230859374958,50.926328125003,39.3037011718761,46.3131689453085,1.55872604370104
"7673",0.298121070861843,6.4310266113287,6.7169531250006,11.691904296876,8.73007507324297,11.5610229492198,17.1863183593765,23.8451220703146,50.4967773437545,60.5163330078161,71.045244140625,70.582724609375,77.4329296875,61.8084667968768,64.5371777343712,67.596943359371,49.0787646484404,37.9096557617199,43.3981005859337,1.5655918884276
"7674",0.242811965942404,6.74756164550841,6.83722778320374,11.9429809570323,9.38680847168052,12.2873962402355,17.8788525390641,23.9672094726584,47.3649560546917,59.382856445316,70.71177734375,70.94802734375,77.574921875,61.8526708984393,64.3488671874962,67.437158203121,49.1840380859404,38.0946166992199,41.2112109374964,1.53860748291002
"7675",0.152357034683241,6.55711181640683,6.6295733642584,11.5502661132823,8.32860046386793,11.4123095703135,17.3609167480484,22.4346215820333,46.7632568359417,58.505922851566,70.4587353515625,70.853212890625,77.9890380859375,62.1660009765643,64.2960742187462,67.149365234371,47.8636865234404,38.4884912109386,34.8123803710907,1.88248962402327
"7676",0.13477345466615,6.63518554687559,6.57223999023496,11.5002587890635,9.22382751464926,12.667176513673,18.8114025878923,23.1266601562521,47.8469384765668,59.6901660156285,69.9903125,71.6833544921875,78.436748046875,62.0969531250018,66.0110351562461,68.4176855468709,49.899238281253,39.4712646484387,44.6376708984336,1.56468780517564
"7677",0.239621677398703,6.52232910156308,6.65771484375059,11.8334631347667,9.27018310546958,13.1961425781262,19.1947827148455,24.0343750000021,48.4114062500043,59.4829785156285,70.48623046875,71.247314453125,78.012119140625,62.0205078125018,65.6395214843712,67.612499999996,49.3378613281279,39.2672436523449,42.1172802734338,1.61517913818345
"7678",0.276914272308374,6.61452209472715,6.78606323242248,12.0052062988292,9.82170410156338,13.6835180664075,20.1088281250018,23.8450439453146,48.8260449218794,60.9642968750036,70.359677734375,71.919873046875,79.394619140625,62.0291064453143,65.3393066406212,66.3762451171836,48.7672949218779,39.9654882812512,40.9574023437464,1.41140716552722
"7679",0.238708095550558,6.52171508789121,6.59271728515684,11.8593505859386,9.60159729003992,13.5514257812512,20.2526733398456,23.8196850585959,48.9008691406294,61.7995312500037,70.8804736328125,73.09404296875,80.26986328125,63.4364843750018,69.4615429687459,71.0376171874958,53.5999316406282,43.1480908203138,41.5029052734339,0.875626220703049
"7680",0.323214416503935,6.49138427734433,6.54958007812558,11.7188464355479,9.63146301269617,13.1731213378918,20.7129736328143,23.7373046875021,46.3728515625041,59.1949023437535,69.0205859375,69.459306640625,78.795849609375,60.5318505859393,63.4431249999963,65.8677246093711,49.0665234375029,39.9215820312512,39.882338867184,1.14900688171377
"7681",0.284147853851344,6.4151281738287,6.46650207519589,11.6276794433604,9.44192687988365,12.3956323242199,18.2653637695329,23.4716699218771,44.6050244140665,58.369409179691,69.0751220703125,67.9594384765625,77.263046875,58.3931738281267,57.0196777343717,60.1549121093714,44.9137548828152,37.9343432617199,38.4960302734341,1.54018859863268
"7682",0.220226764678975,6.35075012207088,6.43260803222714,11.623320312501,10.0143188476571,12.4381689453136,19.0381127929704,23.1798876953146,45.4414160156291,58.9427441406285,68.4800830078125,69.9995654296875,78.580400390625,61.0973388671893,65.0058300781212,68.6868457031209,51.0730859375031,40.1185644531262,41.6704541015589,0.748880386352474
"7683",0.328261184692412,6.63706665039122,6.56670898437559,12.346112060548,10.4849914550791,13.5235498046887,20.102365722658,23.5966943359396,45.4414111328166,60.9252587890661,69.5333056640625,71.377802734375,79.06212890625,61.2030664062518,66.0213378906211,69.0604687499959,51.7632470703156,41.4639453125012,44.2615966796836,0.427817649841271
"7684",0.167456741333023,6.61282592773497,6.58334228515684,12.3331994628917,10.5823205566416,13.45563232422,20.5533496093768,24.1585278320334,46.5006884765667,59.805659179691,68.583115234375,69.2244580078125,76.3568603515625,58.9706152343767,62.0033691406214,66.3563964843711,49.6095458984405,40.4324682617199,42.8101074218713,0.884021072387618
"7685",0.272331523895288,6.49845153808652,6.52229492187558,11.4898779296885,9.09311401367269,12.2090600585948,18.1376330566422,21.7701318359394,44.1505761718789,59.0193750000035,69.0834033203125,69.83296875,78.484892578125,60.8038183593768,63.7414843749963,67.998378906246,48.9725878906279,39.3296704101574,43.7320117187462,1.34272293090809
"7686",0.351376876831086,6.30652465820369,6.41575744628964,11.217705078126,8.69737304687578,11.3437573242198,15.0488110351576,19.9326538085955,39.7164648437535,55.2251367187533,67.05103515625,67.92814453125,76.57443359375,59.5028906250017,59.8726269531215,65.4845410156211,45.9313671875027,36.6536328125011,43.2414355468712,1.31843643188465
"7687",0.297174491882351,6.23216003418024,6.59853454589903,11.7163806152354,9.36909423828208,12.730946044923,17.294975585939,21.951640625002,44.2560009765664,61.1160693359411,70.09955078125,71.916611328125,79.338271484375,61.4115625000018,60.0148925781215,65.3418749999961,47.2437597656278,38.7893896484386,45.799033203121,1.49382751464831
"7688",0.331876411438018,6.35276062011775,6.57940612793027,12.1396923828136,9.04851379394612,13.3498327636731,16.3947436523452,21.9538305664082,43.3739941406289,58.8664257812535,69.2790087890625,69.890673828125,78.071494140625,59.8270410156267,57.4522753906216,63.4661669921837,45.8512109375027,37.7876367187511,44.8410498046836,1.54819229125963
"7689",0.30318342208865,6.0553131103521,6.69248107910216,12.2446020507823,8.77569946289141,13.6997692871106,16.9710437011734,22.3826977539082,45.2791259765665,59.916538085941,69.325341796875,69.2298974609375,77.0061376953125,59.3391699218767,55.3649707031218,61.6449999999963,45.0637744140652,38.4864501953136,44.6374609374961,1.45734848022448
"7690",0.51487468719487,6.27364379882868,6.84124755859436,12.5174255371105,9.04167724609456,14.181481933595,15.1205444335951,21.9123022460957,42.4256347656288,58.8561425781285,68.97333984375,68.9384423828125,76.9445361328125,59.6876904296892,56.3558837890592,62.1145507812463,45.2927783203152,38.7882568359386,44.1176318359336,1.57027221679674
"7691",0.723877182006901,5.93768554687553,6.55848632812558,12.5625195312511,8.78601074218828,14.5271020507825,16.2659301757827,22.7724291992208,42.9283544921913,60.0199707031285,69.95818359375,70.725986328125,77.6599658203125,60.8502490234393,56.9426220703092,62.6043457031213,45.2227880859402,39.9413256835949,44.9935742187461,1.67144027709946
"7692",0.803460235595775,6.17318969726618,6.9762780761725,13.1142114257824,9.46938293457116,15.3777758789076,17.3769824218766,23.6846142578146,43.0140136718788,59.6481835937535,68.9321044921875,67.4889306640625,75.951220703125,59.2823876953142,55.2345312499968,62.2858203124963,44.5632861328152,40.0765185546887,42.8877929687463,1.83396575927718
"7693",0.834959716796949,5.95081237793022,6.83196838378967,12.8326721191418,8.35380310058668,15.754342041017,16.9040551757828,24.4598461914084,43.1438281250039,59.379106445316,69.3319140625,67.61728515625,75.9060205078125,58.8808691406267,52.7249316406219,61.1718945312464,43.1003320312526,38.7839013671886,43.0462841796837,2.06024734497052
"7694",0.643379974365292,5.91791687011771,7.28148620605534,12.9571142578137,9.30496826171958,16.3349877929702,16.8759594726578,24.9723339843772,43.0413232421913,59.8473535156285,69.936923828125,68.6200732421875,76.62646484375,59.6506640625017,54.8337792968718,62.3973486328088,43.6613134765651,39.4388305664074,42.5331249999963,1.98858398437483
"7695",0.659263763427793,6.02947082519585,6.98046203613343,12.7156542968761,9.24403381347739,15.5349914550795,15.1587988281264,24.1108691406272,42.6679296875038,60.5069091796911,71.268486328125,71.7212158203125,78.7005810546875,61.9023779296893,57.4275488281217,64.5620898437462,44.6411621093777,40.0986083984387,43.3056103515587,2.24510696411113
"7696",0.694232711792054,5.7029119873052,7.02919372558656,12.1769897460948,8.84365722656329,14.5866955566419,16.0581445312514,23.9339672851584,44.537851562504,61.4264990234411,72.3368359375,72.4006005859375,80.7512841796875,64.5661230468769,60.1757031249965,66.5172070312461,46.1875976562528,41.6389257812512,44.7898632812461,2.24705718994121
"7697",0.895663299560627,5.53161682128956,7.20419738769596,12.1145837402355,8.04464233398509,13.2485839843762,14.4313500976575,24.1026855468772,43.4144384765664,61.6195898437537,72.057744140625,72.3899169921875,80.9074267578125,65.2154785156269,62.0886523437464,67.361093749996,47.2769677734403,40.8915429687512,43.0977539062462,2.64537353515602
"7698",0.946443634033287,5.5927929687505,7.65221191406318,12.9003002929699,8.70817565918046,13.9392114257825,15.8192797851577,24.6356738281272,45.206953125004,64.1486328125038,73.857431640625,74.588330078125,82.871875,68.0680712890645,65.8743066406211,70.0578613281208,50.7331298828155,42.9491650390638,46.429794921871,2.84870544433569
"7699",0.944137191772545,5.46855468750049,7.3350512695319,11.9389562988292,7.693787231446,11.4180749511729,13.3428088378918,22.9615649414083,43.6618066406289,62.0980273437537,72.803173828125,71.8844189453125,80.5870458984375,66.5029296875019,62.9294042968713,68.4383789062459,47.5428222656278,41.1507763671887,44.6966894531211,3.06073974609348
"7715",2.11772247314472,7.90326049804758,6.88101379394593,11.6020837402354,7.67621154785225,11.2923327636729,16.0908618164077,23.1570458984396,39.5970312500035,60.0628271484411,70.12302734375,70.694580078125,77.7032666015625,56.5125585937516,59.784125976559,63.6343408203087,41.84501464844,30.1360351562509,41.5728613281214,3.68613037109343
"7716",2.1845555114748,8.00135375976634,7.25581542968815,11.9283984375011,7.96453979492258,11.6946447753917,17.4616748046891,25.3806298828148,42.4276025390663,64.4351367187538,73.5332421875,75.3513916015625,81.8164599609375,60.5691845703143,67.4587988281211,68.5936962890584,45.8545312500027,32.999091796876,45.458857421871,3.25175445556612
"7717",2.06625030517597,7.74025573730538,6.93525817871156,11.9005834960948,7.98656494140696,12.5067968750011,18.9523352050798,26.6307958984399,44.9184326171915,65.2320751953164,73.124287109375,73.2206103515625,76.93583984375,52.9349218750015,50.0661865234346,54.1796093749968,39.2123876953148,29.7017260742196,37.0259716796843,4.67825256347615
"7718",2.08605148315448,8.00255371093821,7.11791198730532,11.5088427734385,7.27641235351627,11.3064697265635,16.8725256347671,25.7860546875023,44.732734375004,65.4330322265664,73.7153515625,72.81212890625,76.645615234375,52.266245117189,48.9736767578096,54.5262304687468,38.3614160156273,28.9389794921883,38.5484179687466,5.04122314453081
"7719",2.14818115234394,7.67364501953193,6.95494262695374,11.631845703126,7.32332336425847,11.1476782226572,16.9752819824234,25.6450122070335,45.4607861328166,64.6999072265663,74.0957080078125,72.6850341796875,80.5052783203125,55.8718652343766,46.0835693359348,53.2833593749968,39.3563647460961,31.4061181640634,40.5346459960902,5.62418884277295
"7720",2.01029785156268,7.61945434570381,6.94214843750062,11.4284643554698,6.77243225097717,11.1816674804697,17.2226232910172,26.3802026367211,47.5023583984417,66.0451367187539,76.52509765625,74.647841796875,82.1688671875,55.3784179687516,45.6977734374973,53.8925976562468,38.5504492187523,28.9442797851571,39.1182299804653,5.93229675292917
"7721",1.97778808593768,7.81417236328195,6.96765197753968,11.1730810546885,6.1925659179693,10.9482348632822,17.7524719238297,27.3140502929712,50.400874023442,68.8263525390666,79.467705078125,80.7017626953125,87.880322265625,64.3485302734394,60.3030468749965,64.1987890624962,43.2317626953151,33.2144409179697,44.8644482421836,5.34963012695266
"7722",1.99866897583026,8.00013671875071,7.32202026367253,12.0307800292979,6.51770080566464,12.5829516601574,18.7632336425798,27.2161279296899,49.1783789062544,63.6538183593788,75.2382373046875,74.0649658203125,82.310224609375,58.0077343750017,53.9790234374968,59.9292480468715,41.7727636718775,31.9398242187509,42.9443066406212,4.94257629394488
"7723",1.94416015625017,7.9763153076179,7.26127380371159,11.7248779296885,6.68476684570372,11.7335961914073,16.7278674316421,26.1364697265648,48.2509716796918,61.6758398437537,75.119658203125,74.66720703125,82.0627734375,58.2477392578142,51.9029248046845,58.877973632809,40.7773510742212,30.3424853515634,42.6292382812463,5.35526550292922
"7724",2.02532760620135,7.81505981445382,7.26331176757877,11.8430102539073,6.33592895507869,12.406033935548,16.4141345214858,26.0473071289086,48.9788183593794,62.2170996093787,75.020498046875,76.71638671875,83.0800390625,61.8968750000018,68.4993212890585,71.4498632812458,47.9599707031279,33.2895849609385,49.8910009765581,4.22050567626916
"7725",2.14766296386738,8.1369519042976,7.62270874023505,12.1779846191417,6.9736120605475,11.7393969726573,16.5675158691421,26.5946020507836,49.2780664062544,60.6277246093786,75.180869140625,78.101806640625,83.7109375,63.1782519531268,71.7639257812458,74.2555468749956,52.1428662109406,33.823701171876,53.3344140624953,3.70410522460905
"7726",1.98332885742205,7.71811218261788,7.50421569824286,12.3448779296886,7.49566650390692,12.5043518066417,16.7509277343765,27.5475805664087,52.5839453125047,63.1003417968787,76.265673828125,79.270126953125,84.4162890625,62.4482958984393,67.622832031246,68.2838720703084,48.3688769531279,34.1091357421885,52.9681640624954,3.76996643066373
"7727",1.83509933471696,7.67056274414131,7.14412292480533,11.6731262207042,6.69820129394591,11.9274780273448,14.3954516601575,25.0890478515647,49.3450732421919,61.6112451171911,75.526826171875,79.927841796875,85.529482421875,64.7025292968769,74.4681738281207,76.1033691406205,54.8509667968783,35.0725537109385,58.9622949218698,3.40945922851533
"7728",2.0306523132326,7.67276123046943,7.53225341796942,11.6933227539073,7.11393737793032,10.9190759277353,12.9347851562512,23.8663647460959,48.8666162109419,60.3258935546911,76.088642578125,80.5778857421875,87.9087890625,66.7404589843769,76.810913085933,78.2197216796829,57.5064013671909,37.7311279296886,59.2951318359323,3.29010345458956
"7729",1.88305969238298,7.49029663086004,7.39070007324285,12.0744848632823,7.10474243164126,12.1423376464855,15.4121777343764,25.2357958984398,51.3826074218796,62.1129199218787,75.790283203125,80.402333984375,86.983076171875,65.1857324218769,74.7264990234331,76.1023144531205,57.1750146484409,37.9121020507824,59.2508789062448,3.08342376708958
"7730",1.82478790283219,7.74127807617256,7.73081481933663,12.4684216308605,7.8493945312507,12.7094531250011,16.3141833496108,26.6019799804711,53.2589160156298,62.6398828125037,75.8891015625,81.060703125,87.63423828125,66.3017382812519,76.753833007808,78.2944824218704,61.9615625000037,41.0331542968762,60.3425830078072,2.78429962158179
"7731",1.83708969116227,7.54173217773505,7.4353704833991,12.0945849609386,7.06842407226625,11.3641674804698,14.9892956542982,25.8230664062523,51.3817626953171,64.0715673828163,76.629990234375,81.6411669921875,88.8789453125,67.8196728515645,79.4077246093704,80.6423779296827,64.1784179687538,42.4758251953137,62.3503515624946,2.97684082031224
"7732",2.04917388916034,7.81105590820382,7.7993945312507,12.434539794923,8.13927856445385,11.4776257324229,15.6556042480483,26.5427587890649,51.2069335937546,64.6400195312538,77.3934228515625,83.175771484375,91.080673828125,70.586503906252,82.8108007812451,83.4303710937451,67.6637744140666,41.5458447265637,65.6903662109318,3.29946716308565
"7733",1.90955383300798,7.34355712890691,7.56983825683661,12.0597290039073,7.79026123046945,11.4339672851573,16.6745129394546,27.6955468750025,49.958540039067,64.3492968750038,76.6747705078125,82.067392578125,90.111796875,69.3206787109395,81.1651562499953,81.9176269531201,66.978935546879,42.1939160156262,65.7646386718692,3.18442962646457
"7734",1.81064666748063,7.50153869628973,7.64059753418037,12.5485205078136,7.64516906738349,11.5333569335948,18.2333422851579,28.5838208007838,48.7817382812544,63.9026220703163,76.20673828125,81.7237744140625,88.9919921875,68.6778955078145,80.1773046874953,80.8678222656202,67.039619140629,39.7689843750012,67.1742333984316,3.207886047363
"7735",1.75694488525406,7.83634033203195,7.71612792968819,12.280291748048,7.21724304199283,12.1205126953136,18.2651965332048,29.7718920898464,48.7061376953168,64.3426562500038,76.66556640625,83.0287890625,90.455615234375,70.669199218752,82.1998828124952,82.8353906249951,68.5658789062541,41.4548144531262,72.4396435546812,2.93433959960912
"7736",1.76557754516617,7.90525878906321,7.71432861328194,12.5599194335949,8.23012329101636,13.5595947265637,18.8996069335954,30.0883911132839,48.4716552734418,65.0415820312539,76.4718994140625,82.35876953125,90.398935546875,70.565332031252,82.3793945312452,83.74610351562,69.6820703125042,39.6066967773449,74.887543945306,3.17833801269503
"7737",1.58700714111342,8.06640930175853,7.80937744140695,12.4864770507824,8.46263610839919,12.8984594726574,18.609515380861,29.6924023437527,46.8154150390667,65.4778906250039,76.9047021484375,83.6876171875,92.908876953125,73.9625634765646,85.864726562495,87.6652929687448,73.3915332031294,40.0137036132824,76.1446044921809,3.42501220703095
"7738",1.59555541992202,7.78026916503976,7.74195251464913,12.4155297851574,8.06227905273509,13.4033312988293,19.0353393554704,30.5896191406277,47.9620410156293,65.8333056640664,77.256083984375,83.144462890625,92.28287109375,72.0455908203146,82.5537109374952,84.128457031245,68.4084765625041,41.1251464843762,73.991372070306,3.30999176025362
"7739",1.58149841308608,7.9017480468757,7.81541687011789,12.6960998535168,8.28182128906324,12.8904626464855,18.279456787111,29.1790991210963,46.3347949218791,63.5166406250038,74.973154296875,78.8522900390625,87.83966796875,67.864794921877,76.751948242183,79.0987646484328,62.1999023437537,38.8178442382824,70.5437304687438,3.31561584472627
"7740",1.58942535400405,7.8129296875007,7.80436279296945,12.9014587402355,8.55827941894608,13.3803735351574,19.2218432617205,30.917971191409,45.2304443359415,64.3116796875038,74.3407470703125,76.66787109375,85.37546875,65.7375537109394,74.8427246093706,77.6341015624954,60.5867919921911,36.2957617187511,68.603876953119,2.9025268554685
"7741",1.4573149108888,7.62637207031318,7.41526855468816,12.8683923339855,8.02423889160228,13.3614257812512,18.6513134765642,29.3736254882839,43.4653125000039,62.8183154296912,73.231708984375,75.4551708984375,84.68646484375,65.6033691406269,72.4075976562458,75.9482421874955,55.5828271484408,36.0741210937511,65.6529541015568,3.28730712890596
"7742",1.61074523925796,7.45793823242254,7.5472180175788,12.9520532226574,8.45651977539138,13.2536682128918,18.8873925781267,28.9560351562526,41.7197705078162,62.2111328125037,73.0916796875,74.980703125,83.438994140625,65.9640917968769,73.2457080078082,77.0217382812454,56.5231787109409,36.8656054687511,66.1097167968692,3.18058105468722
"7743",1.579372406006,7.75192993164132,7.58130371093818,13.4971643066418,9.41285034179771,14.07098388672,20.4500097656268,28.4971582031275,41.3238720703162,57.0020654296909,70.2080419921875,70.3961181640625,79.06912109375,61.2226025390643,67.831660156246,72.1179296874957,52.8009375000032,35.1298120117198,62.4174999999946,2.55505554199196
"7744",1.60196929931655,7.62992309570381,7.59310852050849,13.5093615722668,10.0135809326181,14.3317297363294,21.7893310546894,29.6475659179714,42.7183642578163,59.1848144531285,70.8534130859375,71.338154296875,79.227099609375,62.4841406250018,68.7624853515585,73.6240673828081,55.6589990234408,36.5747265625011,63.4303320312445,2.23772094726543
"7745",1.46216125488294,7.33498962402409,7.26697814941471,13.3817797851574,9.57551269531336,14.2746972656263,21.4741284179707,28.7967553710963,42.5338525390663,60.1131933593786,71.4483203125,71.6654833984375,78.6683349609375,62.3099462890643,66.6077539062461,72.1558447265582,53.1984912109407,36.5308618164073,62.5848632812445,2.63732421874977
"7746",1.45936035156263,7.47570190429754,7.25898071289127,13.0323986816418,9.94874023437589,14.4683325195325,21.9422143554707,29.9203320312527,43.1206982421913,61.5761230468786,71.43404296875,70.93978515625,78.6736376953125,61.5636035156268,61.5419335937464,67.9772216796835,48.8965966796904,34.9880590820323,60.4582958984322,3.11632354736301
"7747",1.39117706298841,7.02571228027406,7.28406188964909,12.6836865234386,9.91943481445401,14.1320495605481,21.958818359377,28.3343652343775,41.3586425781287,56.4647021484408,68.08705078125,65.8213330078125,74.8063671875,57.0900341796892,56.1988134765592,63.0659667968713,44.7607861328152,32.3058837890634,56.1943554687451,2.72661315917945
"7748",1.34176528930676,6.84212280273498,6.79501586914123,11.7203979492198,8.46507385253982,12.336248779298,19.1674487304705,25.8081567382836,41.1577685546912,55.1086718750033,67.38251953125,65.17408203125,75.36806640625,57.3012353515642,58.9179296874966,64.8798046874961,44.6897705078152,30.7998559570322,56.4696386718701,2.23316955566387
"7749",1.37903533935559,6.71239990234435,6.86442199707092,11.302900390626,8.33268920898512,12.4260559082042,20.4115722656268,25.6654199218773,41.3541015625037,54.1094140625032,65.97521484375,63.245625,72.698173828125,54.7395312500016,54.7487402343718,61.6095556640589,42.029887695315,30.7611108398447,53.8184033203078,2.12119964599591
"7750",1.23193687438976,6.86043762207092,6.89652465820374,11.8467382812511,8.31633666992262,13.0363745117199,21.0329785156269,26.3521264648461,40.6793798828161,53.6368554687532,65.7333642578125,63.67703125,73.3621484375,55.7133789062516,59.7674023437465,65.2648779296836,44.5307714843777,30.4127319335946,56.4294726562451,1.68346481323227
"7751",1.26096755981457,6.83186645507873,7.03521728515688,11.8435668945323,8.60733886718827,12.8445239257824,20.9060180664081,26.0319531250023,40.1458593750036,53.2689208984407,65.1984033203125,61.961025390625,71.623857421875,53.6949365234391,56.7946582031217,61.7005126953088,43.0208203125026,30.4830859375009,54.8322656249952,1.59029861450181
"7752",1.23497283935558,6.64364929199278,7.10239074707095,11.8355822753917,8.51769409179763,12.822430419923,20.3932116699237,25.690241699221,40.8108203125036,52.9969287109406,64.760517578125,61.0444140625,71.8972216796875,54.0784619140641,58.0927685546841,63.4434863281212,43.5337500000026,31.4689819335947,52.3069189453079,1.48263214111315
"7753",1.21894287109386,6.73752014160216,7.3037377929694,12.3843066406261,9.25080200195395,13.2941406250012,21.8299169921894,26.8598266601586,42.0331640625038,53.3638281250032,64.9190576171875,61.0611767578125,71.20345703125,53.4903222656266,54.9024316406218,60.9766894531214,42.365747070315,31.3170703125009,53.3523046874953,1.91575363159163
"7754",1.11185653686533,6.52933471679746,7.16661010742251,12.245447998048,9.42343383789147,13.6595336914075,22.424091796877,28.1368652343775,43.8882763671914,56.0656835937533,66.49453125,65.0685205078125,74.021845703125,56.1326611328141,59.6676171874965,64.1593457031212,45.2538281250027,34.522246093751,48.5124169921833,1.48850616455065
"7755",1.00326545715341,6.5763800048834,6.87274047851624,12.0839550781261,8.63253479003983,12.7190295410168,20.7855297851581,27.0727270507837,41.3291308593787,52.3420361328156,65.215673828125,63.2421240234375,73.038818359375,54.9959472656266,58.0868945312466,62.2329394531213,43.2892285156276,32.7218212890635,50.0209130859331,1.50083862304674
"7756",1.15647750854502,6.44911071777401,7.25659851074283,12.500545654298,9.18286865234457,13.2706201171887,21.4013818359394,28.1350781250025,43.5081445312539,53.9508349609407,65.391455078125,62.9309326171875,72.1977001953125,53.4595166015641,55.4887939453093,60.2877685546839,42.412426757815,32.8658471679697,48.0937695312458,1.76508575439438
"7757",0.868349990844804,6.45859252929745,6.88157592773499,12.3630761718761,8.03705200195384,12.9905029296887,20.468829345705,27.6174389648462,43.9248974609414,54.4918164062532,66.76541015625,64.597568359375,74.93341796875,55.3241210937516,57.9841064453091,62.2268945312463,44.0220703125026,32.8322998046885,46.8038476562459,1.8114378356932
"7758",0.923817596435629,6.49023620605527,7.22511840820377,12.7252514648449,8.36781738281325,13.1294873046887,20.120627441408,26.9460131835962,43.3292285156289,52.7045654296906,65.853046875,62.639638671875,73.6250048828125,54.1377197265641,55.6891162109342,60.5154199218714,42.7181640625026,32.4695458984384,43.5497705078087,1.78435791015609
"7759",0.759711914062568,6.36074645996151,6.8156854248053,12.6158374023449,7.84881591796945,12.8092407226574,19.9921142578143,26.2490576171898,41.7523583984412,51.5355175781281,65.2707763671875,61.981201171875,73.225390625,53.7145556640641,57.4335937499966,61.7635107421838,43.5872363281276,32.9810131835947,42.3742285156213,1.87799118041976
"7760",0.732523803711003,6.29031372070369,6.82803771972717,12.9164331054699,8.26835876464918,13.3887414550793,19.741955566408,27.6877929687525,43.0500292968788,55.5575390625033,67.680029296875,64.55693359375,75.3471923828125,55.8488623046891,59.1689453124965,62.0774707031213,44.6233544921902,33.9647216796885,39.0188647460903,2.06893936157209
"7761",0.649546127319394,6.1494506835943,6.85988159179749,12.8442395019543,7.32008422851628,12.9066552734387,20.1973046875018,27.3849951171899,43.8349121093789,56.2649804687533,68.4425,66.627080078125,77.120478515625,57.7809082031267,62.9216845703088,65.0430664062461,47.0689941406278,35.3267944335948,38.0641479492154,1.6301734924315
"7762",0.45854290008549,6.46643249511776,6.82176147460998,13.3151000976574,8.65181701660233,14.1344592285169,20.7991088867206,28.3361694335963,45.111474609379,56.7354443359409,68.803349609375,67.411982421875,77.9583984375,58.8519726562517,67.717089843746,69.1496484374959,52.4214599609406,38.0180273437511,37.8656445312467,1.3160968017577
"7763",0.635372085571346,6.39708312988338,6.95793579101625,13.2670544433606,8.66768554687577,14.3322766113294,21.1589721679706,28.5526660156275,48.4990917968793,58.894145507816,71.4037353515625,70.63314453125,80.2863623046875,61.9766699218768,69.0733837890585,70.9399121093708,52.9129589843782,38.8022363281261,37.3242285156217,1.64991378784165
"7764",0.479717102050824,6.33161499023494,6.83951293945373,13.0238159179699,7.86985229492258,13.9822814941419,19.5301831054705,27.0183496093774,44.7035693359415,56.2092041015658,69.3323486328125,69.52560546875,78.741181640625,60.0845068359392,66.2740917968711,67.983476562496,49.7126708984405,37.8976123046886,30.7853320312473,1.58330368041978
"7765",0.647539596557675,6.52958129882871,7.08582885742251,13.2411193847668,8.80753173828204,14.3539282226575,18.6234057617204,27.0572070312524,47.2608642578167,56.6360351562534,70.4210302734375,70.8358984375,78.3493603515625,60.4341357421893,67.6731738281211,69.1463281249959,51.0092724609406,39.1776074218761,26.002502441404,1.97095031738264
"7766",0.588215942382865,6.28242797851618,6.94870849609437,12.5711596679699,7.30176391601628,13.6413671875012,17.6601098632828,26.1579345703148,45.7052978515666,55.4226464843783,69.239677734375,69.4958154296875,76.7710546875,59.5004589843767,66.6224755859336,68.283896484371,47.4621484375028,37.6861035156261,24.6803613281228,1.89607940673812
"7767",0.427475624084511,6.11161682128961,6.48937316894589,11.7766796875011,6.69626403808654,12.9521520996105,16.6085437011734,26.0165039062523,46.8816455078167,58.0400000000034,70.4621435546875,71.0805908203125,78.131611328125,60.5730322265643,66.1001904296836,67.078818359371,46.2618261718778,35.523398437501,27.2993188476539,1.81474075317367
"7768",0.33757438659671,6.1253833007818,6.8541033935553,12.5205187988292,8.73706298828203,14.2988903808606,17.1203833007828,25.2214477539085,44.2531738281289,55.0050048828158,68.12294921875,67.5086328125,74.9123291015625,57.7321386718767,63.5121728515588,65.2461523437461,46.1914990234403,36.6196606445323,23.7056005859354,1.49556365966784
"7769",0.459069290161174,6.1890063476568,6.70493896484435,12.4147485351574,8.5300970458992,14.0347167968763,15.9592407226577,25.4182739257835,44.2109082031289,54.0315332031282,67.045693359375,66.5069970703125,73.993828125,57.0593701171892,63.9186132812463,65.3838183593711,45.4843750000027,36.2714184570323,23.2284619140605,1.26843147277821
"7770",0.378884315490756,6.0354449462896,6.6278936767584,11.726767578126,7.95334228515696,12.8662927246105,15.8876635742202,25.372292480471,44.531142578129,55.9095166015658,68.34626953125,67.9063671875,75.3565673828125,58.6434375000017,65.3936523437462,65.8008984374961,45.1828466796902,35.9125292968761,25.269660644529,1.3688082885741
"7771",0.224121704101582,6.09142822265679,6.349608764649,11.5346643066417,8.00638305664134,12.4768969726574,15.3368505859389,24.1370263671897,41.3781542968787,54.2774414062532,67.4010546875,65.905400390625,74.53171875,57.4976318359392,62.1885595703089,62.2234570312463,41.93665527344,34.3277001953135,25.3035595703103,1.4535005187987
"7772",0.08408414840699,6.21477050781305,6.27835510253962,11.3617407226573,8.16526367187573,12.9130419921887,15.5274218750014,24.6782714843772,42.7778759765663,55.5516552734408,68.4995703125,65.9915625,75.40966796875,58.9807324218767,67.1650781249961,67.5834033203085,45.3172558593777,36.3151000976573,29.9088281249974,1.15620407104482
"7773",0.151416931152357,6.47871276855526,6.30787109375056,11.4261499023448,8.11723632812572,12.8671643066418,16.4337719726577,24.3771630859397,42.9191894531288,55.3479394531283,67.539541015625,65.15544921875,74.2975830078125,57.9816064453142,64.9221093749962,64.5125878906212,44.5798828125027,36.4893334960948,27.6322265624976,1.44071990966784
"7774",0.117371702194224,6.38069641113338,6.21882995605524,11.3627587890635,8.1467517089851,12.8917993164074,16.1980737304702,24.3992114257834,42.4899609375038,54.2257421875032,67.211943359375,63.9769921875,74.486064453125,58.1185742187517,64.1562207031212,63.6058007812462,43.6286083984401,35.709335937501,32.6744799804659,1.36105911254871
"7775",0.157513751983657,6.37607788085994,6.19947692871149,11.1401281738291,8.04751831054759,12.5620556640636,15.5719812011733,22.9011889648458,41.8372021484412,53.1150878906281,67.28630859375,64.600244140625,75.7006640625,59.3023535156267,63.9807812499963,64.1039990234337,43.3351367187526,34.541826171876,33.1995117187471,1.30198196411121
"7776",0.180809478759782,6.35236938476619,5.68564208984426,10.4725585937509,6.86454162597717,11.003310546876,13.0473803710949,20.7318457031268,39.451821289066,53.2186523437532,67.796083984375,66.43873046875,77.011416015625,60.8563769531268,66.3729833984336,66.1366796874961,43.4498681640651,33.798037109376,34.8793310546845,1.64572998046861
"7777",0.134950189590466,6.42660705566464,6.24339904785212,11.110781250001,7.17996337890689,11.7006713867198,12.9856188964855,20.4982250976581,39.9291552734411,52.2281298828156,67.256689453125,63.623759765625,75.5105517578125,59.5126367187517,64.5863720703087,64.2298144531212,43.1938427734401,32.600097656251,33.5780566406221,1.84652694702132
"7778",0.049861063957219,6.36430297851619,6.17252502441461,11.142480468751,7.16475708007876,12.1169140625011,12.795067138673,21.7673046875019,41.8895703125037,56.3572656250033,69.401484375,66.191259765625,77.58787109375,61.8332177734393,67.926132812496,66.6777490234335,45.1706689453152,36.3687011718761,31.5706933593722,2.04941192626935
"7779",0.052052564620976,6.5456964111334,6.49832763671933,11.6666394042979,7.80124755859445,13.3255480957043,14.1714672851575,22.3928979492207,42.9648193359413,56.6802392578158,69.6978955078125,66.531318359375,77.69505859375,62.1592773437518,69.2898144531209,68.045390624996,46.5941015625028,38.2188867187511,40.8044311523402,1.72917831420883
"7780",-0.097777357101449,6.51348754882871,6.51291870117246,11.4878491210948,7.58063476562568,12.783377685548,14.1686621093763,22.2832568359395,43.1812207031289,56.7960449218784,69.93140625,65.78359375,76.87857421875,61.8458300781268,67.0955908203086,66.8303662109335,45.7311376953152,38.2435693359386,35.6998022460906,1.69883697509751
"7781",-0.007038552761079,6.32330139160213,6.20748107910212,11.7151928710948,7.81528442382882,12.5697875976574,14.3996545410169,22.768886718752,42.5710449218788,56.0724462890658,70.4279736328125,66.0102783203125,75.910595703125,61.7196630859393,67.4243603515586,67.2080908203085,47.3223828125028,37.9001831054699,35.3004150390594,1.83417358398422
"7782",0.025387187004092,6.55706542968808,6.58460083007871,12.0844213867198,7.3262573242194,12.3311779785167,14.828922119142,21.7314282226582,41.0394384765662,53.1088134765656,68.1875244140625,62.646865234375,73.8061474609375,59.4766259765642,63.4828515624963,64.8529492187461,43.6972021484401,37.7922705078136,36.4040771484343,2.1984945678709
"7783",0.138071279525769,6.68920471191466,6.52252197265683,11.9852819824229,7.37292602539128,12.1744555664073,15.1490991210951,22.6577612304708,41.1195703125037,55.2365429687533,69.9925341796875,66.765185546875,76.253076171875,61.5794824218768,64.3967919921837,64.5869628906212,43.1965917968776,36.6616821289073,39.9896386718715,2.63679901123024
"7784",-0.020866246223452,6.48331787109433,6.55123474121152,11.8366308593761,8.06231811523509,12.7910717773449,15.5422021484389,21.5781665039082,41.0442626953162,52.4632324218781,67.5012353515625,64.9271826171875,73.495380859375,58.7625830078142,63.0093896484338,64.7025683593712,44.3975097656277,36.4822216796886,38.8274023437466,1.69193801879868
"7785",-0.02176388025284,6.56874511718809,6.48461425781308,12.0627832031261,8.74780334472734,12.6494079589855,15.0895922851576,21.5748071289082,41.6417871093787,53.3489746093782,68.1658349609375,64.313125,72.187646484375,56.8883447265641,55.3689794921843,57.8133691406216,40.9804296875025,34.2455688476573,39.564389648434,2.470468444824
"7786",0.135712757110608,6.36141357421932,6.57304748535215,11.8697253417979,8.30747680664137,12.5910986328136,15.1782812500014,21.3587817382832,43.0992822265663,53.1795410156282,68.15755859375,62.5059375,72.6791796875,56.4777343750016,53.7075830078094,56.5765185546841,40.0342626953149,32.1692260742197,34.551669921872,2.38076904296854
"7787",0.120074319839488,6.5807257080084,6.67936462402403,12.1749121093761,9.28603759765708,12.9958422851574,16.2939233398452,22.6241333007833,46.7689453125042,57.5834960937534,70.4698779296875,68.7400830078125,75.9922216796875,61.1714062500018,65.1289501953087,66.1765136718711,47.1873535156278,36.8911816406261,30.4848413085911,1.54515258789049
"7788",0.275339241027857,6.70413452148497,6.70185852050841,12.1863940429698,9.90906005859463,13.0071972656262,16.7078515625015,23.1646166992208,47.9220996093793,57.9355908203159,70.9361328125,69.41326171875,76.366328125,61.8077343750018,65.4699755859337,66.3139453124961,47.2543457031278,39.1210327148449,42.8976660156213,1.50868515014635
"7789",0.056734275817876,6.27093017578181,6.68398193359435,11.5284448242198,9.33284912109458,12.3295703125011,16.3446057128921,22.5203369140645,46.1325683593791,57.8782617187534,69.71447265625,67.9400341796875,76.919423828125,61.3072460937518,65.9874072265586,67.363896484371,48.8007617187529,38.2450292968761,34.771689453122,1.37959411621082
"7790",0.178735198974625,6.56258300781309,6.91682495117249,12.3295263671886,10.3528295898447,13.2214404296887,17.0779626464859,23.4252978515646,45.7200878906291,55.6345117187533,69.837080078125,67.26947265625,75.9171484375,60.9491796875018,65.5778222656212,66.840302734371,49.0068310546904,38.4692041015636,39.822963867184,1.07384071350088
"7791",0.09950976371766,6.46334411621151,6.89663208007874,12.4287475585949,10.4041284179697,13.2001855468762,17.4221655273453,23.3516723632833,46.7796679687542,56.1412890625033,69.3994677734375,66.69109375,76.2160693359375,60.0267626953142,61.9493066406214,63.4773095703087,45.3174707031277,38.2882080078136,36.9828662109343,1.56624969482408
"7792",0.200283641815203,6.66593444824278,6.77188110351623,12.2702807617198,10.5153967285166,13.2017724609387,18.4009448242204,24.2177416992209,46.5141699218791,56.7952294921909,70.064052734375,68.3632763671875,77.022431640625,61.2248828125018,64.6066113281212,65.9573925781211,47.7509326171904,39.5486743164074,34.948203124997,1.39078201293933
"7793",0.235266799926779,6.66469116210997,6.80877197265686,12.5682922363292,9.98243347168058,13.6318872070325,19.344230957033,25.2740551757835,47.3202539062542,58.6871093750035,71.37517578125,70.753779296875,77.953056640625,62.4757421875018,66.2110937499961,67.250468749996,49.0810839843779,39.9314746093762,38.4448046874966,1.28454711914051
"7794",0.403778686523473,6.62663574218809,6.90015686035218,12.6590478515636,10.5666357421884,13.6098669433606,19.0096643066423,23.3373608398458,45.170791015629,57.1513183593784,69.1014501953125,68.754765625,76.5020703125,60.5921435546893,64.7485253906212,66.2427929687461,48.5409179687529,39.3873486328136,32.4768749999972,0.89960174560539
"7795",0.215939178466816,6.47589111328183,6.60940551757871,12.3119873046886,10.0407287597665,13.5451281738293,17.862308349611,23.1990234375021,44.545605468754,56.6285058593784,70.3593359375,70.3706787109375,78.37162109375,62.4941308593768,68.210947265621,69.4415722656209,50.348476562503,40.3504858398449,40.440463867184,0.953793258666909
"7796",0.490190200805708,6.62829589843809,6.99029296875062,12.3230859375011,10.2624194335947,14.3191894531263,18.8994885253923,24.3349414062522,45.9789062500041,60.0078906250036,71.078505859375,71.9005224609375,80.115927734375,63.5280859375018,68.971367187496,70.0995117187458,52.2623046875031,42.3744873046887,42.1480371093713,1.16267547607412
"7797",0.363786544799837,6.37727661132869,6.67428344726622,12.0053723144542,9.82925048828213,13.3757470703137,18.0631616210954,24.0329467773459,45.4432763671916,59.9743945312536,71.5486328125,72.9674365234375,81.94615234375,65.2085986328144,70.4556298828084,72.0632275390582,53.4369238281282,42.4699902343762,42.6725634765588,1.18115310668935
"7798",0.363679237365755,6.4307287597662,6.90870849609437,12.4803186035167,10.3620178222665,13.65518310547,17.5260058593766,24.0686840820334,45.1046826171915,58.8383593750035,69.6522509765625,69.765634765625,78.1171826171875,61.2038867187518,64.9450878906212,66.993486328121,49.820761718753,40.4070458984387,39.7702026367153,1.11303413391104
"7799",0.326072158813506,6.41573425293026,6.61476989746153,12.0924877929698,9.76713745117275,12.3530346679699,15.5675134277358,21.1130224609394,41.8619628906287,56.5850048828159,68.5942724609375,68.3553515625,77.2731201171875,60.4473046875018,64.4908105468712,67.405664062496,48.6865185546904,38.9127246093761,38.7164257812466,1.18042678832998
"7800",0.34552101135257,6.54305053710996,7.0065222167975,12.7367553710949,10.3662304687509,13.0724523925793,17.1232055664078,22.9632763671895,42.9259472656288,57.1961083984409,67.893779296875,67.570068359375,75.4145166015625,58.6565576171892,61.6692626953089,65.1087011718711,47.4426953125028,37.9094482421886,39.543579101559,1.00818595886222
"7801",0.340780715942413,6.4280871582037,6.58009399414121,11.8596386718761,8.74957946777422,10.6866882324228,14.123122558595,19.1789819335955,37.6901782226596,52.3679980468781,65.999716796875,63.936650390625,74.627578125,57.4406542968767,60.0638378906215,64.7863867187462,44.6097265625027,36.7516088867198,38.9314941406216,1.6250140380858
"7802",0.374772491455112,6.21446472168024,6.33888183593807,11.668750000001,8.88684692382892,11.1021398925791,14.9134228515638,20.6025634765643,38.7863696289097,53.5203759765657,67.438291015625,65.778251953125,75.4817333984375,58.0322363281267,57.5412109374966,63.1255517578088,43.1370019531276,34.9148388671885,39.1216723632778,1.59543853759752
"7803",0.480301742553754,6.26176940918025,6.56607177734434,11.9329162597667,9.13749938964925,11.7022839355479,14.5260986328138,21.0667773437519,40.0606567382848,54.4806396484407,67.861103515625,66.75958984375,76.091787109375,57.9961621093767,55.6340673828092,61.1766552734339,41.9460449218775,35.556074218751,40.0564575195277,1.58386413574205
"7804",0.38977058410648,6.48161193847714,6.90574523925843,12.2802685546886,9.11001770019613,12.3133410644542,14.3669042968763,21.0767700195331,39.9233984375036,51.8085839843781,66.284541015625,62.419619140625,72.670791015625,55.1900000000016,50.4092724609346,56.9426806640591,39.9336303710961,33.8915600585947,38.2218774414029,1.87994461059554
"7805",0.5788802337647,6.18800476074274,6.96198486328187,12.5634399414074,8.7815118408211,12.9633520507824,15.0857727050795,20.9900268554706,39.9323364257848,53.0144189453156,66.77654296875,64.506552734375,72.90830078125,55.4647949218766,51.015888671872,57.7784765624966,39.9483569335961,34.4009057617198,39.9757910156215,1.94837463378889
"7806",0.685293502807678,6.21710510253962,7.017669677735,13.3468005371106,9.43686401367272,14.0258190917981,14.3267480468763,20.9391064453144,39.8456860351598,52.1672460937531,65.55111328125,61.78466796875,72.1065625,53.7636816406266,49.6721874999971,56.4789892578092,40.0610888671899,35.2161352539073,38.7939062499966,2.05995773315412
"7807",0.876853256225664,6.14933654785211,6.83127319335998,12.6402783203136,8.48519042968826,13.2230224609387,12.7921582031261,19.9551831054705,38.892426757816,51.338437500003,65.345390625,61.9435400390625,72.44158203125,55.3309375000016,50.4420751953095,57.9020019531216,39.3267065429711,34.7562622070323,40.0019409179653,2.13673828124981
"7808",1.18386825561534,5.82439270019583,6.69543640136779,12.0844677734386,7.49767700195379,11.6446545410167,10.7518115234385,17.1643286132828,36.1590576171907,47.4933691406278,62.763037109375,58.3250244140625,70.7142578125,54.3130029296891,48.3323535156222,59.510395507809,36.843698730471,33.1513623046885,38.0047338867154,2.67378631591773
"7809",0.970558624267665,5.87998291015677,7.02817626953188,12.4747387695324,7.41883422851629,12.1561499023448,11.6586486816417,18.6623498535173,36.0754711914095,48.0429541015653,63.4937744140625,57.877509765625,70.5339404296875,53.9807373046891,46.6644970703098,59.2891601562465,36.7125878906272,33.7292138671885,37.6093554687467,3.03431823730442
"7810",0.985521926879971,5.90737365722709,7.23124511718814,12.7647265625011,7.59079650878974,12.3970080566417,12.2889709472667,20.1090563964862,37.3801953125033,51.052109375003,65.6848046875,61.028671875,72.708193359375,55.1935156250016,49.4500146484346,60.4308496093714,38.1562597656273,35.0812377929698,38.6054614257779,2.83651214599585
"7811",0.911136932373128,6.15971801757867,7.3839739990241,13.2688525390637,8.80283203125079,13.4980895996106,13.1017504882824,22.3062329101582,40.1142724609411,55.7456591796908,69.5174072265625,67.954677734375,76.861630859375,59.1873144531267,54.6750927734343,62.5459082031213,41.0546191406275,39.4499707031262,42.5756152343713,3.02217132568333
"7812",0.923669281005942,5.90924804687553,7.31414489746159,13.0293652343762,8.68438720703202,13.551481933595,14.5967626953138,23.0688598632833,42.8612060546913,59.0047558593785,70.7595947265625,69.73611328125,78.11720703125,61.1372314453143,55.4402636718718,62.2700781249963,42.9302832031276,40.0578759765637,41.7891113281214,2.94770050048802
"7813",1.15998413085948,5.67975402832082,7.58581298828193,12.9639624023449,8.44518676757888,12.9383666992199,14.9579003906263,24.2882373046897,44.2847851562539,62.3370947265662,72.762919921875,71.962724609375,80.035576171875,64.0364746093769,58.7891748046841,65.1787597656211,45.7173925781277,40.7798559570324,42.4607714843713,2.97837646484349
"7814",1.17169570922862,5.54258789062549,7.43475097656316,12.4257482910167,7.52808349609442,11.5895434570323,13.3301013183606,22.5497705078145,44.1737792968789,63.5209472656288,74.04599609375,73.31951171875,82.181328125,67.636826171877,65.1974267578087,70.7836914062458,48.4098388671904,43.0025488281263,46.1586474609335,2.59195770263649
"7815",1.12691604614268,5.55416259765675,7.34320922851628,12.0934289550792,7.54473571777411,10.4149755859384,12.1222009277355,21.979951171877,42.1021386718788,61.9829199218787,73.3941015625,72.1722998046875,81.756240234375,67.851416015627,67.985195312496,72.6472851562457,49.323359375003,43.9524023437513,46.7401318359334,2.85828063964819
